sample_440
1.00000000 0.00155748
0.99993832 0.00157513
0.99975328 0.00162807
0.99944494 0.00171623
0.99901336 0.00183952
0.99845867 0.00199780
0.99778098 0.00219089
0.99698048 0.00241857
0.99605735 0.00268059
0.99501183 0.00297666
0.99384417 0.00330644
0.99255466 0.00366957
0.99114363 0.00406564
0.98961141 0.00449420
0.98795838 0.00495478
0.98618496 0.00544686
0.98429158 0.00596989
0.98227871 0.00652329
0.98014684 0.00710646
0.97789651 0.00771873
0.97552826 0.00835943
0.97304268 0.00902786
0.97044038 0.00972328
0.96772202 0.01044492
0.96488824 0.01119201
0.96193977 0.01196373
0.95887731 0.01275924
0.95570164 0.01357769
0.95241353 0.01441822
0.94901379 0.01527991
0.94550326 0.01616188
0.94188282 0.01706320
0.93815334 0.01798294
0.93431576 0.01892016
0.93037101 0.01987391
0.92632008 0.02084324
0.92216396 0.02182720
0.91790368 0.02282481
0.91354029 0.02383514
0.90907486 0.02485723
0.90450850 0.02589011
0.89984233 0.02693287
0.89507751 0.02798455
0.89021520 0.02904424
0.88525662 0.03011103
0.88020298 0.03118402
0.87505553 0.03226234
0.86981555 0.03334511
0.86448431 0.03443149
0.85906315 0.03552066
0.85355339 0.03661181
0.84795640 0.03770416
0.84227355 0.03879694
0.83650626 0.03988941
0.83065593 0.04098087
0.82472402 0.04207060
0.81871199 0.04315796
0.81262133 0.04424227
0.80645353 0.04532293
0.80021011 0.04639932
0.79389263 0.04747087
0.78750263 0.04853702
0.78104169 0.04959721
0.77451141 0.05065093
0.76791340 0.05169768
0.76124928 0.05273695
0.75452071 0.05376827
0.74772933 0.05479118
0.74087684 0.05580523
0.73396491 0.05680996
0.72699525 0.05780494
0.71996958 0.05878973
0.71288965 0.05976391
0.70575718 0.06072705
0.69857395 0.06167872
0.69134172 0.06261848
0.68406228 0.06354591
0.67673742 0.06446055
0.66936896 0.06536197
0.66195871 0.06624971
0.65450850 0.06712330
0.64702016 0.06798226
0.63949555 0.06882610
0.63193652 0.06965431
0.62434494 0.07046639
0.61672268 0.07126180
0.60907162 0.07204000
0.60139365 0.07280042
0.59369066 0.07354248
0.58596455 0.07426562
0.57821723 0.07496921
0.57045062 0.07565264
0.56266662 0.07631530
0.55486716 0.07695655
0.54705416 0.07757573
0.53922955 0.07817221
0.53139526 0.07874532
0.52355323 0.07929441
0.51570538 0.07981881
0.50785366 0.08031787
0.50000000 0.08079093
0.49214634 0.08123735
0.48429462 0.08165648
0.47644677 0.08204769
0.46860474 0.08241039
0.46077045 0.08274397
0.45294584 0.08304785
0.44513284 0.08332150
0.43733338 0.08356437
0.42954938 0.08377599
0.42178277 0.08395587
0.41403545 0.08410359
0.40630934 0.08421876
0.39860635 0.08430102
0.39092838 0.08435004
0.38327732 0.08436557
0.37565506 0.08434736
0.36806348 0.08429523
0.36050445 0.08420905
0.35297984 0.08408871
0.34549150 0.08393419
0.33804129 0.08374548
0.33063104 0.08352263
0.32326258 0.08326575
0.31593772 0.08297499
0.30865828 0.08265054
0.30142605 0.08229266
0.29424282 0.08190163
0.28711035 0.08147778
0.28003042 0.08102150
0.27300475 0.08053319
0.26603509 0.08001332
0.25912316 0.07946238
0.25227067 0.07888088
0.24547929 0.07826940
0.23875072 0.07762850
0.23208660 0.07695882
0.22548859 0.07626096
0.21895831 0.07553560
0.21249737 0.07478340
0.20610737 0.07400504
0.19978989 0.07320122
0.19354647 0.07237264
0.18737867 0.07151999
0.18128801 0.07064400
0.17527598 0.06974536
0.16934407 0.06882477
0.16349374 0.06788293
0.15772645 0.06692052
0.15204360 0.06593822
0.14644661 0.06493669
0.14093685 0.06391657
0.13551569 0.06287848
0.13018445 0.06182304
0.12494447 0.06075083
0.11979702 0.05966242
0.11474338 0.05855836
0.10978480 0.05743916
0.10492249 0.05630534
0.10015767 0.05515737
0.09549150 0.05399570
0.09092514 0.05282076
0.08645971 0.05163298
0.08209632 0.05043274
0.07783604 0.04922041
0.07367992 0.04799634
0.06962899 0.04676087
0.06568424 0.04551432
0.06184666 0.04425699
0.05811718 0.04298917
0.05449674 0.04171115
0.05098621 0.04042318
0.04758647 0.03912555
0.04429836 0.03781850
0.04112269 0.03650228
0.03806023 0.03517716
0.03511176 0.03384337
0.03227798 0.03250117
0.02955962 0.03115081
0.02695732 0.02979256
0.02447174 0.02842667
0.02210349 0.02705343
0.01985316 0.02567310
0.01772129 0.02428598
0.01570842 0.02289238
0.01381504 0.02149259
0.01204162 0.02008694
0.01038859 0.01867577
0.00885637 0.01725942
0.00744534 0.01583825
0.00615583 0.01441262
0.00498817 0.01298293
0.00394265 0.01154955
0.00301952 0.01011289
0.00221902 0.00867336
0.00154133 0.00723139
0.00098664 0.00578740
0.00055506 0.00434183
0.00024672 0.00289510
0.00006168 0.00144768
0.00000000 0.00000000
0.00006168 -0.00147018
0.00024672 -0.00293791
0.00055506 -0.00440074
0.00098664 -0.00585622
0.00154133 -0.00730193
0.00221902 -0.00873547
0.00301952 -0.01015448
0.00394265 -0.01155659
0.00498817 -0.01293952
0.00615583 -0.01430100
0.00744534 -0.01563882
0.00885637 -0.01695083
0.01038859 -0.01823492
0.01204162 -0.01948907
0.01381504 -0.02071131
0.01570842 -0.02189974
0.01772129 -0.02305256
0.01985316 -0.02416803
0.02210349 -0.02524451
0.02447174 -0.02628045
0.02695732 -0.02727439
0.02955962 -0.02822497
0.03227798 -0.02913092
0.03511176 -0.02999111
0.03806023 -0.03080448
0.04112269 -0.03157009
0.04429836 -0.03228713
0.04758647 -0.03295489
0.05098621 -0.03357277
0.05449674 -0.03414030
0.05811718 -0.03465713
0.06184666 -0.03512302
0.06568424 -0.03553785
0.06962899 -0.03590163
0.07367992 -0.03621447
0.07783604 -0.03647660
0.08209632 -0.03668840
0.08645971 -0.03685031
0.09092514 -0.03696292
0.09549150 -0.03702692
0.10015767 -0.03704310
0.10492249 -0.03701237
0.10978480 -0.03693571
0.11474338 -0.03681421
0.11979702 -0.03664907
0.12494447 -0.03644153
0.13018445 -0.03619297
0.13551569 -0.03590478
0.14093685 -0.03557847
0.14644661 -0.03521559
0.15204360 -0.03481776
0.15772645 -0.03438663
0.16349374 -0.03392391
0.16934407 -0.03343136
0.17527598 -0.03291073
0.18128801 -0.03236385
0.18737867 -0.03179252
0.19354647 -0.03119858
0.19978989 -0.03058387
0.20610737 -0.02995022
0.21249737 -0.02929945
0.21895831 -0.02863338
0.22548859 -0.02795380
0.23208660 -0.02726248
0.23875072 -0.02656115
0.24547929 -0.02585152
0.25227067 -0.02513524
0.25912316 -0.02441393
0.26603509 -0.02368915
0.27300475 -0.02296241
0.28003042 -0.02223518
0.28711035 -0.02150883
0.29424282 -0.02078471
0.30142605 -0.02006408
0.30865828 -0.01934815
0.31593772 -0.01863805
0.32326258 -0.01793486
0.33063104 -0.01723958
0.33804129 -0.01655314
0.34549150 -0.01587640
0.35297984 -0.01521017
0.36050445 -0.01455519
0.36806348 -0.01391211
0.37565506 -0.01328156
0.38327732 -0.01266408
0.39092838 -0.01206016
0.39860635 -0.01147024
0.40630934 -0.01089471
0.41403545 -0.01033390
0.42178277 -0.00978809
0.42954938 -0.00925754
0.43733338 -0.00874245
0.44513284 -0.00824299
0.45294584 -0.00775930
0.46077045 -0.00729148
0.46860474 -0.00683960
0.47644677 -0.00640373
0.48429462 -0.00598389
0.49214634 -0.00558009
0.50000000 -0.00519234
0.50785366 -0.00482060
0.51570538 -0.00446485
0.52355323 -0.00412505
0.53139526 -0.00380115
0.53922955 -0.00349308
0.54705416 -0.00320077
0.55486716 -0.00292416
0.56266662 -0.00266315
0.57045062 -0.00241768
0.57821723 -0.00218763
0.58596455 -0.00197291
0.59369066 -0.00177342
0.60139365 -0.00158903
0.60907162 -0.00141963
0.61672268 -0.00126506
0.62434494 -0.00112520
0.63193652 -0.00099986
0.63949555 -0.00088888
0.64702016 -0.00079205
0.65450850 -0.00070916
0.66195871 -0.00063998
0.66936896 -0.00058425
0.67673742 -0.00054167
0.68406228 -0.00051194
0.69134172 -0.00049473
0.69857395 -0.00048966
0.70575718 -0.00049633
0.71288965 -0.00051433
0.71996958 -0.00054318
0.72699525 -0.00058239
0.73396491 -0.00063144
0.74087684 -0.00068977
0.74772933 -0.00075679
0.75452071 -0.00083187
0.76124928 -0.00091436
0.76791340 -0.00100358
0.77451141 -0.00109882
0.78104169 -0.00119934
0.78750263 -0.00130440
0.79389263 -0.00141320
0.80021011 -0.00152496
0.80645353 -0.00163888
0.81262133 -0.00175413
0.81871199 -0.00186989
0.82472402 -0.00198534
0.83065593 -0.00209967
0.83650626 -0.00221205
0.84227355 -0.00232168
0.84795640 -0.00242779
0.85355339 -0.00252960
0.85906315 -0.00262639
0.86448431 -0.00271744
0.86981555 -0.00280208
0.87505553 -0.00287970
0.88020298 -0.00294969
0.88525662 -0.00301153
0.89021520 -0.00306474
0.89507751 -0.00310888
0.89984233 -0.00314359
0.90450850 -0.00316857
0.90907486 -0.00318358
0.91354029 -0.00318845
0.91790368 -0.00318308
0.92216396 -0.00316744
0.92632008 -0.00314157
0.93037101 -0.00310558
0.93431576 -0.00305967
0.93815334 -0.00300409
0.94188282 -0.00293916
0.94550326 -0.00286527
0.94901379 -0.00278290
0.95241353 -0.00269255
0.95570164 -0.00259481
0.95887731 -0.00249032
0.96193977 -0.00237977
0.96488824 -0.00226389
0.96772202 -0.00214345
0.97044038 -0.00201928
0.97304268 -0.00189221
0.97552826 -0.00176311
0.97789651 -0.00163287
0.98014684 -0.00150239
0.98227871 -0.00137256
0.98429158 -0.00124430
0.98618496 -0.00111849
0.98795838 -0.00099602
0.98961141 -0.00087775
0.99114363 -0.00076451
0.99255466 -0.00065709
0.99384417 -0.00055626
0.99501183 -0.00046273
0.99605735 -0.00037716
0.99698048 -0.00030017
0.99778098 -0.00023229
0.99845867 -0.00017401
0.99901336 -0.00012576
0.99944494 -0.00008786
0.99975328 -0.00006060
0.99993832 -0.00004416
1.00000000 -0.00003867
