sample_353
1.00000000 0.00155748
0.99993832 0.00157171
0.99975328 0.00161440
0.99944494 0.00168555
0.99901336 0.00178515
0.99845867 0.00191321
0.99778098 0.00206971
0.99698048 0.00225464
0.99605735 0.00246799
0.99501183 0.00270972
0.99384417 0.00297982
0.99255466 0.00327823
0.99114363 0.00360489
0.98961141 0.00395975
0.98795838 0.00434271
0.98618496 0.00475367
0.98429158 0.00519250
0.98227871 0.00565905
0.98014684 0.00615315
0.97789651 0.00667459
0.97552826 0.00722315
0.97304268 0.00779856
0.97044038 0.00840053
0.96772202 0.00902873
0.96488824 0.00968280
0.96193977 0.01036234
0.95887731 0.01106691
0.95570164 0.01179604
0.95241353 0.01254923
0.94901379 0.01332594
0.94550326 0.01412558
0.94188282 0.01494754
0.93815334 0.01579118
0.93431576 0.01665582
0.93037101 0.01754076
0.92632008 0.01844526
0.92216396 0.01936858
0.91790368 0.02030992
0.91354029 0.02126851
0.90907486 0.02224353
0.90450850 0.02323416
0.89984233 0.02423957
0.89507751 0.02525895
0.89021520 0.02629146
0.88525662 0.02733627
0.88020298 0.02839258
0.87505553 0.02945958
0.86981555 0.03053649
0.86448431 0.03162256
0.85906315 0.03271703
0.85355339 0.03381920
0.84795640 0.03492840
0.84227355 0.03604397
0.83650626 0.03716532
0.83065593 0.03829186
0.82472402 0.03942309
0.81871199 0.04055850
0.81262133 0.04169767
0.80645353 0.04284018
0.80021011 0.04398569
0.79389263 0.04513390
0.78750263 0.04628452
0.78104169 0.04743735
0.77451141 0.04859218
0.76791340 0.04974888
0.76124928 0.05090732
0.75452071 0.05206743
0.74772933 0.05322915
0.74087684 0.05439243
0.73396491 0.05555728
0.72699525 0.05672368
0.71996958 0.05789164
0.71288965 0.05906116
0.70575718 0.06023226
0.69857395 0.06140492
0.69134172 0.06257912
0.68406228 0.06375482
0.67673742 0.06493194
0.66936896 0.06611039
0.66195871 0.06729001
0.65450850 0.06847060
0.64702016 0.06965193
0.63949555 0.07083369
0.63193652 0.07201551
0.62434494 0.07319696
0.61672268 0.07437752
0.60907162 0.07555662
0.60139365 0.07673359
0.59369066 0.07790768
0.58596455 0.07907805
0.57821723 0.08024380
0.57045062 0.08140390
0.56266662 0.08255727
0.55486716 0.08370272
0.54705416 0.08483897
0.53922955 0.08596466
0.53139526 0.08707836
0.52355323 0.08817853
0.51570538 0.08926359
0.50785366 0.09033184
0.50000000 0.09138157
0.49214634 0.09241096
0.48429462 0.09341815
0.47644677 0.09440125
0.46860474 0.09535830
0.46077045 0.09628732
0.45294584 0.09718630
0.44513284 0.09805322
0.43733338 0.09888605
0.42954938 0.09968276
0.42178277 0.10044133
0.41403545 0.10115975
0.40630934 0.10183606
0.39860635 0.10246832
0.39092838 0.10305465
0.38327732 0.10359322
0.37565506 0.10408227
0.36806348 0.10452012
0.36050445 0.10490516
0.35297984 0.10523589
0.34549150 0.10551090
0.33804129 0.10572887
0.33063104 0.10588863
0.32326258 0.10598911
0.31593772 0.10602935
0.30865828 0.10600854
0.30142605 0.10592601
0.29424282 0.10578121
0.28711035 0.10557374
0.28003042 0.10530333
0.27300475 0.10496987
0.26603509 0.10457338
0.25912316 0.10411404
0.25227067 0.10359216
0.24547929 0.10300819
0.23875072 0.10236272
0.23208660 0.10165649
0.22548859 0.10089035
0.21895831 0.10006528
0.21249737 0.09918239
0.20610737 0.09824292
0.19978989 0.09724819
0.19354647 0.09619964
0.18737867 0.09509881
0.18128801 0.09394733
0.17527598 0.09274689
0.16934407 0.09149927
0.16349374 0.09020633
0.15772645 0.08886996
0.15204360 0.08749212
0.14644661 0.08607478
0.14093685 0.08461998
0.13551569 0.08312976
0.13018445 0.08160617
0.12494447 0.08005127
0.11979702 0.07846714
0.11474338 0.07685581
0.10978480 0.07521932
0.10492249 0.07355967
0.10015767 0.07187885
0.09549150 0.07017878
0.09092514 0.06846136
0.08645971 0.06672842
0.08209632 0.06498174
0.07783604 0.06322305
0.07367992 0.06145399
0.06962899 0.05967615
0.06568424 0.05789104
0.06184666 0.05610008
0.05811718 0.05430463
0.05449674 0.05250596
0.05098621 0.05070524
0.04758647 0.04890358
0.04429836 0.04710199
0.04112269 0.04530139
0.03806023 0.04350263
0.03511176 0.04170646
0.03227798 0.03991353
0.02955962 0.03812445
0.02695732 0.03633969
0.02447174 0.03455969
0.02210349 0.03278479
0.01985316 0.03101523
0.01772129 0.02925122
0.01570842 0.02749287
0.01381504 0.02574023
0.01204162 0.02399327
0.01038859 0.02225193
0.00885637 0.02051605
0.00744534 0.01878546
0.00615583 0.01705991
0.00498817 0.01533911
0.00394265 0.01362273
0.00301952 0.01191040
0.00221902 0.01020170
0.00154133 0.00849621
0.00098664 0.00679347
0.00055506 0.00509298
0.00024672 0.00339425
0.00006168 0.00169677
0.00000000 0.00000000
0.00006168 -0.00092554
0.00024672 -0.00184973
0.00055506 -0.00277119
0.00098664 -0.00368856
0.00154133 -0.00460048
0.00221902 -0.00550560
0.00301952 -0.00640256
0.00394265 -0.00729001
0.00498817 -0.00816663
0.00615583 -0.00903108
0.00744534 -0.00988204
0.00885637 -0.01071820
0.01038859 -0.01153827
0.01204162 -0.01234098
0.01381504 -0.01312507
0.01570842 -0.01388931
0.01772129 -0.01463249
0.01985316 -0.01535341
0.02210349 -0.01605095
0.02447174 -0.01672397
0.02695732 -0.01737140
0.02955962 -0.01799220
0.03227798 -0.01858539
0.03511176 -0.01915001
0.03806023 -0.01968519
0.04112269 -0.02019009
0.04429836 -0.02066393
0.04758647 -0.02110603
0.05098621 -0.02151573
0.05449674 -0.02189247
0.05811718 -0.02223577
0.06184666 -0.02254522
0.06568424 -0.02282048
0.06962899 -0.02306132
0.07367992 -0.02326758
0.07783604 -0.02343919
0.08209632 -0.02357618
0.08645971 -0.02367867
0.09092514 -0.02374686
0.09549150 -0.02378106
0.10015767 -0.02378167
0.10492249 -0.02374917
0.10978480 -0.02368415
0.11474338 -0.02358728
0.11979702 -0.02345932
0.12494447 -0.02330111
0.13018445 -0.02311358
0.13551569 -0.02289774
0.14093685 -0.02265467
0.14644661 -0.02238551
0.15204360 -0.02209148
0.15772645 -0.02177385
0.16349374 -0.02143395
0.16934407 -0.02107315
0.17527598 -0.02069287
0.18128801 -0.02029454
0.18737867 -0.01987966
0.19354647 -0.01944970
0.19978989 -0.01900618
0.20610737 -0.01855060
0.21249737 -0.01808447
0.21895831 -0.01760929
0.22548859 -0.01712653
0.23208660 -0.01663767
0.23875072 -0.01614411
0.24547929 -0.01564724
0.25227067 -0.01514842
0.25912316 -0.01464892
0.26603509 -0.01415000
0.27300475 -0.01365281
0.28003042 -0.01315848
0.28711035 -0.01266804
0.29424282 -0.01218247
0.30142605 -0.01170265
0.30865828 -0.01122940
0.31593772 -0.01076345
0.32326258 -0.01030545
0.33063104 -0.00985598
0.33804129 -0.00941551
0.34549150 -0.00898447
0.35297984 -0.00856316
0.36050445 -0.00815184
0.36806348 -0.00775069
0.37565506 -0.00735980
0.38327732 -0.00697920
0.39092838 -0.00660887
0.39860635 -0.00624870
0.40630934 -0.00589854
0.41403545 -0.00555819
0.42178277 -0.00522741
0.42954938 -0.00490590
0.43733338 -0.00459336
0.44513284 -0.00428941
0.45294584 -0.00399371
0.46077045 -0.00370585
0.46860474 -0.00342545
0.47644677 -0.00315209
0.48429462 -0.00288540
0.49214634 -0.00262496
0.50000000 -0.00237041
0.50785366 -0.00212139
0.51570538 -0.00187755
0.52355323 -0.00163859
0.53139526 -0.00140422
0.53922955 -0.00117420
0.54705416 -0.00094832
0.55486716 -0.00072641
0.56266662 -0.00050833
0.57045062 -0.00029401
0.57821723 -0.00008340
0.58596455 0.00012351
0.59369066 0.00032666
0.60139365 0.00052598
0.60907162 0.00072133
0.61672268 0.00091256
0.62434494 0.00109945
0.63193652 0.00128178
0.63949555 0.00145926
0.64702016 0.00163162
0.65450850 0.00179853
0.66195871 0.00195965
0.66936896 0.00211462
0.67673742 0.00226310
0.68406228 0.00240470
0.69134172 0.00253906
0.69857395 0.00266581
0.70575718 0.00278460
0.71288965 0.00289508
0.71996958 0.00299694
0.72699525 0.00308986
0.73396491 0.00317357
0.74087684 0.00324784
0.74772933 0.00331245
0.75452071 0.00336724
0.76124928 0.00341208
0.76791340 0.00344688
0.77451141 0.00347160
0.78104169 0.00348627
0.78750263 0.00349093
0.79389263 0.00348570
0.80021011 0.00347073
0.80645353 0.00344624
0.81262133 0.00341249
0.81871199 0.00336977
0.82472402 0.00331845
0.83065593 0.00325892
0.83650626 0.00319161
0.84227355 0.00311702
0.84795640 0.00303564
0.85355339 0.00294802
0.85906315 0.00285473
0.86448431 0.00275637
0.86981555 0.00265355
0.87505553 0.00254689
0.88020298 0.00243704
0.88525662 0.00232463
0.89021520 0.00221030
0.89507751 0.00209469
0.89984233 0.00197842
0.90450850 0.00186211
0.90907486 0.00174634
0.91354029 0.00163169
0.91790368 0.00151869
0.92216396 0.00140786
0.92632008 0.00129966
0.93037101 0.00119454
0.93431576 0.00109290
0.93815334 0.00099508
0.94188282 0.00090141
0.94550326 0.00081214
0.94901379 0.00072750
0.95241353 0.00064767
0.95570164 0.00057275
0.95887731 0.00050285
0.96193977 0.00043799
0.96488824 0.00037817
0.96772202 0.00032333
0.97044038 0.00027339
0.97304268 0.00022823
0.97552826 0.00018767
0.97789651 0.00015154
0.98014684 0.00011962
0.98227871 0.00009166
0.98429158 0.00006740
0.98618496 0.00004658
0.98795838 0.00002891
0.98961141 0.00001410
0.99114363 0.00000184
0.99255466 -0.00000815
0.99384417 -0.00001615
0.99501183 -0.00002245
0.99605735 -0.00002730
0.99698048 -0.00003096
0.99778098 -0.00003365
0.99845867 -0.00003556
0.99901336 -0.00003688
0.99944494 -0.00003775
0.99975328 -0.00003829
0.99993832 -0.00003858
1.00000000 -0.00003867
