sample_262
1.00000000 0.00155748
0.99993832 0.00157477
0.99975328 0.00162666
0.99944494 0.00171314
0.99901336 0.00183423
0.99845867 0.00198994
0.99778098 0.00218027
0.99698048 0.00240523
0.99605735 0.00266483
0.99501183 0.00295908
0.99384417 0.00328795
0.99255466 0.00365143
0.99114363 0.00404947
0.98961141 0.00448203
0.98795838 0.00494902
0.98618496 0.00545034
0.98429158 0.00598585
0.98227871 0.00655538
0.98014684 0.00715872
0.97789651 0.00779563
0.97552826 0.00846581
0.97304268 0.00916892
0.97044038 0.00990458
0.96772202 0.01067233
0.96488824 0.01147168
0.96193977 0.01230206
0.95887731 0.01316288
0.95570164 0.01405345
0.95241353 0.01497303
0.94901379 0.01592083
0.94550326 0.01689601
0.94188282 0.01789763
0.93815334 0.01892475
0.93431576 0.01997632
0.93037101 0.02105129
0.92632008 0.02214851
0.92216396 0.02326682
0.91790368 0.02440501
0.91354029 0.02556182
0.90907486 0.02673599
0.90450850 0.02792619
0.89984233 0.02913111
0.89507751 0.03034939
0.89021520 0.03157968
0.88525662 0.03282062
0.88020298 0.03407086
0.87505553 0.03532905
0.86981555 0.03659385
0.86448431 0.03786396
0.85906315 0.03913809
0.85355339 0.04041498
0.84795640 0.04169343
0.84227355 0.04297227
0.83650626 0.04425035
0.83065593 0.04552663
0.82472402 0.04680007
0.81871199 0.04806972
0.81262133 0.04933469
0.80645353 0.05059413
0.80021011 0.05184729
0.79389263 0.05309346
0.78750263 0.05433200
0.78104169 0.05556234
0.77451141 0.05678397
0.76791340 0.05799646
0.76124928 0.05919940
0.75452071 0.06039248
0.74772933 0.06157542
0.74087684 0.06274799
0.73396491 0.06391000
0.72699525 0.06506132
0.71996958 0.06620183
0.71288965 0.06733144
0.70575718 0.06845010
0.69857395 0.06955773
0.69134172 0.07065432
0.68406228 0.07173979
0.67673742 0.07281411
0.66936896 0.07387720
0.66195871 0.07492898
0.65450850 0.07596932
0.64702016 0.07699807
0.63949555 0.07801503
0.63193652 0.07901997
0.62434494 0.08001259
0.61672268 0.08099252
0.60907162 0.08195937
0.60139365 0.08291263
0.59369066 0.08385177
0.58596455 0.08477615
0.57821723 0.08568508
0.57045062 0.08657779
0.56266662 0.08745341
0.55486716 0.08831104
0.54705416 0.08914967
0.53922955 0.08996823
0.53139526 0.09076558
0.52355323 0.09154052
0.51570538 0.09229179
0.50785366 0.09301806
0.50000000 0.09371798
0.49214634 0.09439011
0.48429462 0.09503303
0.47644677 0.09564524
0.46860474 0.09622525
0.46077045 0.09677155
0.45294584 0.09728262
0.44513284 0.09775696
0.43733338 0.09819307
0.42954938 0.09858949
0.42178277 0.09894478
0.41403545 0.09925754
0.40630934 0.09952644
0.39860635 0.09975019
0.39092838 0.09992760
0.38327732 0.10005753
0.37565506 0.10013894
0.36806348 0.10017087
0.36050445 0.10015250
0.35297984 0.10008306
0.34549150 0.09996195
0.33804129 0.09978865
0.33063104 0.09956278
0.32326258 0.09928408
0.31593772 0.09895242
0.30865828 0.09856781
0.30142605 0.09813037
0.29424282 0.09764037
0.28711035 0.09709821
0.28003042 0.09650441
0.27300475 0.09585963
0.26603509 0.09516463
0.25912316 0.09442032
0.25227067 0.09362770
0.24547929 0.09278789
0.23875072 0.09190211
0.23208660 0.09097169
0.22548859 0.08999802
0.21895831 0.08898260
0.21249737 0.08792699
0.20610737 0.08683280
0.19978989 0.08570173
0.19354647 0.08453550
0.18737867 0.08333586
0.18128801 0.08210462
0.17527598 0.08084359
0.16934407 0.07955457
0.16349374 0.07823941
0.15772645 0.07689990
0.15204360 0.07553784
0.14644661 0.07415500
0.14093685 0.07275313
0.13551569 0.07133392
0.13018445 0.06989902
0.12494447 0.06845003
0.11979702 0.06698849
0.11474338 0.06551587
0.10978480 0.06403360
0.10492249 0.06254299
0.10015767 0.06104532
0.09549150 0.05954176
0.09092514 0.05803343
0.08645971 0.05652134
0.08209632 0.05500644
0.07783604 0.05348960
0.07367992 0.05197159
0.06962899 0.05045312
0.06568424 0.04893482
0.06184666 0.04741723
0.05811718 0.04590085
0.05449674 0.04438607
0.05098621 0.04287324
0.04758647 0.04136265
0.04429836 0.03985452
0.04112269 0.03834902
0.03806023 0.03684628
0.03511176 0.03534638
0.03227798 0.03384934
0.02955962 0.03235518
0.02695732 0.03086386
0.02447174 0.02937532
0.02210349 0.02788948
0.01985316 0.02640625
0.01772129 0.02492551
0.01570842 0.02344713
0.01381504 0.02197097
0.01204162 0.02049689
0.01038859 0.01902475
0.00885637 0.01755440
0.00744534 0.01608569
0.00615583 0.01461847
0.00498817 0.01315261
0.00394265 0.01168797
0.00301952 0.01022442
0.00221902 0.00876183
0.00154133 0.00730008
0.00098664 0.00583906
0.00055506 0.00437864
0.00024672 0.00291873
0.00006168 0.00145922
0.00000000 0.00000000
0.00006168 -0.00124807
0.00024672 -0.00249489
0.00055506 -0.00373920
0.00098664 -0.00497975
0.00154133 -0.00621527
0.00221902 -0.00744449
0.00301952 -0.00866613
0.00394265 -0.00987890
0.00498817 -0.01108151
0.00615583 -0.01227263
0.00744534 -0.01345096
0.00885637 -0.01461516
0.01038859 -0.01576389
0.01204162 -0.01689580
0.01381504 -0.01800954
0.01570842 -0.01910374
0.01772129 -0.02017704
0.01985316 -0.02122807
0.02210349 -0.02225547
0.02447174 -0.02325789
0.02695732 -0.02423399
0.02955962 -0.02518243
0.03227798 -0.02610190
0.03511176 -0.02699113
0.03806023 -0.02784887
0.04112269 -0.02867389
0.04429836 -0.02946504
0.04758647 -0.03022117
0.05098621 -0.03094124
0.05449674 -0.03162423
0.05811718 -0.03226920
0.06184666 -0.03287529
0.06568424 -0.03344171
0.06962899 -0.03396775
0.07367992 -0.03445281
0.07783604 -0.03489638
0.08209632 -0.03529802
0.08645971 -0.03565744
0.09092514 -0.03597442
0.09549150 -0.03624888
0.10015767 -0.03648084
0.10492249 -0.03667044
0.10978480 -0.03681792
0.11474338 -0.03692367
0.11979702 -0.03698817
0.12494447 -0.03701204
0.13018445 -0.03699600
0.13551569 -0.03694088
0.14093685 -0.03684764
0.14644661 -0.03671734
0.15204360 -0.03655113
0.15772645 -0.03635028
0.16349374 -0.03611613
0.16934407 -0.03585011
0.17527598 -0.03555375
0.18128801 -0.03522863
0.18737867 -0.03487641
0.19354647 -0.03449878
0.19978989 -0.03409750
0.20610737 -0.03367436
0.21249737 -0.03323118
0.21895831 -0.03276980
0.22548859 -0.03229207
0.23208660 -0.03179984
0.23875072 -0.03129493
0.24547929 -0.03077918
0.25227067 -0.03025438
0.25912316 -0.02972228
0.26603509 -0.02918460
0.27300475 -0.02864298
0.28003042 -0.02809903
0.28711035 -0.02755427
0.29424282 -0.02701015
0.30142605 -0.02646805
0.30865828 -0.02592925
0.31593772 -0.02539495
0.32326258 -0.02486623
0.33063104 -0.02434410
0.33804129 -0.02382946
0.34549150 -0.02332310
0.35297984 -0.02282572
0.36050445 -0.02233790
0.36806348 -0.02186012
0.37565506 -0.02139278
0.38327732 -0.02093616
0.39092838 -0.02049044
0.39860635 -0.02005571
0.40630934 -0.01963199
0.41403545 -0.01921920
0.42178277 -0.01881717
0.42954938 -0.01842568
0.43733338 -0.01804442
0.44513284 -0.01767304
0.45294584 -0.01731113
0.46077045 -0.01695822
0.46860474 -0.01661382
0.47644677 -0.01627741
0.48429462 -0.01594841
0.49214634 -0.01562627
0.50000000 -0.01531039
0.50785366 -0.01500020
0.51570538 -0.01469511
0.52355323 -0.01439455
0.53139526 -0.01409798
0.53922955 -0.01380484
0.54705416 -0.01351466
0.55486716 -0.01322694
0.56266662 -0.01294127
0.57045062 -0.01265724
0.57821723 -0.01237451
0.58596455 -0.01209279
0.59369066 -0.01181182
0.60139365 -0.01153140
0.60907162 -0.01125138
0.61672268 -0.01097167
0.62434494 -0.01069223
0.63193652 -0.01041306
0.63949555 -0.01013422
0.64702016 -0.00985581
0.65450850 -0.00957798
0.66195871 -0.00930093
0.66936896 -0.00902488
0.67673742 -0.00875011
0.68406228 -0.00847691
0.69134172 -0.00820559
0.69857395 -0.00793652
0.70575718 -0.00767005
0.71288965 -0.00740657
0.71996958 -0.00714644
0.72699525 -0.00689008
0.73396491 -0.00663785
0.74087684 -0.00639014
0.74772933 -0.00614733
0.75452071 -0.00590976
0.76124928 -0.00567777
0.76791340 -0.00545168
0.77451141 -0.00523176
0.78104169 -0.00501827
0.78750263 -0.00481144
0.79389263 -0.00461145
0.80021011 -0.00441845
0.80645353 -0.00423256
0.81262133 -0.00405385
0.81871199 -0.00388235
0.82472402 -0.00371805
0.83065593 -0.00356091
0.83650626 -0.00341085
0.84227355 -0.00326774
0.84795640 -0.00313142
0.85355339 -0.00300170
0.85906315 -0.00287836
0.86448431 -0.00276115
0.86981555 -0.00264978
0.87505553 -0.00254396
0.88020298 -0.00244337
0.88525662 -0.00234767
0.89021520 -0.00225652
0.89507751 -0.00216956
0.89984233 -0.00208644
0.90450850 -0.00200681
0.90907486 -0.00193030
0.91354029 -0.00185658
0.91790368 -0.00178531
0.92216396 -0.00171617
0.92632008 -0.00164886
0.93037101 -0.00158310
0.93431576 -0.00151864
0.93815334 -0.00145525
0.94188282 -0.00139271
0.94550326 -0.00133087
0.94901379 -0.00126958
0.95241353 -0.00120873
0.95570164 -0.00114824
0.95887731 -0.00108806
0.96193977 -0.00102820
0.96488824 -0.00096865
0.96772202 -0.00090948
0.97044038 -0.00085075
0.97304268 -0.00079259
0.97552826 -0.00073511
0.97789651 -0.00067848
0.98014684 -0.00062286
0.98227871 -0.00056846
0.98429158 -0.00051548
0.98618496 -0.00046413
0.98795838 -0.00041465
0.98961141 -0.00036728
0.99114363 -0.00032223
0.99255466 -0.00027976
0.99384417 -0.00024009
0.99501183 -0.00020344
0.99605735 -0.00017003
0.99698048 -0.00014004
0.99778098 -0.00011366
0.99845867 -0.00009105
0.99901336 -0.00007236
0.99944494 -0.00005769
0.99975328 -0.00004715
0.99993832 -0.00004079
1.00000000 -0.00003867
