sample_668
1.00000000 0.00155748
0.99993832 0.00157123
0.99975328 0.00161249
0.99944494 0.00168132
0.99901336 0.00177779
0.99845867 0.00190201
0.99778098 0.00205414
0.99698048 0.00223432
0.99605735 0.00244275
0.99501183 0.00267963
0.99384417 0.00294519
0.99255466 0.00323965
0.99114363 0.00356326
0.98961141 0.00391625
0.98795838 0.00429885
0.98618496 0.00471129
0.98429158 0.00515376
0.98227871 0.00562646
0.98014684 0.00612953
0.97789651 0.00666310
0.97552826 0.00722724
0.97304268 0.00782200
0.97044038 0.00844736
0.96772202 0.00910325
0.96488824 0.00978954
0.96193977 0.01050603
0.95887731 0.01125248
0.95570164 0.01202854
0.95241353 0.01283382
0.94901379 0.01366783
0.94550326 0.01453002
0.94188282 0.01541975
0.93815334 0.01633631
0.93431576 0.01727892
0.93037101 0.01824670
0.92632008 0.01923872
0.92216396 0.02025397
0.91790368 0.02129136
0.91354029 0.02234974
0.90907486 0.02342792
0.90450850 0.02452462
0.89984233 0.02563853
0.89507751 0.02676829
0.89021520 0.02791251
0.88525662 0.02906975
0.88020298 0.03023854
0.87505553 0.03141743
0.86981555 0.03260491
0.86448431 0.03379951
0.85906315 0.03499972
0.85355339 0.03620408
0.84795640 0.03741112
0.84227355 0.03861942
0.83650626 0.03982756
0.83065593 0.04103420
0.82472402 0.04223801
0.81871199 0.04343772
0.81262133 0.04463214
0.80645353 0.04582011
0.80021011 0.04700055
0.79389263 0.04817246
0.78750263 0.04933490
0.78104169 0.05048700
0.77451141 0.05162799
0.76791340 0.05275716
0.76124928 0.05387389
0.75452071 0.05497763
0.74772933 0.05606792
0.74087684 0.05714438
0.73396491 0.05820669
0.72699525 0.05925461
0.71996958 0.06028797
0.71288965 0.06130666
0.70575718 0.06231064
0.69857395 0.06329991
0.69134172 0.06427454
0.68406228 0.06523462
0.67673742 0.06618030
0.66936896 0.06711174
0.66195871 0.06802914
0.65450850 0.06893270
0.64702016 0.06982265
0.63949555 0.07069922
0.63193652 0.07156261
0.62434494 0.07241303
0.61672268 0.07325069
0.60907162 0.07407573
0.60139365 0.07488830
0.59369066 0.07568850
0.58596455 0.07647638
0.57821723 0.07725194
0.57045062 0.07801516
0.56266662 0.07876592
0.55486716 0.07950408
0.54705416 0.08022941
0.53922955 0.08094164
0.53139526 0.08164041
0.52355323 0.08232531
0.51570538 0.08299587
0.50785366 0.08365153
0.50000000 0.08429169
0.49214634 0.08491566
0.48429462 0.08552272
0.47644677 0.08611208
0.46860474 0.08668288
0.46077045 0.08723423
0.45294584 0.08776519
0.44513284 0.08827477
0.43733338 0.08876195
0.42954938 0.08922569
0.42178277 0.08966491
0.41403545 0.09007854
0.40630934 0.09046545
0.39860635 0.09082456
0.39092838 0.09115477
0.38327732 0.09145498
0.37565506 0.09172412
0.36806348 0.09196113
0.36050445 0.09216500
0.35297984 0.09233473
0.34549150 0.09246938
0.33804129 0.09256805
0.33063104 0.09262990
0.32326258 0.09265412
0.31593772 0.09264000
0.30865828 0.09258686
0.30142605 0.09249411
0.29424282 0.09236123
0.28711035 0.09218776
0.28003042 0.09197334
0.27300475 0.09171765
0.26603509 0.09142049
0.25912316 0.09108171
0.25227067 0.09070125
0.24547929 0.09027912
0.23875072 0.08981540
0.23208660 0.08931026
0.22548859 0.08876394
0.21895831 0.08817673
0.21249737 0.08754900
0.20610737 0.08688118
0.19978989 0.08617376
0.19354647 0.08542728
0.18737867 0.08464234
0.18128801 0.08381956
0.17527598 0.08295964
0.16934407 0.08206328
0.16349374 0.08113123
0.15772645 0.08016426
0.15204360 0.07916318
0.14644661 0.07812880
0.14093685 0.07706194
0.13551569 0.07596345
0.13018445 0.07483415
0.12494447 0.07367491
0.11979702 0.07248655
0.11474338 0.07126991
0.10978480 0.07002583
0.10492249 0.06875511
0.10015767 0.06745856
0.09549150 0.06613697
0.09092514 0.06479110
0.08645971 0.06342171
0.08209632 0.06202953
0.07783604 0.06061527
0.07367992 0.05917963
0.06962899 0.05772327
0.06568424 0.05624686
0.06184666 0.05475102
0.05811718 0.05323637
0.05449674 0.05170351
0.05098621 0.05015303
0.04758647 0.04858549
0.04429836 0.04700145
0.04112269 0.04540147
0.03806023 0.04378608
0.03511176 0.04215581
0.03227798 0.04051120
0.02955962 0.03885277
0.02695732 0.03718103
0.02447174 0.03549653
0.02210349 0.03379979
0.01985316 0.03209135
0.01772129 0.03037174
0.01570842 0.02864151
0.01381504 0.02690121
0.01204162 0.02515143
0.01038859 0.02339272
0.00885637 0.02162568
0.00744534 0.01985091
0.00615583 0.01806902
0.00498817 0.01628062
0.00394265 0.01448635
0.00301952 0.01268686
0.00221902 0.01088280
0.00154133 0.00907483
0.00098664 0.00726361
0.00055506 0.00544984
0.00024672 0.00363419
0.00006168 0.00181734
0.00000000 0.00000000
0.00006168 -0.00114467
0.00024672 -0.00228773
0.00055506 -0.00342757
0.00098664 -0.00456257
0.00154133 -0.00569114
0.00221902 -0.00681172
0.00301952 -0.00792275
0.00394265 -0.00902269
0.00498817 -0.01011007
0.00615583 -0.01118340
0.00744534 -0.01224128
0.00885637 -0.01328231
0.01038859 -0.01430515
0.01204162 -0.01530852
0.01381504 -0.01629118
0.01570842 -0.01725194
0.01772129 -0.01818968
0.01985316 -0.01910332
0.02210349 -0.01999188
0.02447174 -0.02085440
0.02695732 -0.02169002
0.02955962 -0.02249793
0.03227798 -0.02327738
0.03511176 -0.02402773
0.03806023 -0.02474838
0.04112269 -0.02543880
0.04429836 -0.02609854
0.04758647 -0.02672724
0.05098621 -0.02732458
0.05449674 -0.02789034
0.05811718 -0.02842436
0.06184666 -0.02892655
0.06568424 -0.02939689
0.06962899 -0.02983544
0.07367992 -0.03024230
0.07783604 -0.03061766
0.08209632 -0.03096177
0.08645971 -0.03127494
0.09092514 -0.03155751
0.09549150 -0.03180993
0.10015767 -0.03203265
0.10492249 -0.03222621
0.10978480 -0.03239118
0.11474338 -0.03252816
0.11979702 -0.03263783
0.12494447 -0.03272087
0.13018445 -0.03277801
0.13551569 -0.03281001
0.14093685 -0.03281766
0.14644661 -0.03280178
0.15204360 -0.03276319
0.15772645 -0.03270274
0.16349374 -0.03262129
0.16934407 -0.03251973
0.17527598 -0.03239892
0.18128801 -0.03225975
0.18737867 -0.03210311
0.19354647 -0.03192987
0.19978989 -0.03174090
0.20610737 -0.03153708
0.21249737 -0.03131925
0.21895831 -0.03108826
0.22548859 -0.03084492
0.23208660 -0.03059004
0.23875072 -0.03032440
0.24547929 -0.03004876
0.25227067 -0.02976386
0.25912316 -0.02947039
0.26603509 -0.02916905
0.27300475 -0.02886047
0.28003042 -0.02854528
0.28711035 -0.02822408
0.29424282 -0.02789740
0.30142605 -0.02756579
0.30865828 -0.02722974
0.31593772 -0.02688970
0.32326258 -0.02654611
0.33063104 -0.02619937
0.33804129 -0.02584984
0.34549150 -0.02549786
0.35297984 -0.02514374
0.36050445 -0.02478776
0.36806348 -0.02443017
0.37565506 -0.02407120
0.38327732 -0.02371104
0.39092838 -0.02334988
0.39860635 -0.02298787
0.40630934 -0.02262514
0.41403545 -0.02226183
0.42178277 -0.02189802
0.42954938 -0.02153381
0.43733338 -0.02116926
0.44513284 -0.02080445
0.45294584 -0.02043942
0.46077045 -0.02007421
0.46860474 -0.01970888
0.47644677 -0.01934345
0.48429462 -0.01897796
0.49214634 -0.01861243
0.50000000 -0.01824691
0.50785366 -0.01788143
0.51570538 -0.01751602
0.52355323 -0.01715073
0.53139526 -0.01678561
0.53922955 -0.01642072
0.54705416 -0.01605611
0.55486716 -0.01569187
0.56266662 -0.01532808
0.57045062 -0.01496483
0.57821723 -0.01460222
0.58596455 -0.01424037
0.59369066 -0.01387940
0.60139365 -0.01351946
0.60907162 -0.01316069
0.61672268 -0.01280324
0.62434494 -0.01244729
0.63193652 -0.01209302
0.63949555 -0.01174062
0.64702016 -0.01139029
0.65450850 -0.01104222
0.66195871 -0.01069665
0.66936896 -0.01035379
0.67673742 -0.01001386
0.68406228 -0.00967711
0.69134172 -0.00934376
0.69857395 -0.00901405
0.70575718 -0.00868823
0.71288965 -0.00836654
0.71996958 -0.00804920
0.72699525 -0.00773648
0.73396491 -0.00742858
0.74087684 -0.00712576
0.74772933 -0.00682822
0.75452071 -0.00653620
0.76124928 -0.00624989
0.76791340 -0.00596951
0.77451141 -0.00569524
0.78104169 -0.00542726
0.78750263 -0.00516574
0.79389263 -0.00491085
0.80021011 -0.00466272
0.80645353 -0.00442148
0.81262133 -0.00418725
0.81871199 -0.00396013
0.82472402 -0.00374020
0.83065593 -0.00352754
0.83650626 -0.00332220
0.84227355 -0.00312421
0.84795640 -0.00293360
0.85355339 -0.00275036
0.85906315 -0.00257450
0.86448431 -0.00240598
0.86981555 -0.00224476
0.87505553 -0.00209079
0.88020298 -0.00194398
0.88525662 -0.00180426
0.89021520 -0.00167152
0.89507751 -0.00154565
0.89984233 -0.00142651
0.90450850 -0.00131398
0.90907486 -0.00120789
0.91354029 -0.00110809
0.91790368 -0.00101442
0.92216396 -0.00092668
0.92632008 -0.00084469
0.93037101 -0.00076826
0.93431576 -0.00069718
0.93815334 -0.00063126
0.94188282 -0.00057027
0.94550326 -0.00051401
0.94901379 -0.00046225
0.95241353 -0.00041479
0.95570164 -0.00037140
0.95887731 -0.00033185
0.96193977 -0.00029595
0.96488824 -0.00026346
0.96772202 -0.00023417
0.97044038 -0.00020787
0.97304268 -0.00018436
0.97552826 -0.00016342
0.97789651 -0.00014487
0.98014684 -0.00012852
0.98227871 -0.00011417
0.98429158 -0.00010164
0.98618496 -0.00009078
0.98795838 -0.00008141
0.98961141 -0.00007339
0.99114363 -0.00006656
0.99255466 -0.00006079
0.99384417 -0.00005596
0.99501183 -0.00005194
0.99605735 -0.00004864
0.99698048 -0.00004595
0.99778098 -0.00004380
0.99845867 -0.00004210
0.99901336 -0.00004079
0.99944494 -0.00003983
0.99975328 -0.00003918
0.99993832 -0.00003880
1.00000000 -0.00003867
