sample_1227
1.00000000 0.00155748
0.99993832 0.00156952
0.99975328 0.00160568
0.99944494 0.00166604
0.99901336 0.00175075
0.99845867 0.00186000
0.99778098 0.00199404
0.99698048 0.00215316
0.99605735 0.00233773
0.99501183 0.00254812
0.99384417 0.00278477
0.99255466 0.00304813
0.99114363 0.00333870
0.98961141 0.00365699
0.98795838 0.00400353
0.98618496 0.00437887
0.98429158 0.00478356
0.98227871 0.00521814
0.98014684 0.00568315
0.97789651 0.00617912
0.97552826 0.00670654
0.97304268 0.00726590
0.97044038 0.00785763
0.96772202 0.00848212
0.96488824 0.00913974
0.96193977 0.00983078
0.95887731 0.01055547
0.95570164 0.01131398
0.95241353 0.01210643
0.94901379 0.01293284
0.94550326 0.01379315
0.94188282 0.01468724
0.93815334 0.01561489
0.93431576 0.01657579
0.93037101 0.01756956
0.92632008 0.01859570
0.92216396 0.01965363
0.91790368 0.02074269
0.91354029 0.02186212
0.90907486 0.02301105
0.90450850 0.02418856
0.89984233 0.02539361
0.89507751 0.02662509
0.89021520 0.02788181
0.88525662 0.02916248
0.88020298 0.03046578
0.87505553 0.03179027
0.86981555 0.03313448
0.86448431 0.03449688
0.85906315 0.03587587
0.85355339 0.03726981
0.84795640 0.03867704
0.84227355 0.04009582
0.83650626 0.04152443
0.83065593 0.04296110
0.82472402 0.04440404
0.81871199 0.04585148
0.81262133 0.04730163
0.80645353 0.04875269
0.80021011 0.05020290
0.79389263 0.05165049
0.78750263 0.05309374
0.78104169 0.05453093
0.77451141 0.05596039
0.76791340 0.05738048
0.76124928 0.05878961
0.75452071 0.06018624
0.74772933 0.06156885
0.74087684 0.06293601
0.73396491 0.06428633
0.72699525 0.06561849
0.71996958 0.06693120
0.71288965 0.06822326
0.70575718 0.06949353
0.69857395 0.07074093
0.69134172 0.07196443
0.68406228 0.07316309
0.67673742 0.07433600
0.66936896 0.07548234
0.66195871 0.07660133
0.65450850 0.07769225
0.64702016 0.07875445
0.63949555 0.07978732
0.63193652 0.08079030
0.62434494 0.08176288
0.61672268 0.08270460
0.60907162 0.08361503
0.60139365 0.08449377
0.59369066 0.08534049
0.58596455 0.08615486
0.57821723 0.08693657
0.57045062 0.08768537
0.56266662 0.08840099
0.55486716 0.08908321
0.54705416 0.08973180
0.53922955 0.09034656
0.53139526 0.09092729
0.52355323 0.09147380
0.51570538 0.09198589
0.50785366 0.09246339
0.50000000 0.09290610
0.49214634 0.09331384
0.48429462 0.09368642
0.47644677 0.09402365
0.46860474 0.09432534
0.46077045 0.09459129
0.45294584 0.09482129
0.44513284 0.09501515
0.43733338 0.09517266
0.42954938 0.09529362
0.42178277 0.09537782
0.41403545 0.09542506
0.40630934 0.09543514
0.39860635 0.09540788
0.39092838 0.09534309
0.38327732 0.09524060
0.37565506 0.09510025
0.36806348 0.09492190
0.36050445 0.09470543
0.35297984 0.09445074
0.34549150 0.09415775
0.33804129 0.09382643
0.33063104 0.09345674
0.32326258 0.09304871
0.31593772 0.09260239
0.30865828 0.09211786
0.30142605 0.09159527
0.29424282 0.09103479
0.28711035 0.09043663
0.28003042 0.08980106
0.27300475 0.08912840
0.26603509 0.08841902
0.25912316 0.08767333
0.25227067 0.08689179
0.24547929 0.08607494
0.23875072 0.08522334
0.23208660 0.08433761
0.22548859 0.08341844
0.21895831 0.08246656
0.21249737 0.08148273
0.20610737 0.08046780
0.19978989 0.07942263
0.19354647 0.07834815
0.18737867 0.07724532
0.18128801 0.07611514
0.17527598 0.07495866
0.16934407 0.07377696
0.16349374 0.07257113
0.15772645 0.07134233
0.15204360 0.07009170
0.14644661 0.06882044
0.14093685 0.06752975
0.13551569 0.06622084
0.13018445 0.06489493
0.12494447 0.06355325
0.11979702 0.06219704
0.11474338 0.06082751
0.10978480 0.05944589
0.10492249 0.05805338
0.10015767 0.05665118
0.09549150 0.05524046
0.09092514 0.05382236
0.08645971 0.05239802
0.08209632 0.05096851
0.07783604 0.04953490
0.07367992 0.04809821
0.06962899 0.04665941
0.06568424 0.04521943
0.06184666 0.04377918
0.05811718 0.04233948
0.05449674 0.04090112
0.05098621 0.03946485
0.04758647 0.03803133
0.04429836 0.03660119
0.04112269 0.03517501
0.03806023 0.03375328
0.03511176 0.03233646
0.03227798 0.03092494
0.02955962 0.02951905
0.02695732 0.02811907
0.02447174 0.02672519
0.02210349 0.02533759
0.01985316 0.02395635
0.01772129 0.02258152
0.01570842 0.02121308
0.01381504 0.01985098
0.01204162 0.01849509
0.01038859 0.01714524
0.00885637 0.01580124
0.00744534 0.01446281
0.00615583 0.01312967
0.00498817 0.01180147
0.00394265 0.01047785
0.00301952 0.00915841
0.00221902 0.00784270
0.00154133 0.00653028
0.00098664 0.00522066
0.00055506 0.00391334
0.00024672 0.00260781
0.00006168 0.00130354
0.00000000 0.00000000
0.00006168 -0.00124332
0.00024672 -0.00248440
0.00055506 -0.00372102
0.00098664 -0.00495097
0.00154133 -0.00617204
0.00221902 -0.00738209
0.00301952 -0.00857896
0.00394265 -0.00976059
0.00498817 -0.01092492
0.00615583 -0.01206997
0.00744534 -0.01319382
0.00885637 -0.01429461
0.01038859 -0.01537056
0.01204162 -0.01641995
0.01381504 -0.01744118
0.01570842 -0.01843269
0.01772129 -0.01939304
0.01985316 -0.02032090
0.02210349 -0.02121499
0.02447174 -0.02207419
0.02695732 -0.02289745
0.02955962 -0.02368383
0.03227798 -0.02443251
0.03511176 -0.02514277
0.03806023 -0.02581403
0.04112269 -0.02644578
0.04429836 -0.02703766
0.04758647 -0.02758940
0.05098621 -0.02810086
0.05449674 -0.02857200
0.05811718 -0.02900288
0.06184666 -0.02939370
0.06568424 -0.02974472
0.06962899 -0.03005635
0.07367992 -0.03032907
0.07783604 -0.03056347
0.08209632 -0.03076021
0.08645971 -0.03092008
0.09092514 -0.03104391
0.09549150 -0.03113264
0.10015767 -0.03118727
0.10492249 -0.03120889
0.10978480 -0.03119862
0.11474338 -0.03115767
0.11979702 -0.03108728
0.12494447 -0.03098877
0.13018445 -0.03086347
0.13551569 -0.03071275
0.14093685 -0.03053804
0.14644661 -0.03034076
0.15204360 -0.03012236
0.15772645 -0.02988430
0.16349374 -0.02962807
0.16934407 -0.02935512
0.17527598 -0.02906694
0.18128801 -0.02876497
0.18737867 -0.02845066
0.19354647 -0.02812543
0.19978989 -0.02779069
0.20610737 -0.02744779
0.21249737 -0.02709808
0.21895831 -0.02674284
0.22548859 -0.02638335
0.23208660 -0.02602079
0.23875072 -0.02565634
0.24547929 -0.02529111
0.25227067 -0.02492614
0.25912316 -0.02456244
0.26603509 -0.02420094
0.27300475 -0.02384253
0.28003042 -0.02348803
0.28711035 -0.02313819
0.29424282 -0.02279370
0.30142605 -0.02245520
0.30865828 -0.02212325
0.31593772 -0.02179836
0.32326258 -0.02148096
0.33063104 -0.02117144
0.33804129 -0.02087011
0.34549150 -0.02057725
0.35297984 -0.02029304
0.36050445 -0.02001764
0.36806348 -0.01975114
0.37565506 -0.01949359
0.38327732 -0.01924498
0.39092838 -0.01900525
0.39860635 -0.01877431
0.40630934 -0.01855203
0.41403545 -0.01833822
0.42178277 -0.01813268
0.42954938 -0.01793517
0.43733338 -0.01774541
0.44513284 -0.01756311
0.45294584 -0.01738794
0.46077045 -0.01721957
0.46860474 -0.01705763
0.47644677 -0.01690176
0.48429462 -0.01675156
0.49214634 -0.01660665
0.50000000 -0.01646662
0.50785366 -0.01633107
0.51570538 -0.01619959
0.52355323 -0.01607178
0.53139526 -0.01594723
0.53922955 -0.01582555
0.54705416 -0.01570634
0.55486716 -0.01558921
0.56266662 -0.01547380
0.57045062 -0.01535973
0.57821723 -0.01524665
0.58596455 -0.01513422
0.59369066 -0.01502210
0.60139365 -0.01490999
0.60907162 -0.01479758
0.61672268 -0.01468458
0.62434494 -0.01457073
0.63193652 -0.01445576
0.63949555 -0.01433943
0.64702016 -0.01422152
0.65450850 -0.01410181
0.66195871 -0.01398010
0.66936896 -0.01385621
0.67673742 -0.01372997
0.68406228 -0.01360121
0.69134172 -0.01346980
0.69857395 -0.01333559
0.70575718 -0.01319847
0.71288965 -0.01305833
0.71996958 -0.01291506
0.72699525 -0.01276858
0.73396491 -0.01261880
0.74087684 -0.01246565
0.74772933 -0.01230907
0.75452071 -0.01214901
0.76124928 -0.01198542
0.76791340 -0.01181826
0.77451141 -0.01164750
0.78104169 -0.01147313
0.78750263 -0.01129513
0.79389263 -0.01111348
0.80021011 -0.01092821
0.80645353 -0.01073931
0.81262133 -0.01054681
0.81871199 -0.01035073
0.82472402 -0.01015112
0.83065593 -0.00994802
0.83650626 -0.00974149
0.84227355 -0.00953160
0.84795640 -0.00931843
0.85355339 -0.00910207
0.85906315 -0.00888262
0.86448431 -0.00866021
0.86981555 -0.00843497
0.87505553 -0.00820703
0.88020298 -0.00797656
0.88525662 -0.00774374
0.89021520 -0.00750874
0.89507751 -0.00727179
0.89984233 -0.00703309
0.90450850 -0.00679289
0.90907486 -0.00655143
0.91354029 -0.00630900
0.91790368 -0.00606587
0.92216396 -0.00582234
0.92632008 -0.00557874
0.93037101 -0.00533539
0.93431576 -0.00509264
0.93815334 -0.00485085
0.94188282 -0.00461040
0.94550326 -0.00437167
0.94901379 -0.00413506
0.95241353 -0.00390098
0.95570164 -0.00366984
0.95887731 -0.00344207
0.96193977 -0.00321809
0.96488824 -0.00299836
0.96772202 -0.00278329
0.97044038 -0.00257334
0.97304268 -0.00236894
0.97552826 -0.00217053
0.97789651 -0.00197855
0.98014684 -0.00179341
0.98227871 -0.00161555
0.98429158 -0.00144538
0.98618496 -0.00128329
0.98795838 -0.00112966
0.98961141 -0.00098488
0.99114363 -0.00084929
0.99255466 -0.00072323
0.99384417 -0.00060702
0.99501183 -0.00050095
0.99605735 -0.00040530
0.99698048 -0.00032029
0.99778098 -0.00024617
0.99845867 -0.00018312
0.99901336 -0.00013130
0.99944494 -0.00009085
0.99975328 -0.00006189
0.99993832 -0.00004448
1.00000000 -0.00003867
