sample_1353
1.00000000 0.00155748
0.99993832 0.00157124
0.99975328 0.00161251
0.99944494 0.00168131
0.99901336 0.00177766
0.99845867 0.00190157
0.99778098 0.00205308
0.99698048 0.00223222
0.99605735 0.00243903
0.99501183 0.00267352
0.99384417 0.00293575
0.99255466 0.00322573
0.99114363 0.00354350
0.98961141 0.00388905
0.98795838 0.00426241
0.98618496 0.00466355
0.98429158 0.00509245
0.98227871 0.00554905
0.98014684 0.00603330
0.97789651 0.00654509
0.97552826 0.00708431
0.97304268 0.00765080
0.97044038 0.00824438
0.96772202 0.00886483
0.96488824 0.00951189
0.96193977 0.01018527
0.95887731 0.01088464
0.95570164 0.01160962
0.95241353 0.01235979
0.94901379 0.01313470
0.94550326 0.01393384
0.94188282 0.01475666
0.93815334 0.01560257
0.93431576 0.01647095
0.93037101 0.01736111
0.92632008 0.01827234
0.92216396 0.01920389
0.91790368 0.02015497
0.91354029 0.02112475
0.90907486 0.02211238
0.90450850 0.02311696
0.89984233 0.02413759
0.89507751 0.02517333
0.89021520 0.02622321
0.88525662 0.02728627
0.88020298 0.02836152
0.87505553 0.02944796
0.86981555 0.03054459
0.86448431 0.03165040
0.85906315 0.03276440
0.85355339 0.03388557
0.84795640 0.03501295
0.84227355 0.03614554
0.83650626 0.03728239
0.83065593 0.03842257
0.82472402 0.03956514
0.81871199 0.04070921
0.81262133 0.04185392
0.80645353 0.04299842
0.80021011 0.04414191
0.79389263 0.04528362
0.78750263 0.04642278
0.78104169 0.04755871
0.77451141 0.04869071
0.76791340 0.04981815
0.76124928 0.05094042
0.75452071 0.05205695
0.74772933 0.05316718
0.74087684 0.05427061
0.73396491 0.05536676
0.72699525 0.05645515
0.71996958 0.05753537
0.71288965 0.05860699
0.70575718 0.05966961
0.69857395 0.06072286
0.69134172 0.06176637
0.68406228 0.06279977
0.67673742 0.06382271
0.66936896 0.06483483
0.66195871 0.06583577
0.65450850 0.06682517
0.64702016 0.06780265
0.63949555 0.06876781
0.63193652 0.06972024
0.62434494 0.07065953
0.61672268 0.07158521
0.60907162 0.07249680
0.60139365 0.07339380
0.59369066 0.07427565
0.58596455 0.07514179
0.57821723 0.07599160
0.57045062 0.07682443
0.56266662 0.07763960
0.55486716 0.07843637
0.54705416 0.07921400
0.53922955 0.07997166
0.53139526 0.08070853
0.52355323 0.08142373
0.51570538 0.08211635
0.50785366 0.08278545
0.50000000 0.08343005
0.49214634 0.08404917
0.48429462 0.08464178
0.47644677 0.08520684
0.46860474 0.08574329
0.46077045 0.08625007
0.45294584 0.08672611
0.44513284 0.08717033
0.43733338 0.08758166
0.42954938 0.08795904
0.42178277 0.08830143
0.41403545 0.08860779
0.40630934 0.08887713
0.39860635 0.08910848
0.39092838 0.08930089
0.38327732 0.08945350
0.37565506 0.08956544
0.36806348 0.08963593
0.36050445 0.08966425
0.35297984 0.08964972
0.34549150 0.08959175
0.33804129 0.08948980
0.33063104 0.08934342
0.32326258 0.08915224
0.31593772 0.08891597
0.30865828 0.08863440
0.30142605 0.08830741
0.29424282 0.08793498
0.28711035 0.08751717
0.28003042 0.08705413
0.27300475 0.08654610
0.26603509 0.08599342
0.25912316 0.08539652
0.25227067 0.08475591
0.24547929 0.08407221
0.23875072 0.08334610
0.23208660 0.08257836
0.22548859 0.08176985
0.21895831 0.08092150
0.21249737 0.08003433
0.20610737 0.07910940
0.19978989 0.07814787
0.19354647 0.07715094
0.18737867 0.07611987
0.18128801 0.07505598
0.17527598 0.07396061
0.16934407 0.07283517
0.16349374 0.07168108
0.15772645 0.07049981
0.15204360 0.06929282
0.14644661 0.06806163
0.14093685 0.06680773
0.13551569 0.06553264
0.13018445 0.06423787
0.12494447 0.06292492
0.11979702 0.06159528
0.11474338 0.06025042
0.10978480 0.05889180
0.10492249 0.05752084
0.10015767 0.05613894
0.09549150 0.05474743
0.09092514 0.05334765
0.08645971 0.05194086
0.08209632 0.05052828
0.07783604 0.04911108
0.07367992 0.04769039
0.06962899 0.04626725
0.06568424 0.04484267
0.06184666 0.04341760
0.05811718 0.04199290
0.05449674 0.04056941
0.05098621 0.03914787
0.04758647 0.03772896
0.04429836 0.03631332
0.04112269 0.03490150
0.03806023 0.03349399
0.03511176 0.03209123
0.03227798 0.03069357
0.02955962 0.02930134
0.02695732 0.02791476
0.02447174 0.02653403
0.02210349 0.02515927
0.01985316 0.02379056
0.01772129 0.02242791
0.01570842 0.02107130
0.01381504 0.01972064
0.01204162 0.01837580
0.01038859 0.01703661
0.00885637 0.01570286
0.00744534 0.01437429
0.00615583 0.01305062
0.00498817 0.01173153
0.00394265 0.01041666
0.00301952 0.00910564
0.00221902 0.00779806
0.00154133 0.00649350
0.00098664 0.00519152
0.00055506 0.00389165
0.00024672 0.00259343
0.00006168 0.00129637
0.00000000 0.00000000
0.00006168 -0.00073056
0.00024672 -0.00146130
0.00055506 -0.00219242
0.00098664 -0.00292407
0.00154133 -0.00365641
0.00221902 -0.00438958
0.00301952 -0.00512371
0.00394265 -0.00585887
0.00498817 -0.00659514
0.00615583 -0.00733254
0.00744534 -0.00807106
0.00885637 -0.00881066
0.01038859 -0.00955126
0.01204162 -0.01029272
0.01381504 -0.01103486
0.01570842 -0.01177747
0.01772129 -0.01252028
0.01985316 -0.01326297
0.02210349 -0.01400518
0.02447174 -0.01474649
0.02695732 -0.01548644
0.02955962 -0.01622453
0.03227798 -0.01696021
0.03511176 -0.01769289
0.03806023 -0.01842194
0.04112269 -0.01914668
0.04429836 -0.01986641
0.04758647 -0.02058039
0.05098621 -0.02128787
0.05449674 -0.02198805
0.05811718 -0.02268012
0.06184666 -0.02336325
0.06568424 -0.02403662
0.06962899 -0.02469936
0.07367992 -0.02535063
0.07783604 -0.02598957
0.08209632 -0.02661534
0.08645971 -0.02722710
0.09092514 -0.02782401
0.09549150 -0.02840527
0.10015767 -0.02897008
0.10492249 -0.02951768
0.10978480 -0.03004731
0.11474338 -0.03055828
0.11979702 -0.03104989
0.12494447 -0.03152150
0.13018445 -0.03197250
0.13551569 -0.03240232
0.14093685 -0.03281043
0.14644661 -0.03319635
0.15204360 -0.03355963
0.15772645 -0.03389987
0.16349374 -0.03421672
0.16934407 -0.03450985
0.17527598 -0.03477901
0.18128801 -0.03502396
0.18737867 -0.03524453
0.19354647 -0.03544057
0.19978989 -0.03561199
0.20610737 -0.03575872
0.21249737 -0.03588073
0.21895831 -0.03597805
0.22548859 -0.03605071
0.23208660 -0.03609879
0.23875072 -0.03612241
0.24547929 -0.03612169
0.25227067 -0.03609681
0.25912316 -0.03604795
0.26603509 -0.03597532
0.27300475 -0.03587915
0.28003042 -0.03575969
0.28711035 -0.03561721
0.29424282 -0.03545198
0.30142605 -0.03526432
0.30865828 -0.03505453
0.31593772 -0.03482293
0.32326258 -0.03456987
0.33063104 -0.03429569
0.33804129 -0.03400075
0.34549150 -0.03368543
0.35297984 -0.03335010
0.36050445 -0.03299516
0.36806348 -0.03262102
0.37565506 -0.03222810
0.38327732 -0.03181684
0.39092838 -0.03138767
0.39860635 -0.03094106
0.40630934 -0.03047750
0.41403545 -0.02999749
0.42178277 -0.02950154
0.42954938 -0.02899019
0.43733338 -0.02846401
0.44513284 -0.02792357
0.45294584 -0.02736950
0.46077045 -0.02680242
0.46860474 -0.02622301
0.47644677 -0.02563194
0.48429462 -0.02502994
0.49214634 -0.02441775
0.50000000 -0.02379616
0.50785366 -0.02316596
0.51570538 -0.02252799
0.52355323 -0.02188312
0.53139526 -0.02123223
0.53922955 -0.02057624
0.54705416 -0.01991609
0.55486716 -0.01925276
0.56266662 -0.01858722
0.57045062 -0.01792048
0.57821723 -0.01725356
0.58596455 -0.01658751
0.59369066 -0.01592335
0.60139365 -0.01526216
0.60907162 -0.01460499
0.61672268 -0.01395288
0.62434494 -0.01330690
0.63193652 -0.01266808
0.63949555 -0.01203745
0.64702016 -0.01141603
0.65450850 -0.01080480
0.66195871 -0.01020473
0.66936896 -0.00961674
0.67673742 -0.00904174
0.68406228 -0.00848057
0.69134172 -0.00793404
0.69857395 -0.00740292
0.70575718 -0.00688792
0.71288965 -0.00638969
0.71996958 -0.00590882
0.72699525 -0.00544585
0.73396491 -0.00500123
0.74087684 -0.00457538
0.74772933 -0.00416861
0.75452071 -0.00378118
0.76124928 -0.00341329
0.76791340 -0.00306504
0.77451141 -0.00273647
0.78104169 -0.00242756
0.78750263 -0.00213818
0.79389263 -0.00186818
0.80021011 -0.00161729
0.80645353 -0.00138522
0.81262133 -0.00117157
0.81871199 -0.00097592
0.82472402 -0.00079776
0.83065593 -0.00063655
0.83650626 -0.00049167
0.84227355 -0.00036248
0.84795640 -0.00024829
0.85355339 -0.00014838
0.85906315 -0.00006197
0.86448431 0.00001172
0.86981555 0.00007348
0.87505553 0.00012415
0.88020298 0.00016456
0.88525662 0.00019554
0.89021520 0.00021793
0.89507751 0.00023256
0.89984233 0.00024024
0.90450850 0.00024180
0.90907486 0.00023799
0.91354029 0.00022959
0.91790368 0.00021732
0.92216396 0.00020187
0.92632008 0.00018391
0.93037101 0.00016404
0.93431576 0.00014284
0.93815334 0.00012085
0.94188282 0.00009855
0.94550326 0.00007637
0.94901379 0.00005471
0.95241353 0.00003390
0.95570164 0.00001422
0.95887731 -0.00000407
0.96193977 -0.00002079
0.96488824 -0.00003578
0.96772202 -0.00004895
0.97044038 -0.00006024
0.97304268 -0.00006963
0.97552826 -0.00007713
0.97789651 -0.00008279
0.98014684 -0.00008670
0.98227871 -0.00008897
0.98429158 -0.00008973
0.98618496 -0.00008914
0.98795838 -0.00008736
0.98961141 -0.00008457
0.99114363 -0.00008097
0.99255466 -0.00007675
0.99384417 -0.00007210
0.99501183 -0.00006722
0.99605735 -0.00006229
0.99698048 -0.00005748
0.99778098 -0.00005297
0.99845867 -0.00004888
0.99901336 -0.00004535
0.99944494 -0.00004249
0.99975328 -0.00004039
0.99993832 -0.00003910
1.00000000 -0.00003867
