sample_729
1.00000000 0.00155748
0.99993832 0.00157081
0.99975328 0.00161081
0.99944494 0.00167754
0.99901336 0.00177110
0.99845867 0.00189164
0.99778098 0.00203932
0.99698048 0.00221435
0.99605735 0.00241698
0.99501183 0.00264747
0.99384417 0.00290612
0.99255466 0.00319324
0.99114363 0.00350917
0.98961141 0.00385425
0.98795838 0.00422884
0.98618496 0.00463330
0.98429158 0.00506798
0.98227871 0.00553325
0.98014684 0.00602944
0.97789651 0.00655687
0.97552826 0.00711585
0.97304268 0.00770665
0.97044038 0.00832952
0.96772202 0.00898467
0.96488824 0.00967226
0.96193977 0.01039241
0.95887731 0.01114519
0.95570164 0.01193062
0.95241353 0.01274866
0.94901379 0.01359920
0.94550326 0.01448208
0.94188282 0.01539706
0.93815334 0.01634386
0.93431576 0.01732208
0.93037101 0.01833131
0.92632008 0.01937102
0.92216396 0.02044064
0.91790368 0.02153951
0.91354029 0.02266691
0.90907486 0.02382204
0.90450850 0.02500405
0.89984233 0.02621200
0.89507751 0.02744492
0.89021520 0.02870175
0.88525662 0.02998139
0.88020298 0.03128268
0.87505553 0.03260440
0.86981555 0.03394531
0.86448431 0.03530411
0.85906315 0.03667947
0.85355339 0.03807001
0.84795640 0.03947436
0.84227355 0.04089108
0.83650626 0.04231875
0.83065593 0.04375592
0.82472402 0.04520112
0.81871199 0.04665290
0.81262133 0.04810979
0.80645353 0.04957033
0.80021011 0.05103307
0.79389263 0.05249658
0.78750263 0.05395942
0.78104169 0.05542019
0.77451141 0.05687751
0.76791340 0.05833001
0.76124928 0.05977638
0.75452071 0.06121529
0.74772933 0.06264549
0.74087684 0.06406572
0.73396491 0.06547479
0.72699525 0.06687152
0.71996958 0.06825476
0.71288965 0.06962342
0.70575718 0.07097643
0.69857395 0.07231274
0.69134172 0.07363136
0.68406228 0.07493132
0.67673742 0.07621166
0.66936896 0.07747149
0.66195871 0.07870992
0.65450850 0.07992610
0.64702016 0.08111918
0.63949555 0.08228837
0.63193652 0.08343287
0.62434494 0.08455192
0.61672268 0.08564476
0.60907162 0.08671066
0.60139365 0.08774889
0.59369066 0.08875874
0.58596455 0.08973952
0.57821723 0.09069052
0.57045062 0.09161107
0.56266662 0.09250049
0.55486716 0.09335811
0.54705416 0.09418326
0.53922955 0.09497529
0.53139526 0.09573355
0.52355323 0.09645737
0.51570538 0.09714613
0.50785366 0.09779918
0.50000000 0.09841591
0.49214634 0.09899568
0.48429462 0.09953790
0.47644677 0.10004197
0.46860474 0.10050730
0.46077045 0.10093334
0.45294584 0.10131953
0.44513284 0.10166534
0.43733338 0.10197028
0.42954938 0.10223387
0.42178277 0.10245566
0.41403545 0.10263524
0.40630934 0.10277221
0.39860635 0.10286623
0.39092838 0.10291699
0.38327732 0.10292423
0.37565506 0.10288773
0.36806348 0.10280731
0.36050445 0.10268284
0.35297984 0.10251425
0.34549150 0.10230152
0.33804129 0.10204468
0.33063104 0.10174380
0.32326258 0.10139905
0.31593772 0.10101061
0.30865828 0.10057874
0.30142605 0.10010377
0.29424282 0.09958606
0.28711035 0.09902604
0.28003042 0.09842420
0.27300475 0.09778108
0.26603509 0.09709728
0.25912316 0.09637344
0.25227067 0.09561028
0.24547929 0.09480852
0.23875072 0.09396896
0.23208660 0.09309245
0.22548859 0.09217985
0.21895831 0.09123207
0.21249737 0.09025005
0.20610737 0.08923478
0.19978989 0.08818725
0.19354647 0.08710849
0.18737867 0.08599952
0.18128801 0.08486142
0.17527598 0.08369523
0.16934407 0.08250205
0.16349374 0.08128294
0.15772645 0.08003897
0.15204360 0.07877122
0.14644661 0.07748075
0.14093685 0.07616861
0.13551569 0.07483583
0.13018445 0.07348345
0.12494447 0.07211244
0.11979702 0.07072380
0.11474338 0.06931847
0.10978480 0.06789737
0.10492249 0.06646140
0.10015767 0.06501142
0.09549150 0.06354825
0.09092514 0.06207271
0.08645971 0.06058553
0.08209632 0.05908747
0.07783604 0.05757919
0.07367992 0.05606138
0.06962899 0.05453463
0.06568424 0.05299955
0.06184666 0.05145668
0.05811718 0.04990655
0.05449674 0.04834964
0.05098621 0.04678641
0.04758647 0.04521729
0.04429836 0.04364267
0.04112269 0.04206292
0.03806023 0.04047839
0.03511176 0.03888941
0.03227798 0.03729628
0.02955962 0.03569927
0.02695732 0.03409865
0.02447174 0.03249466
0.02210349 0.03088753
0.01985316 0.02927749
0.01772129 0.02766473
0.01570842 0.02604946
0.01381504 0.02443185
0.01204162 0.02281210
0.01038859 0.02119036
0.00885637 0.01956681
0.00744534 0.01794160
0.00615583 0.01631491
0.00498817 0.01468689
0.00394265 0.01305768
0.00301952 0.01142746
0.00221902 0.00979636
0.00154133 0.00816454
0.00098664 0.00653216
0.00055506 0.00489936
0.00024672 0.00326630
0.00006168 0.00163313
0.00000000 0.00000000
0.00006168 -0.00108981
0.00024672 -0.00217881
0.00055506 -0.00326619
0.00098664 -0.00435112
0.00154133 -0.00543276
0.00221902 -0.00651028
0.00301952 -0.00758283
0.00394265 -0.00864952
0.00498817 -0.00970948
0.00615583 -0.01076180
0.00744534 -0.01180555
0.00885637 -0.01283977
0.01038859 -0.01386351
0.01204162 -0.01487575
0.01381504 -0.01587550
0.01570842 -0.01686171
0.01772129 -0.01783332
0.01985316 -0.01878925
0.02210349 -0.01972841
0.02447174 -0.02064968
0.02695732 -0.02155193
0.02955962 -0.02243404
0.03227798 -0.02329486
0.03511176 -0.02413324
0.03806023 -0.02494804
0.04112269 -0.02573812
0.04429836 -0.02650234
0.04758647 -0.02723960
0.05098621 -0.02794878
0.05449674 -0.02862883
0.05811718 -0.02927869
0.06184666 -0.02989736
0.06568424 -0.03048388
0.06962899 -0.03103731
0.07367992 -0.03155680
0.07783604 -0.03204152
0.08209632 -0.03249071
0.08645971 -0.03290369
0.09092514 -0.03327985
0.09549150 -0.03361862
0.10015767 -0.03391956
0.10492249 -0.03418226
0.10978480 -0.03440643
0.11474338 -0.03459186
0.11979702 -0.03473841
0.12494447 -0.03484606
0.13018445 -0.03491486
0.13551569 -0.03494497
0.14093685 -0.03493663
0.14644661 -0.03489017
0.15204360 -0.03480603
0.15772645 -0.03468473
0.16349374 -0.03452689
0.16934407 -0.03433318
0.17527598 -0.03410441
0.18128801 -0.03384144
0.18737867 -0.03354519
0.19354647 -0.03321670
0.19978989 -0.03285704
0.20610737 -0.03246736
0.21249737 -0.03204886
0.21895831 -0.03160282
0.22548859 -0.03113053
0.23208660 -0.03063336
0.23875072 -0.03011270
0.24547929 -0.02956997
0.25227067 -0.02900661
0.25912316 -0.02842410
0.26603509 -0.02782392
0.27300475 -0.02720756
0.28003042 -0.02657651
0.28711035 -0.02593226
0.29424282 -0.02527630
0.30142605 -0.02461009
0.30865828 -0.02393509
0.31593772 -0.02325272
0.32326258 -0.02256438
0.33063104 -0.02187145
0.33804129 -0.02117525
0.34549150 -0.02047709
0.35297984 -0.01977823
0.36050445 -0.01907987
0.36806348 -0.01838320
0.37565506 -0.01768933
0.38327732 -0.01699933
0.39092838 -0.01631425
0.39860635 -0.01563505
0.40630934 -0.01496266
0.41403545 -0.01429795
0.42178277 -0.01364177
0.42954938 -0.01299488
0.43733338 -0.01235803
0.44513284 -0.01173189
0.45294584 -0.01111710
0.46077045 -0.01051427
0.46860474 -0.00992393
0.47644677 -0.00934662
0.48429462 -0.00878279
0.49214634 -0.00823289
0.50000000 -0.00769731
0.50785366 -0.00717643
0.51570538 -0.00667057
0.52355323 -0.00618004
0.53139526 -0.00570511
0.53922955 -0.00524603
0.54705416 -0.00480303
0.55486716 -0.00437629
0.56266662 -0.00396600
0.57045062 -0.00357229
0.57821723 -0.00319530
0.58596455 -0.00283513
0.59369066 -0.00249186
0.60139365 -0.00216555
0.60907162 -0.00185625
0.61672268 -0.00156396
0.62434494 -0.00128869
0.63193652 -0.00103040
0.63949555 -0.00078904
0.64702016 -0.00056453
0.65450850 -0.00035677
0.66195871 -0.00016563
0.66936896 0.00000904
0.67673742 0.00016744
0.68406228 0.00030977
0.69134172 0.00043628
0.69857395 0.00054725
0.70575718 0.00064299
0.71288965 0.00072383
0.71996958 0.00079015
0.72699525 0.00084237
0.73396491 0.00088091
0.74087684 0.00090626
0.74772933 0.00091893
0.75452071 0.00091945
0.76124928 0.00090840
0.76791340 0.00088640
0.77451141 0.00085406
0.78104169 0.00081206
0.78750263 0.00076109
0.79389263 0.00070186
0.80021011 0.00063510
0.80645353 0.00056157
0.81262133 0.00048204
0.81871199 0.00039730
0.82472402 0.00030813
0.83065593 0.00021533
0.83650626 0.00011971
0.84227355 0.00002206
0.84795640 -0.00007683
0.85355339 -0.00017618
0.85906315 -0.00027522
0.86448431 -0.00037320
0.86981555 -0.00046940
0.87505553 -0.00056313
0.88020298 -0.00065372
0.88525662 -0.00074054
0.89021520 -0.00082301
0.89507751 -0.00090057
0.89984233 -0.00097273
0.90450850 -0.00103903
0.90907486 -0.00109908
0.91354029 -0.00115253
0.91790368 -0.00119910
0.92216396 -0.00123855
0.92632008 -0.00127073
0.93037101 -0.00129551
0.93431576 -0.00131285
0.93815334 -0.00132277
0.94188282 -0.00132534
0.94550326 -0.00132069
0.94901379 -0.00130902
0.95241353 -0.00129056
0.95570164 -0.00126563
0.95887731 -0.00123458
0.96193977 -0.00119780
0.96488824 -0.00115574
0.96772202 -0.00110889
0.97044038 -0.00105777
0.97304268 -0.00100293
0.97552826 -0.00094496
0.97789651 -0.00088446
0.98014684 -0.00082204
0.98227871 -0.00075834
0.98429158 -0.00069400
0.98618496 -0.00062965
0.98795838 -0.00056593
0.98961141 -0.00050345
0.99114363 -0.00044284
0.99255466 -0.00038467
0.99384417 -0.00032949
0.99501183 -0.00027785
0.99605735 -0.00023024
0.99698048 -0.00018710
0.99778098 -0.00014885
0.99845867 -0.00011585
0.99901336 -0.00008842
0.99944494 -0.00006681
0.99975328 -0.00005123
0.99993832 -0.00004182
1.00000000 -0.00003867
