sample_657
1.00000000 0.00155748
0.99993832 0.00157068
0.99975328 0.00161029
0.99944494 0.00167631
0.99901336 0.00176875
0.99845867 0.00188763
0.99778098 0.00203296
0.99698048 0.00220477
0.99605735 0.00240307
0.99501183 0.00262788
0.99384417 0.00287923
0.99255466 0.00315711
0.99114363 0.00346153
0.98961141 0.00379250
0.98795838 0.00414999
0.98618496 0.00453398
0.98429158 0.00494442
0.98227871 0.00538127
0.98014684 0.00584443
0.97789651 0.00633381
0.97552826 0.00684929
0.97304268 0.00739071
0.97044038 0.00795791
0.96772202 0.00855067
0.96488824 0.00916877
0.96193977 0.00981193
0.95887731 0.01047987
0.95570164 0.01117224
0.95241353 0.01188869
0.94901379 0.01262882
0.94550326 0.01339220
0.94188282 0.01417837
0.93815334 0.01498682
0.93431576 0.01581703
0.93037101 0.01666844
0.92632008 0.01754046
0.92216396 0.01843248
0.91790368 0.01934386
0.91354029 0.02027392
0.90907486 0.02122199
0.90450850 0.02218736
0.89984233 0.02316931
0.89507751 0.02416710
0.89021520 0.02517998
0.88525662 0.02620720
0.88020298 0.02724799
0.87505553 0.02830160
0.86981555 0.02936724
0.86448431 0.03044417
0.85906315 0.03153162
0.85355339 0.03262884
0.84795640 0.03373509
0.84227355 0.03484962
0.83650626 0.03597173
0.83065593 0.03710070
0.82472402 0.03823584
0.81871199 0.03937648
0.81262133 0.04052195
0.80645353 0.04167161
0.80021011 0.04282483
0.79389263 0.04398100
0.78750263 0.04513952
0.78104169 0.04629981
0.77451141 0.04746129
0.76791340 0.04862341
0.76124928 0.04978561
0.75452071 0.05094735
0.74772933 0.05210808
0.74087684 0.05326727
0.73396491 0.05442436
0.72699525 0.05557882
0.71996958 0.05673009
0.71288965 0.05787759
0.70575718 0.05902074
0.69857395 0.06015895
0.69134172 0.06129159
0.68406228 0.06241802
0.67673742 0.06353756
0.66936896 0.06464950
0.66195871 0.06575310
0.65450850 0.06684760
0.64702016 0.06793218
0.63949555 0.06900598
0.63193652 0.07006812
0.62434494 0.07111766
0.61672268 0.07215362
0.60907162 0.07317498
0.60139365 0.07418067
0.59369066 0.07516960
0.58596455 0.07614061
0.57821723 0.07709252
0.57045062 0.07802411
0.56266662 0.07893411
0.55486716 0.07982125
0.54705416 0.08068421
0.53922955 0.08152164
0.53139526 0.08233221
0.52355323 0.08311453
0.51570538 0.08386723
0.50785366 0.08458894
0.50000000 0.08527827
0.49214634 0.08593387
0.48429462 0.08655438
0.47644677 0.08713849
0.46860474 0.08768490
0.46077045 0.08819236
0.45294584 0.08865965
0.44513284 0.08908561
0.43733338 0.08946914
0.42954938 0.08980920
0.42178277 0.09010483
0.41403545 0.09035513
0.40630934 0.09055929
0.39860635 0.09071660
0.39092838 0.09082642
0.38327732 0.09088822
0.37565506 0.09090158
0.36806348 0.09086617
0.36050445 0.09078177
0.35297984 0.09064827
0.34549150 0.09046568
0.33804129 0.09023411
0.33063104 0.08995378
0.32326258 0.08962503
0.31593772 0.08924831
0.30865828 0.08882419
0.30142605 0.08835331
0.29424282 0.08783645
0.28711035 0.08727447
0.28003042 0.08666834
0.27300475 0.08601909
0.26603509 0.08532787
0.25912316 0.08459588
0.25227067 0.08382440
0.24547929 0.08301480
0.23875072 0.08216846
0.23208660 0.08128685
0.22548859 0.08037146
0.21895831 0.07942383
0.21249737 0.07844551
0.20610737 0.07743808
0.19978989 0.07640314
0.19354647 0.07534225
0.18737867 0.07425702
0.18128801 0.07314901
0.17527598 0.07201976
0.16934407 0.07087081
0.16349374 0.06970363
0.15772645 0.06851967
0.15204360 0.06732032
0.14644661 0.06610694
0.14093685 0.06488082
0.13551569 0.06364316
0.13018445 0.06239515
0.12494447 0.06113786
0.11979702 0.05987233
0.11474338 0.05859949
0.10978480 0.05732021
0.10492249 0.05603531
0.10015767 0.05474549
0.09549150 0.05345141
0.09092514 0.05215364
0.08645971 0.05085269
0.08209632 0.04954897
0.07783604 0.04824287
0.07367992 0.04693468
0.06962899 0.04562465
0.06568424 0.04431296
0.06184666 0.04299974
0.05811718 0.04168508
0.05449674 0.04036903
0.05098621 0.03905159
0.04758647 0.03773274
0.04429836 0.03641243
0.04112269 0.03509057
0.03806023 0.03376708
0.03511176 0.03244186
0.03227798 0.03111480
0.02955962 0.02978577
0.02695732 0.02845467
0.02447174 0.02712140
0.02210349 0.02578586
0.01985316 0.02444797
0.01772129 0.02310766
0.01570842 0.02176489
0.01381504 0.02041963
0.01204162 0.01907188
0.01038859 0.01772166
0.00885637 0.01636903
0.00744534 0.01501405
0.00615583 0.01365683
0.00498817 0.01229750
0.00394265 0.01093620
0.00301952 0.00957311
0.00221902 0.00820842
0.00154133 0.00684236
0.00098664 0.00547515
0.00055506 0.00410704
0.00024672 0.00273830
0.00006168 0.00136919
0.00000000 0.00000000
0.00006168 -0.00133870
0.00024672 -0.00267599
0.00055506 -0.00401044
0.00098664 -0.00534063
0.00154133 -0.00666516
0.00221902 -0.00798261
0.00301952 -0.00929158
0.00394265 -0.01059069
0.00498817 -0.01187854
0.00615583 -0.01315377
0.00744534 -0.01441502
0.00885637 -0.01566094
0.01038859 -0.01689022
0.01204162 -0.01810155
0.01381504 -0.01929363
0.01570842 -0.02046520
0.01772129 -0.02161503
0.01985316 -0.02274189
0.02210349 -0.02384462
0.02447174 -0.02492205
0.02695732 -0.02597306
0.02955962 -0.02699657
0.03227798 -0.02799153
0.03511176 -0.02895693
0.03806023 -0.02989182
0.04112269 -0.03079527
0.04429836 -0.03166641
0.04758647 -0.03250441
0.05098621 -0.03330851
0.05449674 -0.03407797
0.05811718 -0.03481215
0.06184666 -0.03551042
0.06568424 -0.03617224
0.06962899 -0.03679711
0.07367992 -0.03738462
0.07783604 -0.03793439
0.08209632 -0.03844612
0.08645971 -0.03891957
0.09092514 -0.03935456
0.09549150 -0.03975100
0.10015767 -0.04010882
0.10492249 -0.04042806
0.10978480 -0.04070879
0.11474338 -0.04095118
0.11979702 -0.04115542
0.12494447 -0.04132180
0.13018445 -0.04145064
0.13551569 -0.04154235
0.14093685 -0.04159738
0.14644661 -0.04161623
0.15204360 -0.04159947
0.15772645 -0.04154771
0.16349374 -0.04146160
0.16934407 -0.04134186
0.17527598 -0.04118923
0.18128801 -0.04100450
0.18737867 -0.04078851
0.19354647 -0.04054210
0.19978989 -0.04026617
0.20610737 -0.03996164
0.21249737 -0.03962945
0.21895831 -0.03927056
0.22548859 -0.03888595
0.23208660 -0.03847663
0.23875072 -0.03804359
0.24547929 -0.03758785
0.25227067 -0.03711043
0.25912316 -0.03661236
0.26603509 -0.03609466
0.27300475 -0.03555835
0.28003042 -0.03500445
0.28711035 -0.03443397
0.29424282 -0.03384791
0.30142605 -0.03324726
0.30865828 -0.03263301
0.31593772 -0.03200611
0.32326258 -0.03136753
0.33063104 -0.03071820
0.33804129 -0.03005904
0.34549150 -0.02939095
0.35297984 -0.02871484
0.36050445 -0.02803157
0.36806348 -0.02734199
0.37565506 -0.02664696
0.38327732 -0.02594729
0.39092838 -0.02524379
0.39860635 -0.02453726
0.40630934 -0.02382848
0.41403545 -0.02311821
0.42178277 -0.02240722
0.42954938 -0.02169625
0.43733338 -0.02098602
0.44513284 -0.02027727
0.45294584 -0.01957071
0.46077045 -0.01886704
0.46860474 -0.01816696
0.47644677 -0.01747117
0.48429462 -0.01678035
0.49214634 -0.01609517
0.50000000 -0.01541632
0.50785366 -0.01474446
0.51570538 -0.01408025
0.52355323 -0.01342435
0.53139526 -0.01277740
0.53922955 -0.01214005
0.54705416 -0.01151292
0.55486716 -0.01089665
0.56266662 -0.01029184
0.57045062 -0.00969910
0.57821723 -0.00911901
0.58596455 -0.00855214
0.59369066 -0.00799906
0.60139365 -0.00746029
0.60907162 -0.00693636
0.61672268 -0.00642776
0.62434494 -0.00593495
0.63193652 -0.00545837
0.63949555 -0.00499843
0.64702016 -0.00455551
0.65450850 -0.00412995
0.66195871 -0.00372206
0.66936896 -0.00333210
0.67673742 -0.00296030
0.68406228 -0.00260683
0.69134172 -0.00227184
0.69857395 -0.00195541
0.70575718 -0.00165758
0.71288965 -0.00137834
0.71996958 -0.00111764
0.72699525 -0.00087537
0.73396491 -0.00065136
0.74087684 -0.00044540
0.74772933 -0.00025723
0.75452071 -0.00008652
0.76124928 0.00006708
0.76791340 0.00020399
0.77451141 0.00032468
0.78104169 0.00042966
0.78750263 0.00051948
0.79389263 0.00059473
0.80021011 0.00065605
0.80645353 0.00070411
0.81262133 0.00073961
0.81871199 0.00076328
0.82472402 0.00077588
0.83065593 0.00077819
0.83650626 0.00077100
0.84227355 0.00075513
0.84795640 0.00073138
0.85355339 0.00070059
0.85906315 0.00066357
0.86448431 0.00062114
0.86981555 0.00057411
0.87505553 0.00052327
0.88020298 0.00046941
0.88525662 0.00041327
0.89021520 0.00035558
0.89507751 0.00029704
0.89984233 0.00023832
0.90450850 0.00018004
0.90907486 0.00012278
0.91354029 0.00006711
0.91790368 0.00001350
0.92216396 -0.00003759
0.92632008 -0.00008575
0.93037101 -0.00013064
0.93431576 -0.00017195
0.93815334 -0.00020945
0.94188282 -0.00024293
0.94550326 -0.00027227
0.94901379 -0.00029735
0.95241353 -0.00031816
0.95570164 -0.00033469
0.95887731 -0.00034700
0.96193977 -0.00035520
0.96488824 -0.00035942
0.96772202 -0.00035987
0.97044038 -0.00035674
0.97304268 -0.00035031
0.97552826 -0.00034085
0.97789651 -0.00032866
0.98014684 -0.00031409
0.98227871 -0.00029748
0.98429158 -0.00027919
0.98618496 -0.00025959
0.98795838 -0.00023905
0.98961141 -0.00021796
0.99114363 -0.00019667
0.99255466 -0.00017555
0.99384417 -0.00015495
0.99501183 -0.00013520
0.99605735 -0.00011662
0.99698048 -0.00009950
0.99778098 -0.00008410
0.99845867 -0.00007066
0.99901336 -0.00005937
0.99944494 -0.00005042
0.99975328 -0.00004392
0.99993832 -0.00003999
1.00000000 -0.00003867
