sample_838
1.00000000 0.00155748
0.99993832 0.00157097
0.99975328 0.00161145
0.99944494 0.00167893
0.99901336 0.00177345
0.99845867 0.00189505
0.99778098 0.00204377
0.99698048 0.00221969
0.99605735 0.00242286
0.99501183 0.00265337
0.99384417 0.00291129
0.99255466 0.00319672
0.99114363 0.00350975
0.98961141 0.00385046
0.98795838 0.00421894
0.98618496 0.00461528
0.98429158 0.00503955
0.98227871 0.00549184
0.98014684 0.00597219
0.97789651 0.00648066
0.97552826 0.00701729
0.97304268 0.00758210
0.97044038 0.00817508
0.96772202 0.00879621
0.96488824 0.00944546
0.96193977 0.01012276
0.95887731 0.01082802
0.95570164 0.01156112
0.95241353 0.01232191
0.94901379 0.01311021
0.94550326 0.01392582
0.94188282 0.01476849
0.93815334 0.01563795
0.93431576 0.01653389
0.93037101 0.01745597
0.92632008 0.01840382
0.92216396 0.01937703
0.91790368 0.02037516
0.91354029 0.02139773
0.90907486 0.02244423
0.90450850 0.02351412
0.89984233 0.02460684
0.89507751 0.02572178
0.89021520 0.02685831
0.88525662 0.02801577
0.88020298 0.02919348
0.87505553 0.03039073
0.86981555 0.03160678
0.86448431 0.03284088
0.85906315 0.03409226
0.85355339 0.03536012
0.84795640 0.03664365
0.84227355 0.03794201
0.83650626 0.03925437
0.83065593 0.04057987
0.82472402 0.04191764
0.81871199 0.04326681
0.81262133 0.04462649
0.80645353 0.04599578
0.80021011 0.04737377
0.79389263 0.04875957
0.78750263 0.05015224
0.78104169 0.05155088
0.77451141 0.05295455
0.76791340 0.05436233
0.76124928 0.05577327
0.75452071 0.05718643
0.74772933 0.05860087
0.74087684 0.06001563
0.73396491 0.06142976
0.72699525 0.06284228
0.71996958 0.06425223
0.71288965 0.06565862
0.70575718 0.06706047
0.69857395 0.06845676
0.69134172 0.06984648
0.68406228 0.07122862
0.67673742 0.07260213
0.66936896 0.07396596
0.66195871 0.07531905
0.65450850 0.07666030
0.64702016 0.07798862
0.63949555 0.07930289
0.63193652 0.08060197
0.62434494 0.08188471
0.61672268 0.08314993
0.60907162 0.08439645
0.60139365 0.08562305
0.59369066 0.08682849
0.58596455 0.08801154
0.57821723 0.08917093
0.57045062 0.09030537
0.56266662 0.09141358
0.55486716 0.09249423
0.54705416 0.09354601
0.53922955 0.09456759
0.53139526 0.09555763
0.52355323 0.09651479
0.51570538 0.09743772
0.50785366 0.09832508
0.50000000 0.09917553
0.49214634 0.09998775
0.48429462 0.10076041
0.47644677 0.10149221
0.46860474 0.10218187
0.46077045 0.10282814
0.45294584 0.10342977
0.44513284 0.10398558
0.43733338 0.10449441
0.42954938 0.10495513
0.42178277 0.10536669
0.41403545 0.10572806
0.40630934 0.10603827
0.39860635 0.10629644
0.39092838 0.10650171
0.38327732 0.10665333
0.37565506 0.10675059
0.36806348 0.10679289
0.36050445 0.10677967
0.35297984 0.10671050
0.34549150 0.10658500
0.33804129 0.10640290
0.33063104 0.10616402
0.32326258 0.10586827
0.31593772 0.10551565
0.30865828 0.10510629
0.30142605 0.10464038
0.29424282 0.10411823
0.28711035 0.10354026
0.28003042 0.10290697
0.27300475 0.10221896
0.26603509 0.10147696
0.25912316 0.10068175
0.25227067 0.09983425
0.24547929 0.09893545
0.23875072 0.09798642
0.23208660 0.09698835
0.22548859 0.09594249
0.21895831 0.09485018
0.21249737 0.09371283
0.20610737 0.09253193
0.19978989 0.09130903
0.19354647 0.09004575
0.18737867 0.08874376
0.18128801 0.08740477
0.17527598 0.08603057
0.16934407 0.08462296
0.16349374 0.08318378
0.15772645 0.08171490
0.15204360 0.08021822
0.14644661 0.07869563
0.14093685 0.07714905
0.13551569 0.07558039
0.13018445 0.07399158
0.12494447 0.07238451
0.11979702 0.07076105
0.11474338 0.06912308
0.10978480 0.06747243
0.10492249 0.06581089
0.10015767 0.06414022
0.09549150 0.06246214
0.09092514 0.06077830
0.08645971 0.05909032
0.08209632 0.05739973
0.07783604 0.05570803
0.07367992 0.05401662
0.06962899 0.05232685
0.06568424 0.05063998
0.06184666 0.04895721
0.05811718 0.04727964
0.05449674 0.04560830
0.05098621 0.04394414
0.04758647 0.04228799
0.04429836 0.04064064
0.04112269 0.03900276
0.03806023 0.03737494
0.03511176 0.03575769
0.03227798 0.03415141
0.02955962 0.03255642
0.02695732 0.03097298
0.02447174 0.02940122
0.02210349 0.02784122
0.01985316 0.02629296
0.01772129 0.02475635
0.01570842 0.02323121
0.01381504 0.02171730
0.01204162 0.02021430
0.01038859 0.01872182
0.00885637 0.01723941
0.00744534 0.01576655
0.00615583 0.01430268
0.00498817 0.01284716
0.00394265 0.01139933
0.00301952 0.00995847
0.00221902 0.00852381
0.00154133 0.00709457
0.00098664 0.00566992
0.00055506 0.00424902
0.00024672 0.00283099
0.00006168 0.00141495
0.00000000 0.00000000
0.00006168 -0.00116154
0.00024672 -0.00232043
0.00055506 -0.00347402
0.00098664 -0.00461970
0.00154133 -0.00575486
0.00221902 -0.00687696
0.00301952 -0.00798352
0.00394265 -0.00907211
0.00498817 -0.01014037
0.00615583 -0.01118604
0.00744534 -0.01220694
0.00885637 -0.01320102
0.01038859 -0.01416630
0.01204162 -0.01510095
0.01381504 -0.01600326
0.01570842 -0.01687164
0.01772129 -0.01770466
0.01985316 -0.01850101
0.02210349 -0.01925955
0.02447174 -0.01997928
0.02695732 -0.02065936
0.02955962 -0.02129911
0.03227798 -0.02189800
0.03511176 -0.02245568
0.03806023 -0.02297194
0.04112269 -0.02344675
0.04429836 -0.02388021
0.04758647 -0.02427260
0.05098621 -0.02462436
0.05449674 -0.02493605
0.05811718 -0.02520840
0.06184666 -0.02544227
0.06568424 -0.02563866
0.06962899 -0.02579869
0.07367992 -0.02592360
0.07783604 -0.02601475
0.08209632 -0.02607361
0.08645971 -0.02610173
0.09092514 -0.02610075
0.09549150 -0.02607239
0.10015767 -0.02601846
0.10492249 -0.02594078
0.10978480 -0.02584125
0.11474338 -0.02572181
0.11979702 -0.02558441
0.12494447 -0.02543102
0.13018445 -0.02526360
0.13551569 -0.02508413
0.14093685 -0.02489456
0.14644661 -0.02469680
0.15204360 -0.02449275
0.15772645 -0.02428423
0.16349374 -0.02407302
0.16934407 -0.02386084
0.17527598 -0.02364933
0.18128801 -0.02344003
0.18737867 -0.02323440
0.19354647 -0.02303382
0.19978989 -0.02283954
0.20610737 -0.02265271
0.21249737 -0.02247436
0.21895831 -0.02230542
0.22548859 -0.02214666
0.23208660 -0.02199875
0.23875072 -0.02186224
0.24547929 -0.02173753
0.25227067 -0.02162490
0.25912316 -0.02152450
0.26603509 -0.02143635
0.27300475 -0.02136035
0.28003042 -0.02129627
0.28711035 -0.02124376
0.29424282 -0.02120236
0.30142605 -0.02117149
0.30865828 -0.02115049
0.31593772 -0.02113856
0.32326258 -0.02113485
0.33063104 -0.02113839
0.33804129 -0.02114816
0.34549150 -0.02116306
0.35297984 -0.02118193
0.36050445 -0.02120355
0.36806348 -0.02122668
0.37565506 -0.02125003
0.38327732 -0.02127229
0.39092838 -0.02129213
0.39860635 -0.02130824
0.40630934 -0.02131928
0.41403545 -0.02132396
0.42178277 -0.02132099
0.42954938 -0.02130913
0.43733338 -0.02128716
0.44513284 -0.02125393
0.45294584 -0.02120834
0.46077045 -0.02114937
0.46860474 -0.02107604
0.47644677 -0.02098747
0.48429462 -0.02088288
0.49214634 -0.02076155
0.50000000 -0.02062287
0.50785366 -0.02046633
0.51570538 -0.02029152
0.52355323 -0.02009812
0.53139526 -0.01988594
0.53922955 -0.01965488
0.54705416 -0.01940495
0.55486716 -0.01913628
0.56266662 -0.01884907
0.57045062 -0.01854367
0.57821723 -0.01822050
0.58596455 -0.01788009
0.59369066 -0.01752305
0.60139365 -0.01715010
0.60907162 -0.01676204
0.61672268 -0.01635973
0.62434494 -0.01594412
0.63193652 -0.01551624
0.63949555 -0.01507714
0.64702016 -0.01462797
0.65450850 -0.01416990
0.66195871 -0.01370413
0.66936896 -0.01323192
0.67673742 -0.01275452
0.68406228 -0.01227322
0.69134172 -0.01178931
0.69857395 -0.01130408
0.70575718 -0.01081881
0.71288965 -0.01033477
0.71996958 -0.00985319
0.72699525 -0.00937530
0.73396491 -0.00890228
0.74087684 -0.00843526
0.74772933 -0.00797534
0.75452071 -0.00752355
0.76124928 -0.00708088
0.76791340 -0.00664823
0.77451141 -0.00622648
0.78104169 -0.00581640
0.78750263 -0.00541870
0.79389263 -0.00503402
0.80021011 -0.00466293
0.80645353 -0.00430590
0.81262133 -0.00396336
0.81871199 -0.00363563
0.82472402 -0.00332297
0.83065593 -0.00302556
0.83650626 -0.00274349
0.84227355 -0.00247682
0.84795640 -0.00222549
0.85355339 -0.00198942
0.85906315 -0.00176842
0.86448431 -0.00156228
0.86981555 -0.00137072
0.87505553 -0.00119339
0.88020298 -0.00102992
0.88525662 -0.00087988
0.89021520 -0.00074281
0.89507751 -0.00061821
0.89984233 -0.00050555
0.90450850 -0.00040428
0.90907486 -0.00031384
0.91354029 -0.00023362
0.91790368 -0.00016304
0.92216396 -0.00010150
0.92632008 -0.00004838
0.93037101 -0.00000309
0.93431576 0.00003498
0.93815334 0.00006640
0.94188282 0.00009176
0.94550326 0.00011162
0.94901379 0.00012651
0.95241353 0.00013697
0.95570164 0.00014348
0.95887731 0.00014652
0.96193977 0.00014655
0.96488824 0.00014398
0.96772202 0.00013921
0.97044038 0.00013261
0.97304268 0.00012452
0.97552826 0.00011525
0.97789651 0.00010509
0.98014684 0.00009430
0.98227871 0.00008311
0.98429158 0.00007173
0.98618496 0.00006034
0.98795838 0.00004912
0.98961141 0.00003820
0.99114363 0.00002771
0.99255466 0.00001776
0.99384417 0.00000843
0.99501183 -0.00000019
0.99605735 -0.00000805
0.99698048 -0.00001508
0.99778098 -0.00002125
0.99845867 -0.00002652
0.99901336 -0.00003087
0.99944494 -0.00003427
0.99975328 -0.00003671
0.99993832 -0.00003818
1.00000000 -0.00003867
