sample_118
1.00000000 0.00155748
0.99993832 0.00157603
0.99975328 0.00163169
0.99944494 0.00172446
0.99901336 0.00185434
0.99845867 0.00202132
0.99778098 0.00222543
0.99698048 0.00246664
0.99605735 0.00274495
0.99501183 0.00306036
0.99384417 0.00341285
0.99255466 0.00380238
0.99114363 0.00422892
0.98961141 0.00469240
0.98795838 0.00519277
0.98618496 0.00572993
0.98429158 0.00630376
0.98227871 0.00691413
0.98014684 0.00756088
0.97789651 0.00824380
0.97552826 0.00896267
0.97304268 0.00971722
0.97044038 0.01050716
0.96772202 0.01133214
0.96488824 0.01219178
0.96193977 0.01308566
0.95887731 0.01401330
0.95570164 0.01497417
0.95241353 0.01596773
0.94901379 0.01699335
0.94550326 0.01805036
0.94188282 0.01913806
0.93815334 0.02025567
0.93431576 0.02140240
0.93037101 0.02257738
0.92632008 0.02377970
0.92216396 0.02500841
0.91790368 0.02626252
0.91354029 0.02754098
0.90907486 0.02884273
0.90450850 0.03016663
0.89984233 0.03151154
0.89507751 0.03287628
0.89021520 0.03425964
0.88525662 0.03566038
0.88020298 0.03707723
0.87505553 0.03850893
0.86981555 0.03995416
0.86448431 0.04141164
0.85906315 0.04288005
0.85355339 0.04435806
0.84795640 0.04584435
0.84227355 0.04733761
0.83650626 0.04883653
0.83065593 0.05033979
0.82472402 0.05184611
0.81871199 0.05335421
0.81262133 0.05486283
0.80645353 0.05637072
0.80021011 0.05787666
0.79389263 0.05937945
0.78750263 0.06087792
0.78104169 0.06237092
0.77451141 0.06385733
0.76791340 0.06533605
0.76124928 0.06680601
0.75452071 0.06826617
0.74772933 0.06971552
0.74087684 0.07115307
0.73396491 0.07257786
0.72699525 0.07398895
0.71996958 0.07538542
0.71288965 0.07676639
0.70575718 0.07813097
0.69857395 0.07947831
0.69134172 0.08080758
0.68406228 0.08211793
0.67673742 0.08340857
0.66936896 0.08467867
0.66195871 0.08592744
0.65450850 0.08715409
0.64702016 0.08835781
0.63949555 0.08953781
0.63193652 0.09069330
0.62434494 0.09182347
0.61672268 0.09292752
0.60907162 0.09400463
0.60139365 0.09505398
0.59369066 0.09607474
0.58596455 0.09706606
0.57821723 0.09802709
0.57045062 0.09895696
0.56266662 0.09985480
0.55486716 0.10071973
0.54705416 0.10155084
0.53922955 0.10234723
0.53139526 0.10310800
0.52355323 0.10383222
0.51570538 0.10451898
0.50785366 0.10516735
0.50000000 0.10577644
0.49214634 0.10634531
0.48429462 0.10687308
0.47644677 0.10735884
0.46860474 0.10780175
0.46077045 0.10820093
0.45294584 0.10855556
0.44513284 0.10886485
0.43733338 0.10912803
0.42954938 0.10934438
0.42178277 0.10951321
0.41403545 0.10963387
0.40630934 0.10970579
0.39860635 0.10972843
0.39092838 0.10970132
0.38327732 0.10962405
0.37565506 0.10949628
0.36806348 0.10931772
0.36050445 0.10908819
0.35297984 0.10880756
0.34549150 0.10847578
0.33804129 0.10809290
0.33063104 0.10765903
0.32326258 0.10717438
0.31593772 0.10663924
0.30865828 0.10605399
0.30142605 0.10541908
0.29424282 0.10473507
0.28711035 0.10400259
0.28003042 0.10322235
0.27300475 0.10239517
0.26603509 0.10152191
0.25912316 0.10060354
0.25227067 0.09964108
0.24547929 0.09863565
0.23875072 0.09758842
0.23208660 0.09650062
0.22548859 0.09537355
0.21895831 0.09420855
0.21249737 0.09300704
0.20610737 0.09177045
0.19978989 0.09050027
0.19354647 0.08919803
0.18737867 0.08786526
0.18128801 0.08650355
0.17527598 0.08511447
0.16934407 0.08369963
0.16349374 0.08226063
0.15772645 0.08079908
0.15204360 0.07931658
0.14644661 0.07781471
0.14093685 0.07629504
0.13551569 0.07475913
0.13018445 0.07320849
0.12494447 0.07164462
0.11979702 0.07006898
0.11474338 0.06848297
0.10978480 0.06688798
0.10492249 0.06528531
0.10015767 0.06367626
0.09549150 0.06206203
0.09092514 0.06044380
0.08645971 0.05882265
0.08209632 0.05719965
0.07783604 0.05557578
0.07367992 0.05395195
0.06962899 0.05232902
0.06568424 0.05070778
0.06184666 0.04908897
0.05811718 0.04747324
0.05449674 0.04586119
0.05098621 0.04425337
0.04758647 0.04265025
0.04429836 0.04105223
0.04112269 0.03945968
0.03806023 0.03787289
0.03511176 0.03629210
0.03227798 0.03471749
0.02955962 0.03314919
0.02695732 0.03158729
0.02447174 0.03003182
0.02210349 0.02848276
0.01985316 0.02694007
0.01772129 0.02540365
0.01570842 0.02387336
0.01381504 0.02234902
0.01204162 0.02083045
0.01038859 0.01931739
0.00885637 0.01780959
0.00744534 0.01630675
0.00615583 0.01480856
0.00498817 0.01331468
0.00394265 0.01182476
0.00301952 0.01033841
0.00221902 0.00885525
0.00154133 0.00737488
0.00098664 0.00589688
0.00055506 0.00442083
0.00024672 0.00294629
0.00006168 0.00147283
0.00000000 0.00000000
0.00006168 -0.00126568
0.00024672 -0.00252937
0.00055506 -0.00378909
0.00098664 -0.00504286
0.00154133 -0.00628873
0.00221902 -0.00752477
0.00301952 -0.00874907
0.00394265 -0.00995977
0.00498817 -0.01115504
0.00615583 -0.01233312
0.00744534 -0.01349227
0.00885637 -0.01463083
0.01038859 -0.01574718
0.01204162 -0.01683980
0.01381504 -0.01790720
0.01570842 -0.01894801
0.01772129 -0.01996088
0.01985316 -0.02094461
0.02210349 -0.02189802
0.02447174 -0.02282006
0.02695732 -0.02370974
0.02955962 -0.02456619
0.03227798 -0.02538860
0.03511176 -0.02617628
0.03806023 -0.02692862
0.04112269 -0.02764511
0.04429836 -0.02832532
0.04758647 -0.02896894
0.05098621 -0.02957572
0.05449674 -0.03014552
0.05811718 -0.03067829
0.06184666 -0.03117407
0.06568424 -0.03163298
0.06962899 -0.03205521
0.07367992 -0.03244104
0.07783604 -0.03279084
0.08209632 -0.03310504
0.08645971 -0.03338412
0.09092514 -0.03362867
0.09549150 -0.03383930
0.10015767 -0.03401669
0.10492249 -0.03416157
0.10978480 -0.03427473
0.11474338 -0.03435698
0.11979702 -0.03440918
0.12494447 -0.03443223
0.13018445 -0.03442703
0.13551569 -0.03439454
0.14093685 -0.03433570
0.14644661 -0.03425149
0.15204360 -0.03414288
0.15772645 -0.03401086
0.16349374 -0.03385640
0.16934407 -0.03368048
0.17527598 -0.03348405
0.18128801 -0.03326808
0.18737867 -0.03303350
0.19354647 -0.03278121
0.19978989 -0.03251211
0.20610737 -0.03222706
0.21249737 -0.03192689
0.21895831 -0.03161241
0.22548859 -0.03128438
0.23208660 -0.03094355
0.23875072 -0.03059061
0.24547929 -0.03022622
0.25227067 -0.02985102
0.25912316 -0.02946559
0.26603509 -0.02907049
0.27300475 -0.02866624
0.28003042 -0.02825332
0.28711035 -0.02783218
0.29424282 -0.02740324
0.30142605 -0.02696688
0.30865828 -0.02652347
0.31593772 -0.02607333
0.32326258 -0.02561677
0.33063104 -0.02515409
0.33804129 -0.02468554
0.34549150 -0.02421139
0.35297984 -0.02373187
0.36050445 -0.02324722
0.36806348 -0.02275766
0.37565506 -0.02226341
0.38327732 -0.02176470
0.39092838 -0.02126175
0.39860635 -0.02075479
0.40630934 -0.02024406
0.41403545 -0.01972983
0.42178277 -0.01921234
0.42954938 -0.01869190
0.43733338 -0.01816879
0.44513284 -0.01764335
0.45294584 -0.01711592
0.46077045 -0.01658687
0.46860474 -0.01605659
0.47644677 -0.01552551
0.48429462 -0.01499407
0.49214634 -0.01446275
0.50000000 -0.01393204
0.50785366 -0.01340247
0.51570538 -0.01287460
0.52355323 -0.01234898
0.53139526 -0.01182623
0.53922955 -0.01130696
0.54705416 -0.01079180
0.55486716 -0.01028140
0.56266662 -0.00977642
0.57045062 -0.00927754
0.57821723 -0.00878544
0.58596455 -0.00830080
0.59369066 -0.00782431
0.60139365 -0.00735665
0.60907162 -0.00689849
0.61672268 -0.00645049
0.62434494 -0.00601329
0.63193652 -0.00558754
0.63949555 -0.00517383
0.64702016 -0.00477273
0.65450850 -0.00438480
0.66195871 -0.00401055
0.66936896 -0.00365045
0.67673742 -0.00330493
0.68406228 -0.00297439
0.69134172 -0.00265916
0.69857395 -0.00235954
0.70575718 -0.00207576
0.71288965 -0.00180801
0.71996958 -0.00155641
0.72699525 -0.00132104
0.73396491 -0.00110191
0.74087684 -0.00089897
0.74772933 -0.00071212
0.75452071 -0.00054119
0.76124928 -0.00038595
0.76791340 -0.00024614
0.77451141 -0.00012141
0.78104169 -0.00001137
0.78750263 0.00008442
0.79389263 0.00016645
0.80021011 0.00023526
0.80645353 0.00029142
0.81262133 0.00033557
0.81871199 0.00036835
0.82472402 0.00039046
0.83065593 0.00040260
0.83650626 0.00040552
0.84227355 0.00039998
0.84795640 0.00038674
0.85355339 0.00036659
0.85906315 0.00034031
0.86448431 0.00030868
0.86981555 0.00027248
0.87505553 0.00023247
0.88020298 0.00018941
0.88525662 0.00014403
0.89021520 0.00009703
0.89507751 0.00004910
0.89984233 0.00000088
0.90450850 -0.00004701
0.90907486 -0.00009400
0.91354029 -0.00013957
0.91790368 -0.00018322
0.92216396 -0.00022451
0.92632008 -0.00026306
0.93037101 -0.00029852
0.93431576 -0.00033060
0.93815334 -0.00035907
0.94188282 -0.00038374
0.94550326 -0.00040447
0.94901379 -0.00042119
0.95241353 -0.00043386
0.95570164 -0.00044249
0.95887731 -0.00044716
0.96193977 -0.00044796
0.96488824 -0.00044505
0.96772202 -0.00043862
0.97044038 -0.00042889
0.97304268 -0.00041612
0.97552826 -0.00040060
0.97789651 -0.00038264
0.98014684 -0.00036258
0.98227871 -0.00034076
0.98429158 -0.00031755
0.98618496 -0.00029332
0.98795838 -0.00026845
0.98961141 -0.00024331
0.99114363 -0.00021827
0.99255466 -0.00019371
0.99384417 -0.00016996
0.99501183 -0.00014736
0.99605735 -0.00012623
0.99698048 -0.00010686
0.99778098 -0.00008950
0.99845867 -0.00007441
0.99901336 -0.00006177
0.99944494 -0.00005177
0.99975328 -0.00004452
0.99993832 -0.00004014
1.00000000 -0.00003867
