sample_103
1.00000000 0.00155748
0.99993832 0.00157563
0.99975328 0.00163007
0.99944494 0.00172076
0.99901336 0.00184766
0.99845867 0.00201069
0.99778098 0.00220975
0.99698048 0.00244474
0.99605735 0.00271550
0.99501183 0.00302189
0.99384417 0.00336372
0.99255466 0.00374078
0.99114363 0.00415284
0.98961141 0.00459964
0.98795838 0.00508092
0.98618496 0.00559637
0.98429158 0.00614565
0.98227871 0.00672842
0.98014684 0.00734429
0.97789651 0.00799285
0.97552826 0.00867368
0.97304268 0.00938630
0.97044038 0.01013023
0.96772202 0.01090494
0.96488824 0.01170989
0.96193977 0.01254451
0.95887731 0.01340819
0.95570164 0.01430029
0.95241353 0.01522016
0.94901379 0.01616711
0.94550326 0.01714041
0.94188282 0.01813933
0.93815334 0.01916309
0.93431576 0.02021090
0.93037101 0.02128194
0.92632008 0.02237535
0.92216396 0.02349026
0.91790368 0.02462578
0.91354029 0.02578100
0.90907486 0.02695497
0.90450850 0.02814675
0.89984233 0.02935535
0.89507751 0.03057979
0.89021520 0.03181907
0.88525662 0.03307216
0.88020298 0.03433803
0.87505553 0.03561564
0.86981555 0.03690395
0.86448431 0.03820189
0.85906315 0.03950840
0.85355339 0.04082241
0.84795640 0.04214286
0.84227355 0.04346867
0.83650626 0.04479877
0.83065593 0.04613210
0.82472402 0.04746758
0.81871199 0.04880416
0.81262133 0.05014079
0.80645353 0.05147642
0.80021011 0.05281001
0.79389263 0.05414053
0.78750263 0.05546696
0.78104169 0.05678830
0.77451141 0.05810355
0.76791340 0.05941173
0.76124928 0.06071188
0.75452071 0.06200303
0.74772933 0.06328424
0.74087684 0.06455459
0.73396491 0.06581317
0.72699525 0.06705908
0.71996958 0.06829143
0.71288965 0.06950936
0.70575718 0.07071202
0.69857395 0.07189856
0.69134172 0.07306816
0.68406228 0.07422000
0.67673742 0.07535330
0.66936896 0.07646725
0.66195871 0.07756109
0.65450850 0.07863406
0.64702016 0.07968540
0.63949555 0.08071438
0.63193652 0.08172026
0.62434494 0.08270233
0.61672268 0.08365989
0.60907162 0.08459222
0.60139365 0.08549865
0.59369066 0.08637850
0.58596455 0.08723108
0.57821723 0.08805574
0.57045062 0.08885184
0.56266662 0.08961871
0.55486716 0.09035574
0.54705416 0.09106230
0.53922955 0.09173778
0.53139526 0.09238156
0.52355323 0.09299307
0.51570538 0.09357172
0.50785366 0.09411695
0.50000000 0.09462820
0.49214634 0.09510495
0.48429462 0.09554666
0.47644677 0.09595285
0.46860474 0.09632301
0.46077045 0.09665670
0.45294584 0.09695346
0.44513284 0.09721287
0.43733338 0.09743454
0.42954938 0.09761810
0.42178277 0.09776321
0.41403545 0.09786954
0.40630934 0.09793682
0.39860635 0.09796479
0.39092838 0.09795323
0.38327732 0.09790196
0.37565506 0.09781083
0.36806348 0.09767972
0.36050445 0.09750857
0.35297984 0.09729733
0.34549150 0.09704602
0.33804129 0.09675467
0.33063104 0.09642339
0.32326258 0.09605230
0.31593772 0.09564159
0.30865828 0.09519147
0.30142605 0.09470220
0.29424282 0.09417410
0.28711035 0.09360751
0.28003042 0.09300284
0.27300475 0.09236053
0.26603509 0.09168106
0.25912316 0.09096495
0.25227067 0.09021277
0.24547929 0.08942513
0.23875072 0.08860267
0.23208660 0.08774608
0.22548859 0.08685608
0.21895831 0.08593342
0.21249737 0.08497890
0.20610737 0.08399332
0.19978989 0.08297753
0.19354647 0.08193241
0.18737867 0.08085886
0.18128801 0.07975779
0.17527598 0.07863015
0.16934407 0.07747688
0.16349374 0.07629897
0.15772645 0.07509738
0.15204360 0.07387312
0.14644661 0.07262717
0.14093685 0.07136055
0.13551569 0.07007425
0.13018445 0.06876927
0.12494447 0.06744662
0.11979702 0.06610728
0.11474338 0.06475223
0.10978480 0.06338244
0.10492249 0.06199887
0.10015767 0.06060245
0.09549150 0.05919412
0.09092514 0.05777476
0.08645971 0.05634526
0.08209632 0.05490646
0.07783604 0.05345919
0.07367992 0.05200426
0.06962899 0.05054243
0.06568424 0.04907444
0.06184666 0.04760099
0.05811718 0.04612276
0.05449674 0.04464039
0.05098621 0.04315448
0.04758647 0.04166560
0.04429836 0.04017429
0.04112269 0.03868104
0.03806023 0.03718631
0.03511176 0.03569053
0.03227798 0.03419408
0.02955962 0.03269732
0.02695732 0.03120056
0.02447174 0.02970408
0.02210349 0.02820814
0.01985316 0.02671294
0.01772129 0.02521867
0.01570842 0.02372546
0.01381504 0.02223345
0.01204162 0.02074273
0.01038859 0.01925334
0.00885637 0.01776533
0.00744534 0.01627870
0.00615583 0.01479345
0.00498817 0.01330953
0.00394265 0.01182688
0.00301952 0.01034545
0.00221902 0.00886513
0.00154133 0.00738582
0.00098664 0.00590740
0.00055506 0.00442975
0.00024672 0.00295273
0.00006168 0.00147619
0.00000000 0.00000000
0.00006168 -0.00084484
0.00024672 -0.00168913
0.00055506 -0.00253232
0.00098664 -0.00337383
0.00154133 -0.00421310
0.00221902 -0.00504954
0.00301952 -0.00588258
0.00394265 -0.00671158
0.00498817 -0.00753594
0.00615583 -0.00835501
0.00744534 -0.00916813
0.00885637 -0.00997462
0.01038859 -0.01077377
0.01204162 -0.01156487
0.01381504 -0.01234718
0.01570842 -0.01311994
0.01772129 -0.01388237
0.01985316 -0.01463366
0.02210349 -0.01537302
0.02447174 -0.01609962
0.02695732 -0.01681263
0.02955962 -0.01751120
0.03227798 -0.01819450
0.03511176 -0.01886168
0.03806023 -0.01951190
0.04112269 -0.02014434
0.04429836 -0.02075817
0.04758647 -0.02135259
0.05098621 -0.02192682
0.05449674 -0.02248011
0.05811718 -0.02301174
0.06184666 -0.02352102
0.06568424 -0.02400730
0.06962899 -0.02446998
0.07367992 -0.02490852
0.07783604 -0.02532240
0.08209632 -0.02571119
0.08645971 -0.02607450
0.09092514 -0.02641202
0.09549150 -0.02672349
0.10015767 -0.02700873
0.10492249 -0.02726763
0.10978480 -0.02750013
0.11474338 -0.02770627
0.11979702 -0.02788616
0.12494447 -0.02803997
0.13018445 -0.02816795
0.13551569 -0.02827041
0.14093685 -0.02834775
0.14644661 -0.02840042
0.15204360 -0.02842894
0.15772645 -0.02843389
0.16349374 -0.02841591
0.16934407 -0.02837569
0.17527598 -0.02831397
0.18128801 -0.02823153
0.18737867 -0.02812919
0.19354647 -0.02800782
0.19978989 -0.02786829
0.20610737 -0.02771151
0.21249737 -0.02753840
0.21895831 -0.02734990
0.22548859 -0.02714694
0.23208660 -0.02693046
0.23875072 -0.02670139
0.24547929 -0.02646063
0.25227067 -0.02620909
0.25912316 -0.02594765
0.26603509 -0.02567714
0.27300475 -0.02539838
0.28003042 -0.02511215
0.28711035 -0.02481918
0.29424282 -0.02452017
0.30142605 -0.02421576
0.30865828 -0.02390655
0.31593772 -0.02359310
0.32326258 -0.02327589
0.33063104 -0.02295539
0.33804129 -0.02263197
0.34549150 -0.02230600
0.35297984 -0.02197775
0.36050445 -0.02164749
0.36806348 -0.02131541
0.37565506 -0.02098168
0.38327732 -0.02064640
0.39092838 -0.02030966
0.39860635 -0.01997151
0.40630934 -0.01963196
0.41403545 -0.01929102
0.42178277 -0.01894865
0.42954938 -0.01860482
0.43733338 -0.01825947
0.44513284 -0.01791255
0.45294584 -0.01756400
0.46077045 -0.01721377
0.46860474 -0.01686181
0.47644677 -0.01650810
0.48429462 -0.01615261
0.49214634 -0.01579537
0.50000000 -0.01543640
0.50785366 -0.01507577
0.51570538 -0.01471358
0.52355323 -0.01434996
0.53139526 -0.01398507
0.53922955 -0.01361913
0.54705416 -0.01325238
0.55486716 -0.01288511
0.56266662 -0.01251764
0.57045062 -0.01215034
0.57821723 -0.01178362
0.58596455 -0.01141791
0.59369066 -0.01105369
0.60139365 -0.01069148
0.60907162 -0.01033180
0.61672268 -0.00997522
0.62434494 -0.00962232
0.63193652 -0.00927370
0.63949555 -0.00892998
0.64702016 -0.00859178
0.65450850 -0.00825971
0.66195871 -0.00793441
0.66936896 -0.00761646
0.67673742 -0.00730649
0.68406228 -0.00700505
0.69134172 -0.00671269
0.69857395 -0.00642995
0.70575718 -0.00615730
0.71288965 -0.00589518
0.71996958 -0.00564400
0.72699525 -0.00540409
0.73396491 -0.00517575
0.74087684 -0.00495922
0.74772933 -0.00475467
0.75452071 -0.00456222
0.76124928 -0.00438191
0.76791340 -0.00421372
0.77451141 -0.00405757
0.78104169 -0.00391329
0.78750263 -0.00378069
0.79389263 -0.00365945
0.80021011 -0.00354925
0.80645353 -0.00344966
0.81262133 -0.00336021
0.81871199 -0.00328038
0.82472402 -0.00320959
0.83065593 -0.00314721
0.83650626 -0.00309258
0.84227355 -0.00304500
0.84795640 -0.00300373
0.85355339 -0.00296801
0.85906315 -0.00293707
0.86448431 -0.00291011
0.86981555 -0.00288634
0.87505553 -0.00286498
0.88020298 -0.00284524
0.88525662 -0.00282634
0.89021520 -0.00280755
0.89507751 -0.00278815
0.89984233 -0.00276745
0.90450850 -0.00274481
0.90907486 -0.00271963
0.91354029 -0.00269138
0.91790368 -0.00265957
0.92216396 -0.00262376
0.92632008 -0.00258359
0.93037101 -0.00253876
0.93431576 -0.00248905
0.93815334 -0.00243431
0.94188282 -0.00237443
0.94550326 -0.00230942
0.94901379 -0.00223934
0.95241353 -0.00216431
0.95570164 -0.00208454
0.95887731 -0.00200030
0.96193977 -0.00191192
0.96488824 -0.00181979
0.96772202 -0.00172437
0.97044038 -0.00162617
0.97304268 -0.00152572
0.97552826 -0.00142363
0.97789651 -0.00132052
0.98014684 -0.00121705
0.98227871 -0.00111391
0.98429158 -0.00101177
0.98618496 -0.00091136
0.98795838 -0.00081337
0.98961141 -0.00071851
0.99114363 -0.00062746
0.99255466 -0.00054090
0.99384417 -0.00045946
0.99501183 -0.00038377
0.99605735 -0.00031438
0.99698048 -0.00025184
0.99778098 -0.00019662
0.99845867 -0.00014915
0.99901336 -0.00010979
0.99944494 -0.00007886
0.99975328 -0.00005659
0.99993832 -0.00004316
1.00000000 -0.00003867
