sample_117
1.00000000 0.00155748
0.99993832 0.00157007
0.99975328 0.00160788
0.99944494 0.00167098
0.99901336 0.00175952
0.99845867 0.00187368
0.99778098 0.00201371
0.99698048 0.00217988
0.99605735 0.00237254
0.99501183 0.00259206
0.99384417 0.00283884
0.99255466 0.00311334
0.99114363 0.00341601
0.98961141 0.00374736
0.98795838 0.00410788
0.98618496 0.00449811
0.98429158 0.00491855
0.98227871 0.00536973
0.98014684 0.00585216
0.97789651 0.00636633
0.97552826 0.00691272
0.97304268 0.00749178
0.97044038 0.00810390
0.96772202 0.00874947
0.96488824 0.00942880
0.96193977 0.01014216
0.95887731 0.01088976
0.95570164 0.01167176
0.95241353 0.01248823
0.94901379 0.01333919
0.94550326 0.01422456
0.94188282 0.01514420
0.93815334 0.01609788
0.93431576 0.01708529
0.93037101 0.01810603
0.92632008 0.01915961
0.92216396 0.02024548
0.91790368 0.02136295
0.91354029 0.02251130
0.90907486 0.02368969
0.90450850 0.02489719
0.89984233 0.02613282
0.89507751 0.02739549
0.89021520 0.02868405
0.88525662 0.02999728
0.88020298 0.03133387
0.87505553 0.03269247
0.86981555 0.03407167
0.86448431 0.03546997
0.85906315 0.03688587
0.85355339 0.03831779
0.84795640 0.03976413
0.84227355 0.04122324
0.83650626 0.04269347
0.83065593 0.04417312
0.82472402 0.04566048
0.81871199 0.04715386
0.81262133 0.04865152
0.80645353 0.05015176
0.80021011 0.05165286
0.79389263 0.05315313
0.78750263 0.05465088
0.78104169 0.05614446
0.77451141 0.05763223
0.76791340 0.05911259
0.76124928 0.06058396
0.75452071 0.06204481
0.74772933 0.06349365
0.74087684 0.06492902
0.73396491 0.06634950
0.72699525 0.06775375
0.71996958 0.06914043
0.71288965 0.07050829
0.70575718 0.07185610
0.69857395 0.07318270
0.69134172 0.07448697
0.68406228 0.07576784
0.67673742 0.07702429
0.66936896 0.07825536
0.66195871 0.07946013
0.65450850 0.08063772
0.64702016 0.08178730
0.63949555 0.08290809
0.63193652 0.08399936
0.62434494 0.08506040
0.61672268 0.08609057
0.60907162 0.08708923
0.60139365 0.08805581
0.59369066 0.08898977
0.58596455 0.08989059
0.57821723 0.09075780
0.57045062 0.09159094
0.56266662 0.09238961
0.55486716 0.09315340
0.54705416 0.09388197
0.53922955 0.09457499
0.53139526 0.09523214
0.52355323 0.09585314
0.51570538 0.09643775
0.50785366 0.09698574
0.50000000 0.09749691
0.49214634 0.09797107
0.48429462 0.09840809
0.47644677 0.09880782
0.46860474 0.09917019
0.46077045 0.09949512
0.45294584 0.09978256
0.44513284 0.10003250
0.43733338 0.10024496
0.42954938 0.10041998
0.42178277 0.10055764
0.41403545 0.10065803
0.40630934 0.10072129
0.39860635 0.10074759
0.39092838 0.10073714
0.38327732 0.10069014
0.37565506 0.10060687
0.36806348 0.10048763
0.36050445 0.10033272
0.35297984 0.10014250
0.34549150 0.09991736
0.33804129 0.09965771
0.33063104 0.09936397
0.32326258 0.09903662
0.31593772 0.09867614
0.30865828 0.09828303
0.30142605 0.09785782
0.29424282 0.09740105
0.28711035 0.09691329
0.28003042 0.09639509
0.27300475 0.09584704
0.26603509 0.09526972
0.25912316 0.09466372
0.25227067 0.09402962
0.24547929 0.09336800
0.23875072 0.09267943
0.23208660 0.09196447
0.22548859 0.09122367
0.21895831 0.09045757
0.21249737 0.08966666
0.20610737 0.08885143
0.19978989 0.08801234
0.19354647 0.08714983
0.18737867 0.08626428
0.18128801 0.08535605
0.17527598 0.08442548
0.16934407 0.08347286
0.16349374 0.08249843
0.15772645 0.08150240
0.15204360 0.08048495
0.14644661 0.07944620
0.14093685 0.07838624
0.13551569 0.07730513
0.13018445 0.07620288
0.12494447 0.07507945
0.11979702 0.07393480
0.11474338 0.07276883
0.10978480 0.07158141
0.10492249 0.07037240
0.10015767 0.06914163
0.09549150 0.06788889
0.09092514 0.06661400
0.08645971 0.06531672
0.08209632 0.06399683
0.07783604 0.06265411
0.07367992 0.06128832
0.06962899 0.05989926
0.06568424 0.05848672
0.06184666 0.05705052
0.05811718 0.05559050
0.05449674 0.05410653
0.05098621 0.05259851
0.04758647 0.05106638
0.04429836 0.04951013
0.04112269 0.04792979
0.03806023 0.04632545
0.03511176 0.04469725
0.03227798 0.04304540
0.02955962 0.04137016
0.02695732 0.03967186
0.02447174 0.03795090
0.02210349 0.03620774
0.01985316 0.03444295
0.01772129 0.03265711
0.01570842 0.03085092
0.01381504 0.02902514
0.01204162 0.02718060
0.01038859 0.02531819
0.00885637 0.02343888
0.00744534 0.02154370
0.00615583 0.01963375
0.00498817 0.01771019
0.00394265 0.01577422
0.00301952 0.01382711
0.00221902 0.01187017
0.00154133 0.00990475
0.00098664 0.00793224
0.00055506 0.00595406
0.00024672 0.00397165
0.00006168 0.00198647
0.00000000 0.00000000
0.00006168 -0.00101849
0.00024672 -0.00203542
0.00055506 -0.00304924
0.00098664 -0.00405839
0.00154133 -0.00506134
0.00221902 -0.00605656
0.00301952 -0.00704253
0.00394265 -0.00801776
0.00498817 -0.00898079
0.00615583 -0.00993015
0.00744534 -0.01086444
0.00885637 -0.01178228
0.01038859 -0.01268230
0.01204162 -0.01356319
0.01381504 -0.01442370
0.01570842 -0.01526257
0.01772129 -0.01607865
0.01985316 -0.01687080
0.02210349 -0.01763794
0.02447174 -0.01837904
0.02695732 -0.01909316
0.02955962 -0.01977939
0.03227798 -0.02043690
0.03511176 -0.02106491
0.03806023 -0.02166272
0.04112269 -0.02222971
0.04429836 -0.02276532
0.04758647 -0.02326907
0.05098621 -0.02374055
0.05449674 -0.02417944
0.05811718 -0.02458548
0.06184666 -0.02495850
0.06568424 -0.02529841
0.06962899 -0.02560520
0.07367992 -0.02587895
0.07783604 -0.02611979
0.08209632 -0.02632795
0.08645971 -0.02650375
0.09092514 -0.02664755
0.09549150 -0.02675981
0.10015767 -0.02684107
0.10492249 -0.02689192
0.10978480 -0.02691303
0.11474338 -0.02690512
0.11979702 -0.02686899
0.12494447 -0.02680549
0.13018445 -0.02671553
0.13551569 -0.02660006
0.14093685 -0.02646007
0.14644661 -0.02629662
0.15204360 -0.02611077
0.15772645 -0.02590365
0.16349374 -0.02567639
0.16934407 -0.02543014
0.17527598 -0.02516609
0.18128801 -0.02488541
0.18737867 -0.02458932
0.19354647 -0.02427900
0.19978989 -0.02395565
0.20610737 -0.02362044
0.21249737 -0.02327456
0.21895831 -0.02291915
0.22548859 -0.02255534
0.23208660 -0.02218424
0.23875072 -0.02180692
0.24547929 -0.02142442
0.25227067 -0.02103774
0.25912316 -0.02064783
0.26603509 -0.02025561
0.27300475 -0.01986195
0.28003042 -0.01946768
0.28711035 -0.01907355
0.29424282 -0.01868029
0.30142605 -0.01828858
0.30865828 -0.01789901
0.31593772 -0.01751215
0.32326258 -0.01712852
0.33063104 -0.01674856
0.33804129 -0.01637270
0.34549150 -0.01600127
0.35297984 -0.01563460
0.36050445 -0.01527295
0.36806348 -0.01491654
0.37565506 -0.01456555
0.38327732 -0.01422012
0.39092838 -0.01388036
0.39860635 -0.01354635
0.40630934 -0.01321813
0.41403545 -0.01289573
0.42178277 -0.01257915
0.42954938 -0.01226838
0.43733338 -0.01196337
0.44513284 -0.01166410
0.45294584 -0.01137051
0.46077045 -0.01108255
0.46860474 -0.01080016
0.47644677 -0.01052330
0.48429462 -0.01025190
0.49214634 -0.00998594
0.50000000 -0.00972537
0.50785366 -0.00947017
0.51570538 -0.00922034
0.52355323 -0.00897588
0.53139526 -0.00873680
0.53922955 -0.00850315
0.54705416 -0.00827498
0.55486716 -0.00805234
0.56266662 -0.00783532
0.57045062 -0.00762402
0.57821723 -0.00741854
0.58596455 -0.00721902
0.59369066 -0.00702557
0.60139365 -0.00683835
0.60907162 -0.00665749
0.61672268 -0.00648316
0.62434494 -0.00631550
0.63193652 -0.00615466
0.63949555 -0.00600080
0.64702016 -0.00585404
0.65450850 -0.00571453
0.66195871 -0.00558238
0.66936896 -0.00545769
0.67673742 -0.00534054
0.68406228 -0.00523098
0.69134172 -0.00512905
0.69857395 -0.00503476
0.70575718 -0.00494808
0.71288965 -0.00486896
0.71996958 -0.00479730
0.72699525 -0.00473297
0.73396491 -0.00467581
0.74087684 -0.00462563
0.74772933 -0.00458217
0.75452071 -0.00454515
0.76124928 -0.00451427
0.76791340 -0.00448915
0.77451141 -0.00446941
0.78104169 -0.00445462
0.78750263 -0.00444431
0.79389263 -0.00443798
0.80021011 -0.00443511
0.80645353 -0.00443515
0.81262133 -0.00443752
0.81871199 -0.00444163
0.82472402 -0.00444686
0.83065593 -0.00445260
0.83650626 -0.00445822
0.84227355 -0.00446308
0.84795640 -0.00446655
0.85355339 -0.00446802
0.85906315 -0.00446687
0.86448431 -0.00446251
0.86981555 -0.00445437
0.87505553 -0.00444190
0.88020298 -0.00442459
0.88525662 -0.00440196
0.89021520 -0.00437358
0.89507751 -0.00433905
0.89984233 -0.00429802
0.90450850 -0.00425022
0.90907486 -0.00419539
0.91354029 -0.00413336
0.91790368 -0.00406402
0.92216396 -0.00398730
0.92632008 -0.00390321
0.93037101 -0.00381183
0.93431576 -0.00371328
0.93815334 -0.00360778
0.94188282 -0.00349558
0.94550326 -0.00337701
0.94901379 -0.00325247
0.95241353 -0.00312240
0.95570164 -0.00298731
0.95887731 -0.00284775
0.96193977 -0.00270433
0.96488824 -0.00255771
0.96772202 -0.00240858
0.97044038 -0.00225766
0.97304268 -0.00210573
0.97552826 -0.00195356
0.97789651 -0.00180195
0.98014684 -0.00165174
0.98227871 -0.00150374
0.98429158 -0.00135878
0.98618496 -0.00121768
0.98795838 -0.00108125
0.98961141 -0.00095029
0.99114363 -0.00082556
0.99255466 -0.00070781
0.99384417 -0.00059773
0.99501183 -0.00049600
0.99605735 -0.00040322
0.99698048 -0.00031996
0.99778098 -0.00024673
0.99845867 -0.00018398
0.99901336 -0.00013211
0.99944494 -0.00009142
0.99975328 -0.00006217
0.99993832 -0.00004456
1.00000000 -0.00003867
