sample_724
1.00000000 0.00155748
0.99993832 0.00157189
0.99975328 0.00161513
0.99944494 0.00168721
0.99901336 0.00178816
0.99845867 0.00191801
0.99778098 0.00207681
0.99698048 0.00226461
0.99605735 0.00248146
0.99501183 0.00272741
0.99384417 0.00300251
0.99255466 0.00330682
0.99114363 0.00364037
0.98961141 0.00400320
0.98795838 0.00439531
0.98618496 0.00481671
0.98429158 0.00526736
0.98227871 0.00574723
0.98014684 0.00625623
0.97789651 0.00679425
0.97552826 0.00736115
0.97304268 0.00795673
0.97044038 0.00858078
0.96772202 0.00923302
0.96488824 0.00991314
0.96193977 0.01062077
0.95887731 0.01135550
0.95570164 0.01211687
0.95241353 0.01290437
0.94901379 0.01371742
0.94550326 0.01455542
0.94188282 0.01541770
0.93815334 0.01630354
0.93431576 0.01721219
0.93037101 0.01814285
0.92632008 0.01909466
0.92216396 0.02006676
0.91790368 0.02105821
0.91354029 0.02206808
0.90907486 0.02309538
0.90450850 0.02413913
0.89984233 0.02519831
0.89507751 0.02627188
0.89021520 0.02735883
0.88525662 0.02845811
0.88020298 0.02956870
0.87505553 0.03068957
0.86981555 0.03181971
0.86448431 0.03295814
0.85906315 0.03410388
0.85355339 0.03525601
0.84795640 0.03641360
0.84227355 0.03757581
0.83650626 0.03874178
0.83065593 0.03991075
0.82472402 0.04108196
0.81871199 0.04225472
0.81262133 0.04342839
0.80645353 0.04460237
0.80021011 0.04577613
0.79389263 0.04694916
0.78750263 0.04812102
0.78104169 0.04929131
0.77451141 0.05045970
0.76791340 0.05162586
0.76124928 0.05278954
0.75452071 0.05395050
0.74772933 0.05510855
0.74087684 0.05626352
0.73396491 0.05741527
0.72699525 0.05856366
0.71996958 0.05970860
0.71288965 0.06084996
0.70575718 0.06198764
0.69857395 0.06312152
0.69134172 0.06425149
0.68406228 0.06537739
0.67673742 0.06649906
0.66936896 0.06761630
0.66195871 0.06872887
0.65450850 0.06983649
0.64702016 0.07093886
0.63949555 0.07203557
0.63193652 0.07312622
0.62434494 0.07421029
0.61672268 0.07528725
0.60907162 0.07635646
0.60139365 0.07741725
0.59369066 0.07846886
0.58596455 0.07951046
0.57821723 0.08054116
0.57045062 0.08156000
0.56266662 0.08256595
0.55486716 0.08355791
0.54705416 0.08453474
0.53922955 0.08549523
0.53139526 0.08643811
0.52355323 0.08736208
0.51570538 0.08826578
0.50785366 0.08914783
0.50000000 0.09000682
0.49214634 0.09084131
0.48429462 0.09164986
0.47644677 0.09243101
0.46860474 0.09318330
0.46077045 0.09390532
0.45294584 0.09459563
0.44513284 0.09525284
0.43733338 0.09587561
0.42954938 0.09646263
0.42178277 0.09701263
0.41403545 0.09752444
0.40630934 0.09799692
0.39860635 0.09842902
0.39092838 0.09881978
0.38327732 0.09916831
0.37565506 0.09947383
0.36806348 0.09973564
0.36050445 0.09995317
0.35297984 0.10012591
0.34549150 0.10025348
0.33804129 0.10033562
0.33063104 0.10037216
0.32326258 0.10036304
0.31593772 0.10030829
0.30865828 0.10020808
0.30142605 0.10006265
0.29424282 0.09987234
0.28711035 0.09963759
0.28003042 0.09935892
0.27300475 0.09903693
0.26603509 0.09867231
0.25912316 0.09826579
0.25227067 0.09781817
0.24547929 0.09733030
0.23875072 0.09680307
0.23208660 0.09623741
0.22548859 0.09563427
0.21895831 0.09499460
0.21249737 0.09431938
0.20610737 0.09360956
0.19978989 0.09286610
0.19354647 0.09208993
0.18737867 0.09128195
0.18128801 0.09044302
0.17527598 0.08957395
0.16934407 0.08867552
0.16349374 0.08774844
0.15772645 0.08679334
0.15204360 0.08581082
0.14644661 0.08480138
0.14093685 0.08376544
0.13551569 0.08270338
0.13018445 0.08161547
0.12494447 0.08050191
0.11979702 0.07936284
0.11474338 0.07819829
0.10978480 0.07700825
0.10492249 0.07579263
0.10015767 0.07455128
0.09549150 0.07328398
0.09092514 0.07199046
0.08645971 0.07067040
0.08209632 0.06932346
0.07783604 0.06794925
0.07367992 0.06654736
0.06962899 0.06511735
0.06568424 0.06365882
0.06184666 0.06217132
0.05811718 0.06065446
0.05449674 0.05910784
0.05098621 0.05753110
0.04758647 0.05592395
0.04429836 0.05428611
0.04112269 0.05261740
0.03806023 0.05091768
0.03511176 0.04918690
0.03227798 0.04742509
0.02955962 0.04563240
0.02695732 0.04380903
0.02447174 0.04195532
0.02210349 0.04007170
0.01985316 0.03815874
0.01772129 0.03621708
0.01570842 0.03424751
0.01381504 0.03225093
0.01204162 0.03022835
0.01038859 0.02818090
0.00885637 0.02610983
0.00744534 0.02401649
0.00615583 0.02190233
0.00498817 0.01976892
0.00394265 0.01761792
0.00301952 0.01545106
0.00221902 0.01327016
0.00154133 0.01107713
0.00098664 0.00887391
0.00055506 0.00666252
0.00024672 0.00444501
0.00006168 0.00222347
0.00000000 0.00000000
0.00006168 -0.00084637
0.00024672 -0.00169088
0.00055506 -0.00253169
0.00098664 -0.00336696
0.00154133 -0.00419486
0.00221902 -0.00501361
0.00301952 -0.00582143
0.00394265 -0.00661661
0.00498817 -0.00739745
0.00615583 -0.00816232
0.00744534 -0.00890963
0.00885637 -0.00963786
0.01038859 -0.01034556
0.01204162 -0.01103132
0.01381504 -0.01169383
0.01570842 -0.01233183
0.01772129 -0.01294418
0.01985316 -0.01352978
0.02210349 -0.01408765
0.02447174 -0.01461687
0.02695732 -0.01511664
0.02955962 -0.01558623
0.03227798 -0.01602502
0.03511176 -0.01643247
0.03806023 -0.01680816
0.04112269 -0.01715175
0.04429836 -0.01746299
0.04758647 -0.01774175
0.05098621 -0.01798797
0.05449674 -0.01820170
0.05811718 -0.01838309
0.06184666 -0.01853236
0.06568424 -0.01864983
0.06962899 -0.01873590
0.07367992 -0.01879106
0.07783604 -0.01881587
0.08209632 -0.01881099
0.08645971 -0.01877712
0.09092514 -0.01871504
0.09549150 -0.01862561
0.10015767 -0.01850973
0.10492249 -0.01836835
0.10978480 -0.01820250
0.11474338 -0.01801322
0.11979702 -0.01780161
0.12494447 -0.01756881
0.13018445 -0.01731597
0.13551569 -0.01704429
0.14093685 -0.01675496
0.14644661 -0.01644921
0.15204360 -0.01612828
0.15772645 -0.01579338
0.16349374 -0.01544577
0.16934407 -0.01508667
0.17527598 -0.01471730
0.18128801 -0.01433887
0.18737867 -0.01395257
0.19354647 -0.01355957
0.19978989 -0.01316102
0.20610737 -0.01275802
0.21249737 -0.01235167
0.21895831 -0.01194301
0.22548859 -0.01153305
0.23208660 -0.01112277
0.23875072 -0.01071310
0.24547929 -0.01030491
0.25227067 -0.00989906
0.25912316 -0.00949634
0.26603509 -0.00909751
0.27300475 -0.00870325
0.28003042 -0.00831424
0.28711035 -0.00793108
0.29424282 -0.00755432
0.30142605 -0.00718449
0.30865828 -0.00682205
0.31593772 -0.00646744
0.32326258 -0.00612102
0.33063104 -0.00578315
0.33804129 -0.00545411
0.34549150 -0.00513418
0.35297984 -0.00482358
0.36050445 -0.00452250
0.36806348 -0.00423110
0.37565506 -0.00394951
0.38327732 -0.00367784
0.39092838 -0.00341615
0.39860635 -0.00316450
0.40630934 -0.00292292
0.41403545 -0.00269144
0.42178277 -0.00247003
0.42954938 -0.00225870
0.43733338 -0.00205741
0.44513284 -0.00186612
0.45294584 -0.00168477
0.46077045 -0.00151333
0.46860474 -0.00135172
0.47644677 -0.00119987
0.48429462 -0.00105773
0.49214634 -0.00092521
0.50000000 -0.00080225
0.50785366 -0.00068877
0.51570538 -0.00058469
0.52355323 -0.00048993
0.53139526 -0.00040442
0.53922955 -0.00032808
0.54705416 -0.00026083
0.55486716 -0.00020258
0.56266662 -0.00015326
0.57045062 -0.00011277
0.57821723 -0.00008101
0.58596455 -0.00005790
0.59369066 -0.00004331
0.60139365 -0.00003715
0.60907162 -0.00003928
0.61672268 -0.00004956
0.62434494 -0.00006786
0.63193652 -0.00009401
0.63949555 -0.00012783
0.64702016 -0.00016913
0.65450850 -0.00021770
0.66195871 -0.00027331
0.66936896 -0.00033571
0.67673742 -0.00040464
0.68406228 -0.00047979
0.69134172 -0.00056087
0.69857395 -0.00064752
0.70575718 -0.00073940
0.71288965 -0.00083612
0.71996958 -0.00093727
0.72699525 -0.00104244
0.73396491 -0.00115116
0.74087684 -0.00126298
0.74772933 -0.00137740
0.75452071 -0.00149392
0.76124928 -0.00161201
0.76791340 -0.00173113
0.77451141 -0.00185073
0.78104169 -0.00197024
0.78750263 -0.00208910
0.79389263 -0.00220672
0.80021011 -0.00232253
0.80645353 -0.00243594
0.81262133 -0.00254637
0.81871199 -0.00265325
0.82472402 -0.00275602
0.83065593 -0.00285413
0.83650626 -0.00294704
0.84227355 -0.00303423
0.84795640 -0.00311521
0.85355339 -0.00318952
0.85906315 -0.00325671
0.86448431 -0.00331638
0.86981555 -0.00336816
0.87505553 -0.00341171
0.88020298 -0.00344674
0.88525662 -0.00347300
0.89021520 -0.00349029
0.89507751 -0.00349845
0.89984233 -0.00349737
0.90450850 -0.00348700
0.90907486 -0.00346734
0.91354029 -0.00343842
0.91790368 -0.00340036
0.92216396 -0.00335330
0.92632008 -0.00329746
0.93037101 -0.00323309
0.93431576 -0.00316052
0.93815334 -0.00308009
0.94188282 -0.00299222
0.94550326 -0.00289738
0.94901379 -0.00279606
0.95241353 -0.00268880
0.95570164 -0.00257621
0.95887731 -0.00245888
0.96193977 -0.00233748
0.96488824 -0.00221269
0.96772202 -0.00208521
0.97044038 -0.00195576
0.97304268 -0.00182510
0.97552826 -0.00169397
0.97789651 -0.00156314
0.98014684 -0.00143336
0.98227871 -0.00130540
0.98429158 -0.00118000
0.98618496 -0.00105792
0.98795838 -0.00093986
0.98961141 -0.00082655
0.99114363 -0.00071864
0.99255466 -0.00061678
0.99384417 -0.00052159
0.99501183 -0.00043364
0.99605735 -0.00035346
0.99698048 -0.00028152
0.99778098 -0.00021827
0.99845867 -0.00016409
0.99901336 -0.00011931
0.99944494 -0.00008419
0.99975328 -0.00005895
0.99993832 -0.00004375
1.00000000 -0.00003867
