sample_937
1.00000000 0.00155748
0.99993832 0.00157294
0.99975328 0.00161934
0.99944494 0.00169672
0.99901336 0.00180512
0.99845867 0.00194462
0.99778098 0.00211533
0.99698048 0.00231734
0.99605735 0.00255080
0.99501183 0.00281585
0.99384417 0.00311263
0.99255466 0.00344131
0.99114363 0.00380207
0.98961141 0.00419506
0.98795838 0.00462046
0.98618496 0.00507843
0.98429158 0.00556913
0.98227871 0.00609269
0.98014684 0.00664924
0.97789651 0.00723889
0.97552826 0.00786171
0.97304268 0.00851776
0.97044038 0.00920707
0.96772202 0.00992962
0.96488824 0.01068536
0.96193977 0.01147420
0.95887731 0.01229601
0.95570164 0.01315060
0.95241353 0.01403775
0.94901379 0.01495718
0.94550326 0.01590857
0.94188282 0.01689152
0.93815334 0.01790560
0.93431576 0.01895032
0.93037101 0.02002513
0.92632008 0.02112944
0.92216396 0.02226259
0.91790368 0.02342387
0.91354029 0.02461253
0.90907486 0.02582777
0.90450850 0.02706872
0.89984233 0.02833449
0.89507751 0.02962412
0.89021520 0.03093665
0.88525662 0.03227105
0.88020298 0.03362626
0.87505553 0.03500119
0.86981555 0.03639474
0.86448431 0.03780576
0.85906315 0.03923310
0.85355339 0.04067558
0.84795640 0.04213202
0.84227355 0.04360121
0.83650626 0.04508196
0.83065593 0.04657306
0.82472402 0.04807330
0.81871199 0.04958148
0.81262133 0.05109640
0.80645353 0.05261688
0.80021011 0.05414174
0.79389263 0.05566982
0.78750263 0.05719997
0.78104169 0.05873106
0.77451141 0.06026197
0.76791340 0.06179162
0.76124928 0.06331892
0.75452071 0.06484282
0.74772933 0.06636229
0.74087684 0.06787630
0.73396491 0.06938386
0.72699525 0.07088398
0.71996958 0.07237571
0.71288965 0.07385807
0.70575718 0.07533015
0.69857395 0.07679101
0.69134172 0.07823973
0.68406228 0.07967541
0.67673742 0.08109713
0.66936896 0.08250400
0.66195871 0.08389510
0.65450850 0.08526954
0.64702016 0.08662639
0.63949555 0.08796475
0.63193652 0.08928368
0.62434494 0.09058225
0.61672268 0.09185951
0.60907162 0.09311448
0.60139365 0.09434619
0.59369066 0.09555364
0.58596455 0.09673581
0.57821723 0.09789167
0.57045062 0.09902015
0.56266662 0.10012019
0.55486716 0.10119069
0.54705416 0.10223055
0.53922955 0.10323863
0.53139526 0.10421381
0.52355323 0.10515492
0.51570538 0.10606080
0.50785366 0.10693028
0.50000000 0.10776218
0.49214634 0.10855533
0.48429462 0.10930854
0.47644677 0.11002066
0.46860474 0.11069051
0.46077045 0.11131695
0.45294584 0.11189886
0.44513284 0.11243514
0.43733338 0.11292471
0.42954938 0.11336652
0.42178277 0.11375958
0.41403545 0.11410293
0.40630934 0.11439566
0.39860635 0.11463692
0.39092838 0.11482590
0.38327732 0.11496188
0.37565506 0.11504418
0.36806348 0.11507221
0.36050445 0.11504545
0.35297984 0.11496347
0.34549150 0.11482591
0.33804129 0.11463249
0.33063104 0.11438305
0.32326258 0.11407747
0.31593772 0.11371578
0.30865828 0.11329806
0.30142605 0.11282451
0.29424282 0.11229542
0.28711035 0.11171116
0.28003042 0.11107222
0.27300475 0.11037918
0.26603509 0.10963269
0.25912316 0.10883351
0.25227067 0.10798249
0.24547929 0.10708055
0.23875072 0.10612872
0.23208660 0.10512808
0.22548859 0.10407980
0.21895831 0.10298511
0.21249737 0.10184532
0.20610737 0.10066180
0.19978989 0.09943596
0.19354647 0.09816927
0.18737867 0.09686325
0.18128801 0.09551945
0.17527598 0.09413945
0.16934407 0.09272488
0.16349374 0.09127735
0.15772645 0.08979853
0.15204360 0.08829007
0.14644661 0.08675363
0.14093685 0.08519086
0.13551569 0.08360343
0.13018445 0.08199295
0.12494447 0.08036106
0.11979702 0.07870934
0.11474338 0.07703935
0.10978480 0.07535262
0.10492249 0.07365065
0.10015767 0.07193487
0.09549150 0.07020671
0.09092514 0.06846750
0.08645971 0.06671855
0.08209632 0.06496112
0.07783604 0.06319638
0.07367992 0.06142547
0.06962899 0.05964946
0.06568424 0.05786937
0.06184666 0.05608613
0.05811718 0.05430063
0.05449674 0.05251370
0.05098621 0.05072608
0.04758647 0.04893847
0.04429836 0.04715151
0.04112269 0.04536575
0.03806023 0.04358171
0.03511176 0.04179984
0.03227798 0.04002053
0.02955962 0.03824411
0.02695732 0.03647086
0.02447174 0.03470101
0.02210349 0.03293473
0.01985316 0.03117216
0.01772129 0.02941337
0.01570842 0.02765841
0.01381504 0.02590728
0.01204162 0.02415992
0.01038859 0.02241627
0.00885637 0.02067621
0.00744534 0.01893961
0.00615583 0.01720628
0.00498817 0.01547604
0.00394265 0.01374865
0.00301952 0.01202388
0.00221902 0.01030147
0.00154133 0.00858113
0.00098664 0.00686258
0.00055506 0.00514551
0.00024672 0.00342960
0.00006168 0.00171454
0.00000000 0.00000000
0.00006168 -0.00079489
0.00024672 -0.00158960
0.00055506 -0.00238393
0.00098664 -0.00317769
0.00154133 -0.00397066
0.00221902 -0.00476261
0.00301952 -0.00555331
0.00394265 -0.00634246
0.00498817 -0.00712978
0.00615583 -0.00791492
0.00744534 -0.00869754
0.00885637 -0.00947724
0.01038859 -0.01025357
0.01204162 -0.01102606
0.01381504 -0.01179421
0.01570842 -0.01255746
0.01772129 -0.01331522
0.01985316 -0.01406684
0.02210349 -0.01481167
0.02447174 -0.01554899
0.02695732 -0.01627804
0.02955962 -0.01699805
0.03227798 -0.01770820
0.03511176 -0.01840765
0.03806023 -0.01909553
0.04112269 -0.01977094
0.04429836 -0.02043297
0.04758647 -0.02108069
0.05098621 -0.02171318
0.05449674 -0.02232949
0.05811718 -0.02292868
0.06184666 -0.02350982
0.06568424 -0.02407199
0.06962899 -0.02461428
0.07367992 -0.02513580
0.07783604 -0.02563570
0.08209632 -0.02611315
0.08645971 -0.02656735
0.09092514 -0.02699756
0.09549150 -0.02740309
0.10015767 -0.02778327
0.10492249 -0.02813751
0.10978480 -0.02846528
0.11474338 -0.02876611
0.11979702 -0.02903959
0.12494447 -0.02928537
0.13018445 -0.02950321
0.13551569 -0.02969289
0.14093685 -0.02985431
0.14644661 -0.02998742
0.15204360 -0.03009226
0.15772645 -0.03016893
0.16349374 -0.03021763
0.16934407 -0.03023862
0.17527598 -0.03023222
0.18128801 -0.03019886
0.18737867 -0.03013901
0.19354647 -0.03005322
0.19978989 -0.02994210
0.20610737 -0.02980631
0.21249737 -0.02964661
0.21895831 -0.02946376
0.22548859 -0.02925860
0.23208660 -0.02903201
0.23875072 -0.02878492
0.24547929 -0.02851828
0.25227067 -0.02823308
0.25912316 -0.02793034
0.26603509 -0.02761109
0.27300475 -0.02727638
0.28003042 -0.02692729
0.28711035 -0.02656487
0.29424282 -0.02619022
0.30142605 -0.02580439
0.30865828 -0.02540846
0.31593772 -0.02500348
0.32326258 -0.02459049
0.33063104 -0.02417050
0.33804129 -0.02374452
0.34549150 -0.02331352
0.35297984 -0.02287845
0.36050445 -0.02244022
0.36806348 -0.02199971
0.37565506 -0.02155777
0.38327732 -0.02111521
0.39092838 -0.02067280
0.39860635 -0.02023128
0.40630934 -0.01979134
0.41403545 -0.01935363
0.42178277 -0.01891878
0.42954938 -0.01848736
0.43733338 -0.01805991
0.44513284 -0.01763692
0.45294584 -0.01721885
0.46077045 -0.01680613
0.46860474 -0.01639916
0.47644677 -0.01599828
0.48429462 -0.01560381
0.49214634 -0.01521606
0.50000000 -0.01483528
0.50785366 -0.01446170
0.51570538 -0.01409555
0.52355323 -0.01373700
0.53139526 -0.01338621
0.53922955 -0.01304332
0.54705416 -0.01270847
0.55486716 -0.01238174
0.56266662 -0.01206323
0.57045062 -0.01175300
0.57821723 -0.01145110
0.58596455 -0.01115759
0.59369066 -0.01087249
0.60139365 -0.01059580
0.60907162 -0.01032754
0.61672268 -0.01006769
0.62434494 -0.00981623
0.63193652 -0.00957312
0.63949555 -0.00933833
0.64702016 -0.00911180
0.65450850 -0.00889345
0.66195871 -0.00868320
0.66936896 -0.00848095
0.67673742 -0.00828660
0.68406228 -0.00810003
0.69134172 -0.00792108
0.69857395 -0.00774962
0.70575718 -0.00758546
0.71288965 -0.00742843
0.71996958 -0.00727831
0.72699525 -0.00713490
0.73396491 -0.00699794
0.74087684 -0.00686719
0.74772933 -0.00674238
0.75452071 -0.00662320
0.76124928 -0.00650937
0.76791340 -0.00640055
0.77451141 -0.00629640
0.78104169 -0.00619658
0.78750263 -0.00610072
0.79389263 -0.00600843
0.80021011 -0.00591933
0.80645353 -0.00583302
0.81262133 -0.00574909
0.81871199 -0.00566714
0.82472402 -0.00558673
0.83065593 -0.00550747
0.83650626 -0.00542892
0.84227355 -0.00535070
0.84795640 -0.00527238
0.85355339 -0.00519357
0.85906315 -0.00511390
0.86448431 -0.00503299
0.86981555 -0.00495050
0.87505553 -0.00486609
0.88020298 -0.00477946
0.88525662 -0.00469033
0.89021520 -0.00459845
0.89507751 -0.00450359
0.89984233 -0.00440557
0.90450850 -0.00430423
0.90907486 -0.00419946
0.91354029 -0.00409117
0.91790368 -0.00397933
0.92216396 -0.00386394
0.92632008 -0.00374504
0.93037101 -0.00362271
0.93431576 -0.00349709
0.93815334 -0.00336833
0.94188282 -0.00323665
0.94550326 -0.00310230
0.94901379 -0.00296556
0.95241353 -0.00282677
0.95570164 -0.00268627
0.95887731 -0.00254448
0.96193977 -0.00240182
0.96488824 -0.00225873
0.96772202 -0.00211571
0.97044038 -0.00197326
0.97304268 -0.00183190
0.97552826 -0.00169217
0.97789651 -0.00155462
0.98014684 -0.00141980
0.98227871 -0.00128829
0.98429158 -0.00116063
0.98618496 -0.00103739
0.98795838 -0.00091912
0.98961141 -0.00080635
0.99114363 -0.00069959
0.99255466 -0.00059936
0.99384417 -0.00050612
0.99501183 -0.00042032
0.99605735 -0.00034237
0.99698048 -0.00027266
0.99778098 -0.00021152
0.99845867 -0.00015926
0.99901336 -0.00011614
0.99944494 -0.00008237
0.99975328 -0.00005813
0.99993832 -0.00004354
1.00000000 -0.00003867
