sample_642
1.00000000 0.00155748
0.99993832 0.00157689
0.99975328 0.00163509
0.99944494 0.00173199
0.99901336 0.00186745
0.99845867 0.00204125
0.99778098 0.00225312
0.99698048 0.00250275
0.99605735 0.00278975
0.99501183 0.00311369
0.99384417 0.00347408
0.99255466 0.00387037
0.99114363 0.00430197
0.98961141 0.00476824
0.98795838 0.00526849
0.98618496 0.00580199
0.98429158 0.00636797
0.98227871 0.00696560
0.98014684 0.00759403
0.97789651 0.00825238
0.97552826 0.00893973
0.97304268 0.00965513
0.97044038 0.01039759
0.96772202 0.01116613
0.96488824 0.01195972
0.96193977 0.01277732
0.95887731 0.01361789
0.95570164 0.01448036
0.95241353 0.01536366
0.94901379 0.01626671
0.94550326 0.01718844
0.94188282 0.01812776
0.93815334 0.01908361
0.93431576 0.02005491
0.93037101 0.02104062
0.92632008 0.02203968
0.92216396 0.02305107
0.91790368 0.02407377
0.91354029 0.02510680
0.90907486 0.02614919
0.90450850 0.02719999
0.89984233 0.02825829
0.89507751 0.02932321
0.89021520 0.03039388
0.88525662 0.03146949
0.88020298 0.03254924
0.87505553 0.03363239
0.86981555 0.03471820
0.86448431 0.03580602
0.85906315 0.03689519
0.85355339 0.03798511
0.84795640 0.03907522
0.84227355 0.04016499
0.83650626 0.04125394
0.83065593 0.04234162
0.82472402 0.04342762
0.81871199 0.04451158
0.81262133 0.04559316
0.80645353 0.04667206
0.80021011 0.04774801
0.79389263 0.04882079
0.78750263 0.04989020
0.78104169 0.05095607
0.77451141 0.05201825
0.76791340 0.05307663
0.76124928 0.05413111
0.75452071 0.05518163
0.74772933 0.05622811
0.74087684 0.05727053
0.73396491 0.05830884
0.72699525 0.05934304
0.71996958 0.06037311
0.71288965 0.06139903
0.70575718 0.06242081
0.69857395 0.06343841
0.69134172 0.06445182
0.68406228 0.06546102
0.67673742 0.06646595
0.66936896 0.06746656
0.66195871 0.06846277
0.65450850 0.06945447
0.64702016 0.07044154
0.63949555 0.07142381
0.63193652 0.07240112
0.62434494 0.07337322
0.61672268 0.07433986
0.60907162 0.07530075
0.60139365 0.07625554
0.59369066 0.07720386
0.58596455 0.07814528
0.57821723 0.07907931
0.57045062 0.08000545
0.56266662 0.08092311
0.55486716 0.08183168
0.54705416 0.08273048
0.53922955 0.08361880
0.53139526 0.08449586
0.52355323 0.08536083
0.51570538 0.08621284
0.50785366 0.08705097
0.50000000 0.08787424
0.49214634 0.08868165
0.48429462 0.08947213
0.47644677 0.09024456
0.46860474 0.09099782
0.46077045 0.09173072
0.45294584 0.09244204
0.44513284 0.09313054
0.43733338 0.09379495
0.42954938 0.09443396
0.42178277 0.09504627
0.41403545 0.09563053
0.40630934 0.09618541
0.39860635 0.09670956
0.39092838 0.09720163
0.38327732 0.09766026
0.37565506 0.09808414
0.36806348 0.09847192
0.36050445 0.09882231
0.35297984 0.09913402
0.34549150 0.09940580
0.33804129 0.09963645
0.33063104 0.09982477
0.32326258 0.09996965
0.31593772 0.10007000
0.30865828 0.10012479
0.30142605 0.10013307
0.29424282 0.10009393
0.28711035 0.10000655
0.28003042 0.09987015
0.27300475 0.09968408
0.26603509 0.09944771
0.25912316 0.09916055
0.25227067 0.09882217
0.24547929 0.09843222
0.23875072 0.09799046
0.23208660 0.09749674
0.22548859 0.09695101
0.21895831 0.09635330
0.21249737 0.09570376
0.20610737 0.09500261
0.19978989 0.09425020
0.19354647 0.09344696
0.18737867 0.09259341
0.18128801 0.09169016
0.17527598 0.09073795
0.16934407 0.08973756
0.16349374 0.08868988
0.15772645 0.08759589
0.15204360 0.08645665
0.14644661 0.08527328
0.14093685 0.08404698
0.13551569 0.08277903
0.13018445 0.08147074
0.12494447 0.08012353
0.11979702 0.07873881
0.11474338 0.07731807
0.10978480 0.07586285
0.10492249 0.07437470
0.10015767 0.07285519
0.09549150 0.07130595
0.09092514 0.06972858
0.08645971 0.06812472
0.08209632 0.06649599
0.07783604 0.06484402
0.07367992 0.06317043
0.06962899 0.06147680
0.06568424 0.05976470
0.06184666 0.05803568
0.05811718 0.05629125
0.05449674 0.05453287
0.05098621 0.05276195
0.04758647 0.05097987
0.04429836 0.04918794
0.04112269 0.04738741
0.03806023 0.04557948
0.03511176 0.04376527
0.03227798 0.04194584
0.02955962 0.04012216
0.02695732 0.03829515
0.02447174 0.03646565
0.02210349 0.03463442
0.01985316 0.03280213
0.01772129 0.03096941
0.01570842 0.02913677
0.01381504 0.02730467
0.01204162 0.02547351
0.01038859 0.02364359
0.00885637 0.02181515
0.00744534 0.01998837
0.00615583 0.01816338
0.00498817 0.01634021
0.00394265 0.01451888
0.00301952 0.01269933
0.00221902 0.01088147
0.00154133 0.00906517
0.00098664 0.00725024
0.00055506 0.00543650
0.00024672 0.00362371
0.00006168 0.00181163
0.00000000 0.00000000
0.00006168 -0.00126933
0.00024672 -0.00253702
0.00055506 -0.00380144
0.00098664 -0.00506093
0.00154133 -0.00631390
0.00221902 -0.00755872
0.00301952 -0.00879383
0.00394265 -0.01001765
0.00498817 -0.01122865
0.00615583 -0.01242534
0.00744534 -0.01360625
0.00885637 -0.01476996
0.01038859 -0.01591507
0.01204162 -0.01704026
0.01381504 -0.01814424
0.01570842 -0.01922577
0.01772129 -0.02028366
0.01985316 -0.02131681
0.02210349 -0.02232415
0.02447174 -0.02330468
0.02695732 -0.02425747
0.02955962 -0.02518167
0.03227798 -0.02607647
0.03511176 -0.02694116
0.03806023 -0.02777508
0.04112269 -0.02857767
0.04429836 -0.02934843
0.04758647 -0.03008693
0.05098621 -0.03079282
0.05449674 -0.03146584
0.05811718 -0.03210578
0.06184666 -0.03271254
0.06568424 -0.03328606
0.06962899 -0.03382637
0.07367992 -0.03433358
0.07783604 -0.03480785
0.08209632 -0.03524942
0.08645971 -0.03565859
0.09092514 -0.03603574
0.09549150 -0.03638130
0.10015767 -0.03669575
0.10492249 -0.03697962
0.10978480 -0.03723352
0.11474338 -0.03745808
0.11979702 -0.03765398
0.12494447 -0.03782195
0.13018445 -0.03796273
0.13551569 -0.03807711
0.14093685 -0.03816591
0.14644661 -0.03822994
0.15204360 -0.03827007
0.15772645 -0.03828715
0.16349374 -0.03828206
0.16934407 -0.03825565
0.17527598 -0.03820880
0.18128801 -0.03814237
0.18737867 -0.03805722
0.19354647 -0.03795419
0.19978989 -0.03783409
0.20610737 -0.03769773
0.21249737 -0.03754587
0.21895831 -0.03737928
0.22548859 -0.03719865
0.23208660 -0.03700468
0.23875072 -0.03679802
0.24547929 -0.03657927
0.25227067 -0.03634900
0.25912316 -0.03610775
0.26603509 -0.03585600
0.27300475 -0.03559422
0.28003042 -0.03532280
0.28711035 -0.03504212
0.29424282 -0.03475250
0.30142605 -0.03445425
0.30865828 -0.03414762
0.31593772 -0.03383282
0.32326258 -0.03351006
0.33063104 -0.03317947
0.33804129 -0.03284121
0.34549150 -0.03249538
0.35297984 -0.03214206
0.36050445 -0.03178133
0.36806348 -0.03141323
0.37565506 -0.03103783
0.38327732 -0.03065516
0.39092838 -0.03026525
0.39860635 -0.02986815
0.40630934 -0.02946391
0.41403545 -0.02905258
0.42178277 -0.02863422
0.42954938 -0.02820894
0.43733338 -0.02777682
0.44513284 -0.02733800
0.45294584 -0.02689264
0.46077045 -0.02644092
0.46860474 -0.02598305
0.47644677 -0.02551929
0.48429462 -0.02504991
0.49214634 -0.02457525
0.50000000 -0.02409565
0.50785366 -0.02361152
0.51570538 -0.02312328
0.52355323 -0.02263141
0.53139526 -0.02213641
0.53922955 -0.02163882
0.54705416 -0.02113923
0.55486716 -0.02063824
0.56266662 -0.02013649
0.57045062 -0.01963465
0.57821723 -0.01913339
0.58596455 -0.01863343
0.59369066 -0.01813550
0.60139365 -0.01764032
0.60907162 -0.01714864
0.61672268 -0.01666122
0.62434494 -0.01617879
0.63193652 -0.01570209
0.63949555 -0.01523185
0.64702016 -0.01476878
0.65450850 -0.01431359
0.66195871 -0.01386692
0.66936896 -0.01342941
0.67673742 -0.01300168
0.68406228 -0.01258427
0.69134172 -0.01217770
0.69857395 -0.01178244
0.70575718 -0.01139892
0.71288965 -0.01102749
0.71996958 -0.01066847
0.72699525 -0.01032209
0.73396491 -0.00998855
0.74087684 -0.00966797
0.74772933 -0.00936041
0.75452071 -0.00906585
0.76124928 -0.00878424
0.76791340 -0.00851543
0.77451141 -0.00825923
0.78104169 -0.00801538
0.78750263 -0.00778355
0.79389263 -0.00756337
0.80021011 -0.00735441
0.80645353 -0.00715618
0.81262133 -0.00696816
0.81871199 -0.00678977
0.82472402 -0.00662041
0.83065593 -0.00645942
0.83650626 -0.00630614
0.84227355 -0.00615987
0.84795640 -0.00601991
0.85355339 -0.00588552
0.85906315 -0.00575600
0.86448431 -0.00563059
0.86981555 -0.00550860
0.87505553 -0.00538932
0.88020298 -0.00527205
0.88525662 -0.00515614
0.89021520 -0.00504095
0.89507751 -0.00492590
0.89984233 -0.00481041
0.90450850 -0.00469398
0.90907486 -0.00457615
0.91354029 -0.00445651
0.91790368 -0.00433470
0.92216396 -0.00421044
0.92632008 -0.00408348
0.93037101 -0.00395366
0.93431576 -0.00382088
0.93815334 -0.00368509
0.94188282 -0.00354632
0.94550326 -0.00340467
0.94901379 -0.00326029
0.95241353 -0.00311339
0.95570164 -0.00296425
0.95887731 -0.00281321
0.96193977 -0.00266067
0.96488824 -0.00250705
0.96772202 -0.00235285
0.97044038 -0.00219860
0.97304268 -0.00204487
0.97552826 -0.00189225
0.97789651 -0.00174138
0.98014684 -0.00159290
0.98227871 -0.00144748
0.98429158 -0.00130579
0.98618496 -0.00116850
0.98795838 -0.00103628
0.98961141 -0.00090981
0.99114363 -0.00078972
0.99255466 -0.00067665
0.99384417 -0.00057119
0.99501183 -0.00047392
0.99605735 -0.00038537
0.99698048 -0.00030601
0.99778098 -0.00023631
0.99845867 -0.00017664
0.99901336 -0.00012735
0.99944494 -0.00008872
0.99975328 -0.00006097
0.99993832 -0.00004425
1.00000000 -0.00003867
