sample_1426
1.00000000 0.00155748
0.99993832 0.00156958
0.99975328 0.00160592
0.99944494 0.00166655
0.99901336 0.00175162
0.99845867 0.00186127
0.99778098 0.00199571
0.99698048 0.00215521
0.99605735 0.00234006
0.99501183 0.00255057
0.99384417 0.00278711
0.99255466 0.00305006
0.99114363 0.00333985
0.98961141 0.00365688
0.98795838 0.00400162
0.98618496 0.00437450
0.98429158 0.00477599
0.98227871 0.00520653
0.98014684 0.00566658
0.97789651 0.00615656
0.97552826 0.00667688
0.97304268 0.00722793
0.97044038 0.00781007
0.96772202 0.00842361
0.96488824 0.00906883
0.96193977 0.00974597
0.95887731 0.01045521
0.95570164 0.01119668
0.95241353 0.01197044
0.94901379 0.01277650
0.94550326 0.01361482
0.94188282 0.01448525
0.93815334 0.01538761
0.93431576 0.01632163
0.93037101 0.01728697
0.92632008 0.01828322
0.92216396 0.01930990
0.91790368 0.02036645
0.91354029 0.02145224
0.90907486 0.02256657
0.90450850 0.02370867
0.89984233 0.02487771
0.89507751 0.02607278
0.89021520 0.02729293
0.88525662 0.02853715
0.88020298 0.02980436
0.87505553 0.03109345
0.86981555 0.03240325
0.86448431 0.03373257
0.85906315 0.03508015
0.85355339 0.03644474
0.84795640 0.03782504
0.84227355 0.03921974
0.83650626 0.04062750
0.83065593 0.04204699
0.82472402 0.04347687
0.81871199 0.04491578
0.81262133 0.04636239
0.80645353 0.04781536
0.80021011 0.04927337
0.79389263 0.05073513
0.78750263 0.05219935
0.78104169 0.05366476
0.77451141 0.05513015
0.76791340 0.05659429
0.76124928 0.05805602
0.75452071 0.05951421
0.74772933 0.06096773
0.74087684 0.06241554
0.73396491 0.06385658
0.72699525 0.06528987
0.71996958 0.06671444
0.71288965 0.06812936
0.70575718 0.06953375
0.69857395 0.07092674
0.69134172 0.07230750
0.68406228 0.07367524
0.67673742 0.07502919
0.66936896 0.07636860
0.66195871 0.07769276
0.65450850 0.07900094
0.64702016 0.08029248
0.63949555 0.08156670
0.63193652 0.08282293
0.62434494 0.08406053
0.61672268 0.08527885
0.60907162 0.08647724
0.60139365 0.08765506
0.59369066 0.08881166
0.58596455 0.08994638
0.57821723 0.09105857
0.57045062 0.09214754
0.56266662 0.09321262
0.55486716 0.09425311
0.54705416 0.09526829
0.53922955 0.09625744
0.53139526 0.09721982
0.52355323 0.09815465
0.51570538 0.09906118
0.50785366 0.09993859
0.50000000 0.10078609
0.49214634 0.10160286
0.48429462 0.10238805
0.47644677 0.10314082
0.46860474 0.10386032
0.46077045 0.10454569
0.45294584 0.10519606
0.44513284 0.10581056
0.43733338 0.10638833
0.42954938 0.10692851
0.42178277 0.10743026
0.41403545 0.10789273
0.40630934 0.10831510
0.39860635 0.10869658
0.39092838 0.10903638
0.38327732 0.10933375
0.37565506 0.10958798
0.36806348 0.10979838
0.36050445 0.10996430
0.35297984 0.11008515
0.34549150 0.11016035
0.33804129 0.11018941
0.33063104 0.11017186
0.32326258 0.11010730
0.31593772 0.10999538
0.30865828 0.10983580
0.30142605 0.10962834
0.29424282 0.10937283
0.28711035 0.10906916
0.28003042 0.10871728
0.27300475 0.10831723
0.26603509 0.10786908
0.25912316 0.10737298
0.25227067 0.10682915
0.24547929 0.10623786
0.23875072 0.10559944
0.23208660 0.10491429
0.22548859 0.10418287
0.21895831 0.10340567
0.21249737 0.10258327
0.20610737 0.10171628
0.19978989 0.10080535
0.19354647 0.09985119
0.18737867 0.09885455
0.18128801 0.09781621
0.17527598 0.09673699
0.16934407 0.09561775
0.16349374 0.09445937
0.15772645 0.09326275
0.15204360 0.09202881
0.14644661 0.09075849
0.14093685 0.08945277
0.13551569 0.08811259
0.13018445 0.08673894
0.12494447 0.08533279
0.11979702 0.08389512
0.11474338 0.08242692
0.10978480 0.08092914
0.10492249 0.07940277
0.10015767 0.07784876
0.09549150 0.07626805
0.09092514 0.07466158
0.08645971 0.07303026
0.08209632 0.07137501
0.07783604 0.06969669
0.07367992 0.06799619
0.06962899 0.06627435
0.06568424 0.06453200
0.06184666 0.06276995
0.05811718 0.06098899
0.05449674 0.05918989
0.05098621 0.05737340
0.04758647 0.05554026
0.04429836 0.05369117
0.04112269 0.05182684
0.03806023 0.04994795
0.03511176 0.04805516
0.03227798 0.04614911
0.02955962 0.04423045
0.02695732 0.04229979
0.02447174 0.04035775
0.02210349 0.03840492
0.01985316 0.03644189
0.01772129 0.03446924
0.01570842 0.03248754
0.01381504 0.03049737
0.01204162 0.02849928
0.01038859 0.02649382
0.00885637 0.02448155
0.00744534 0.02246300
0.00615583 0.02043874
0.00498817 0.01840930
0.00394265 0.01637521
0.00301952 0.01433702
0.00221902 0.01229527
0.00154133 0.01025049
0.00098664 0.00820323
0.00055506 0.00615401
0.00024672 0.00410337
0.00006168 0.00205186
0.00000000 0.00000000
0.00006168 -0.00129850
0.00024672 -0.00259576
0.00055506 -0.00389051
0.00098664 -0.00518151
0.00154133 -0.00646750
0.00221902 -0.00774723
0.00301952 -0.00901946
0.00394265 -0.01028294
0.00498817 -0.01153645
0.00615583 -0.01277874
0.00744534 -0.01400859
0.00885637 -0.01522479
0.01038859 -0.01642613
0.01204162 -0.01761142
0.01381504 -0.01877947
0.01570842 -0.01992911
0.01772129 -0.02105921
0.01985316 -0.02216862
0.02210349 -0.02325623
0.02447174 -0.02432098
0.02695732 -0.02536179
0.02955962 -0.02637765
0.03227798 -0.02736755
0.03511176 -0.02833055
0.03806023 -0.02926571
0.04112269 -0.03017216
0.04429836 -0.03104908
0.04758647 -0.03189566
0.05098621 -0.03271117
0.05449674 -0.03349494
0.05811718 -0.03424632
0.06184666 -0.03496475
0.06568424 -0.03564971
0.06962899 -0.03630077
0.07367992 -0.03691753
0.07783604 -0.03749966
0.08209632 -0.03804693
0.08645971 -0.03855914
0.09092514 -0.03903618
0.09549150 -0.03947799
0.10015767 -0.03988459
0.10492249 -0.04025608
0.10978480 -0.04059261
0.11474338 -0.04089440
0.11979702 -0.04116173
0.12494447 -0.04139495
0.13018445 -0.04159448
0.13551569 -0.04176077
0.14093685 -0.04189435
0.14644661 -0.04199579
0.15204360 -0.04206571
0.15772645 -0.04210478
0.16349374 -0.04211370
0.16934407 -0.04209322
0.17527598 -0.04204411
0.18128801 -0.04196716
0.18737867 -0.04186321
0.19354647 -0.04173308
0.19978989 -0.04157764
0.20610737 -0.04139775
0.21249737 -0.04119426
0.21895831 -0.04096805
0.22548859 -0.04071997
0.23208660 -0.04045086
0.23875072 -0.04016157
0.24547929 -0.03985291
0.25227067 -0.03952567
0.25912316 -0.03918062
0.26603509 -0.03881851
0.27300475 -0.03844004
0.28003042 -0.03804591
0.28711035 -0.03763676
0.29424282 -0.03721320
0.30142605 -0.03677581
0.30865828 -0.03632513
0.31593772 -0.03586167
0.32326258 -0.03538590
0.33063104 -0.03489826
0.33804129 -0.03439914
0.34549150 -0.03388892
0.35297984 -0.03336795
0.36050445 -0.03283654
0.36806348 -0.03229499
0.37565506 -0.03174357
0.38327732 -0.03118254
0.39092838 -0.03061215
0.39860635 -0.03003263
0.40630934 -0.02944421
0.41403545 -0.02884713
0.42178277 -0.02824161
0.42954938 -0.02762791
0.43733338 -0.02700628
0.44513284 -0.02637698
0.45294584 -0.02574031
0.46077045 -0.02509659
0.46860474 -0.02444615
0.47644677 -0.02378938
0.48429462 -0.02312667
0.49214634 -0.02245848
0.50000000 -0.02178528
0.50785366 -0.02110761
0.51570538 -0.02042602
0.52355323 -0.01974112
0.53139526 -0.01905358
0.53922955 -0.01836408
0.54705416 -0.01767336
0.55486716 -0.01698221
0.56266662 -0.01629144
0.57045062 -0.01560191
0.57821723 -0.01491452
0.58596455 -0.01423019
0.59369066 -0.01354987
0.60139365 -0.01287456
0.60907162 -0.01220524
0.61672268 -0.01154294
0.62434494 -0.01088867
0.63193652 -0.01024348
0.63949555 -0.00960838
0.64702016 -0.00898441
0.65450850 -0.00837257
0.66195871 -0.00777386
0.66936896 -0.00718925
0.67673742 -0.00661967
0.68406228 -0.00606603
0.69134172 -0.00552918
0.69857395 -0.00500993
0.70575718 -0.00450904
0.71288965 -0.00402721
0.71996958 -0.00356507
0.72699525 -0.00312319
0.73396491 -0.00270205
0.74087684 -0.00230208
0.74772933 -0.00192361
0.75452071 -0.00156690
0.76124928 -0.00123212
0.76791340 -0.00091936
0.77451141 -0.00062863
0.78104169 -0.00035984
0.78750263 -0.00011283
0.79389263 0.00011266
0.80021011 0.00031697
0.80645353 0.00050050
0.81262133 0.00066374
0.81871199 0.00080727
0.82472402 0.00093171
0.83065593 0.00103777
0.83650626 0.00112620
0.84227355 0.00119783
0.84795640 0.00125351
0.85355339 0.00129416
0.85906315 0.00132071
0.86448431 0.00133415
0.86981555 0.00133546
0.87505553 0.00132568
0.88020298 0.00130581
0.88525662 0.00127688
0.89021520 0.00123993
0.89507751 0.00119597
0.89984233 0.00114598
0.90450850 0.00109095
0.90907486 0.00103181
0.91354029 0.00096948
0.91790368 0.00090482
0.92216396 0.00083866
0.92632008 0.00077177
0.93037101 0.00070488
0.93431576 0.00063864
0.93815334 0.00057368
0.94188282 0.00051053
0.94550326 0.00044968
0.94901379 0.00039155
0.95241353 0.00033649
0.95570164 0.00028481
0.95887731 0.00023672
0.96193977 0.00019240
0.96488824 0.00015195
0.96772202 0.00011544
0.97044038 0.00008286
0.97304268 0.00005415
0.97552826 0.00002923
0.97789651 0.00000794
0.98014684 -0.00000988
0.98227871 -0.00002446
0.98429158 -0.00003603
0.98618496 -0.00004485
0.98795838 -0.00005121
0.98961141 -0.00005540
0.99114363 -0.00005772
0.99255466 -0.00005848
0.99384417 -0.00005798
0.99501183 -0.00005650
0.99605735 -0.00005434
0.99698048 -0.00005175
0.99778098 -0.00004898
0.99845867 -0.00004625
0.99901336 -0.00004374
0.99944494 -0.00004162
0.99975328 -0.00004001
0.99993832 -0.00003901
1.00000000 -0.00003867
