sample_1016
1.00000000 0.00155748
0.99993832 0.00157140
0.99975328 0.00161319
0.99944494 0.00168289
0.99901336 0.00178063
0.99845867 0.00190654
0.99778098 0.00206079
0.99698048 0.00224359
0.99605735 0.00245520
0.99501183 0.00269587
0.99384417 0.00296591
0.99255466 0.00326562
0.99114363 0.00359534
0.98961141 0.00395540
0.98795838 0.00434613
0.98618496 0.00476789
0.98429158 0.00522100
0.98227871 0.00570577
0.98014684 0.00622252
0.97789651 0.00677151
0.97552826 0.00735298
0.97304268 0.00796715
0.97044038 0.00861419
0.96772202 0.00929421
0.96488824 0.01000729
0.96193977 0.01075343
0.95887731 0.01153259
0.95570164 0.01234466
0.95241353 0.01318948
0.94901379 0.01406678
0.94550326 0.01497625
0.94188282 0.01591750
0.93815334 0.01689008
0.93431576 0.01789343
0.93037101 0.01892695
0.92632008 0.01998995
0.92216396 0.02108167
0.91790368 0.02220128
0.91354029 0.02334788
0.90907486 0.02452051
0.90450850 0.02571813
0.89984233 0.02693966
0.89507751 0.02818397
0.89021520 0.02944985
0.88525662 0.03073607
0.88020298 0.03204136
0.87505553 0.03336439
0.86981555 0.03470383
0.86448431 0.03605830
0.85906315 0.03742641
0.85355339 0.03880676
0.84795640 0.04019795
0.84227355 0.04159854
0.83650626 0.04300714
0.83065593 0.04442232
0.82472402 0.04584269
0.81871199 0.04726687
0.81262133 0.04869349
0.80645353 0.05012121
0.80021011 0.05154872
0.79389263 0.05297473
0.78750263 0.05439796
0.78104169 0.05581721
0.77451141 0.05723128
0.76791340 0.05863900
0.76124928 0.06003926
0.75452071 0.06143096
0.74772933 0.06281304
0.74087684 0.06418449
0.73396491 0.06554430
0.72699525 0.06689151
0.71996958 0.06822520
0.71288965 0.06954444
0.70575718 0.07084836
0.69857395 0.07213608
0.69134172 0.07340674
0.68406228 0.07465953
0.67673742 0.07589359
0.66936896 0.07710813
0.66195871 0.07830231
0.65450850 0.07947533
0.64702016 0.08062636
0.63949555 0.08175460
0.63193652 0.08285921
0.62434494 0.08393936
0.61672268 0.08499419
0.60907162 0.08602286
0.60139365 0.08702449
0.59369066 0.08799820
0.58596455 0.08894309
0.57821723 0.08985824
0.57045062 0.09074274
0.56266662 0.09159565
0.55486716 0.09241603
0.54705416 0.09320293
0.53922955 0.09395539
0.53139526 0.09467246
0.52355323 0.09535319
0.51570538 0.09599663
0.50785366 0.09660185
0.50000000 0.09716793
0.49214634 0.09769398
0.48429462 0.09817914
0.47644677 0.09862256
0.46860474 0.09902345
0.46077045 0.09938105
0.45294584 0.09969467
0.44513284 0.09996365
0.43733338 0.10018740
0.42954938 0.10036541
0.42178277 0.10049722
0.41403545 0.10058247
0.40630934 0.10062086
0.39860635 0.10061218
0.39092838 0.10055631
0.38327732 0.10045323
0.37565506 0.10030301
0.36806348 0.10010581
0.36050445 0.09986189
0.35297984 0.09957161
0.34549150 0.09923543
0.33804129 0.09885391
0.33063104 0.09842770
0.32326258 0.09795755
0.31593772 0.09744429
0.30865828 0.09688884
0.30142605 0.09629223
0.29424282 0.09565552
0.28711035 0.09497988
0.28003042 0.09426654
0.27300475 0.09351678
0.26603509 0.09273193
0.25912316 0.09191338
0.25227067 0.09106255
0.24547929 0.09018088
0.23875072 0.08926984
0.23208660 0.08833090
0.22548859 0.08736556
0.21895831 0.08637527
0.21249737 0.08536149
0.20610737 0.08432567
0.19978989 0.08326919
0.19354647 0.08219341
0.18737867 0.08109965
0.18128801 0.07998916
0.17527598 0.07886312
0.16934407 0.07772265
0.16349374 0.07656880
0.15772645 0.07540254
0.15204360 0.07422473
0.14644661 0.07303617
0.14093685 0.07183755
0.13551569 0.07062949
0.13018445 0.06941248
0.12494447 0.06818695
0.11979702 0.06695322
0.11474338 0.06571151
0.10978480 0.06446196
0.10492249 0.06320461
0.10015767 0.06193945
0.09549150 0.06066634
0.09092514 0.05938512
0.08645971 0.05809551
0.08209632 0.05679721
0.07783604 0.05548986
0.07367992 0.05417302
0.06962899 0.05284626
0.06568424 0.05150908
0.06184666 0.05016099
0.05811718 0.04880146
0.05449674 0.04742999
0.05098621 0.04604605
0.04758647 0.04464915
0.04429836 0.04323880
0.04112269 0.04181458
0.03806023 0.04037606
0.03511176 0.03892290
0.03227798 0.03745478
0.02955962 0.03597148
0.02695732 0.03447280
0.02447174 0.03295866
0.02210349 0.03142902
0.01985316 0.02988395
0.01772129 0.02832357
0.01570842 0.02674812
0.01381504 0.02515791
0.01204162 0.02355335
0.01038859 0.02193492
0.00885637 0.02030320
0.00744534 0.01865886
0.00615583 0.01700264
0.00498817 0.01533536
0.00394265 0.01365792
0.00301952 0.01197129
0.00221902 0.01027649
0.00154133 0.00857461
0.00098664 0.00686679
0.00055506 0.00515419
0.00024672 0.00343803
0.00006168 0.00171955
0.00000000 0.00000000
0.00006168 -0.00098415
0.00024672 -0.00196718
0.00055506 -0.00294797
0.00098664 -0.00392540
0.00154133 -0.00489835
0.00221902 -0.00586567
0.00301952 -0.00682626
0.00394265 -0.00777896
0.00498817 -0.00872265
0.00615583 -0.00965618
0.00744534 -0.01057841
0.00885637 -0.01148820
0.01038859 -0.01238440
0.01204162 -0.01326587
0.01381504 -0.01413145
0.01570842 -0.01498001
0.01772129 -0.01581040
0.01985316 -0.01662150
0.02210349 -0.01741218
0.02447174 -0.01818132
0.02695732 -0.01892782
0.02955962 -0.01965061
0.03227798 -0.02034862
0.03511176 -0.02102082
0.03806023 -0.02166618
0.04112269 -0.02228374
0.04429836 -0.02287254
0.04758647 -0.02343169
0.05098621 -0.02396031
0.05449674 -0.02445760
0.05811718 -0.02492279
0.06184666 -0.02535518
0.06568424 -0.02575411
0.06962899 -0.02611899
0.07367992 -0.02644932
0.07783604 -0.02674463
0.08209632 -0.02700456
0.08645971 -0.02722881
0.09092514 -0.02741715
0.09549150 -0.02756945
0.10015767 -0.02768567
0.10492249 -0.02776582
0.10978480 -0.02781003
0.11474338 -0.02781851
0.11979702 -0.02779155
0.12494447 -0.02772953
0.13018445 -0.02763294
0.13551569 -0.02750232
0.14093685 -0.02733833
0.14644661 -0.02714169
0.15204360 -0.02691322
0.15772645 -0.02665380
0.16349374 -0.02636440
0.16934407 -0.02604607
0.17527598 -0.02569990
0.18128801 -0.02532709
0.18737867 -0.02492884
0.19354647 -0.02450647
0.19978989 -0.02406130
0.20610737 -0.02359471
0.21249737 -0.02310813
0.21895831 -0.02260302
0.22548859 -0.02208084
0.23208660 -0.02154312
0.23875072 -0.02099135
0.24547929 -0.02042707
0.25227067 -0.01985180
0.25912316 -0.01926707
0.26603509 -0.01867439
0.27300475 -0.01807525
0.28003042 -0.01747114
0.28711035 -0.01686351
0.29424282 -0.01625376
0.30142605 -0.01564329
0.30865828 -0.01503342
0.31593772 -0.01442546
0.32326258 -0.01382064
0.33063104 -0.01322016
0.33804129 -0.01262515
0.34549150 -0.01203668
0.35297984 -0.01145576
0.36050445 -0.01088334
0.36806348 -0.01032031
0.37565506 -0.00976747
0.38327732 -0.00922559
0.39092838 -0.00869533
0.39860635 -0.00817732
0.40630934 -0.00767211
0.41403545 -0.00718017
0.42178277 -0.00670193
0.42954938 -0.00623774
0.43733338 -0.00578790
0.44513284 -0.00535265
0.45294584 -0.00493215
0.46077045 -0.00452655
0.46860474 -0.00413592
0.47644677 -0.00376029
0.48429462 -0.00339963
0.49214634 -0.00305390
0.50000000 -0.00272300
0.50785366 -0.00240680
0.51570538 -0.00210514
0.52355323 -0.00181782
0.53139526 -0.00154465
0.53922955 -0.00128538
0.54705416 -0.00103975
0.55486716 -0.00080751
0.56266662 -0.00058837
0.57045062 -0.00038203
0.57821723 -0.00018820
0.58596455 -0.00000657
0.59369066 0.00016316
0.60139365 0.00032131
0.60907162 0.00046819
0.61672268 0.00060410
0.62434494 0.00072936
0.63193652 0.00084427
0.63949555 0.00094912
0.64702016 0.00104422
0.65450850 0.00112986
0.66195871 0.00120633
0.66936896 0.00127390
0.67673742 0.00133287
0.68406228 0.00138350
0.69134172 0.00142606
0.69857395 0.00146084
0.70575718 0.00148809
0.71288965 0.00150810
0.71996958 0.00152111
0.72699525 0.00152742
0.73396491 0.00152727
0.74087684 0.00152096
0.74772933 0.00150876
0.75452071 0.00149095
0.76124928 0.00146781
0.76791340 0.00143963
0.77451141 0.00140673
0.78104169 0.00136938
0.78750263 0.00132792
0.79389263 0.00128264
0.80021011 0.00123387
0.80645353 0.00118195
0.81262133 0.00112719
0.81871199 0.00106994
0.82472402 0.00101054
0.83065593 0.00094933
0.83650626 0.00088666
0.84227355 0.00082287
0.84795640 0.00075831
0.85355339 0.00069332
0.85906315 0.00062824
0.86448431 0.00056340
0.86981555 0.00049913
0.87505553 0.00043576
0.88020298 0.00037358
0.88525662 0.00031289
0.89021520 0.00025398
0.89507751 0.00019711
0.89984233 0.00014252
0.90450850 0.00009046
0.90907486 0.00004112
0.91354029 -0.00000530
0.91790368 -0.00004864
0.92216396 -0.00008876
0.92632008 -0.00012555
0.93037101 -0.00015892
0.93431576 -0.00018880
0.93815334 -0.00021515
0.94188282 -0.00023797
0.94550326 -0.00025727
0.94901379 -0.00027311
0.95241353 -0.00028553
0.95570164 -0.00029465
0.95887731 -0.00030058
0.96193977 -0.00030346
0.96488824 -0.00030345
0.96772202 -0.00030074
0.97044038 -0.00029552
0.97304268 -0.00028802
0.97552826 -0.00027847
0.97789651 -0.00026711
0.98014684 -0.00025420
0.98227871 -0.00023999
0.98429158 -0.00022475
0.98618496 -0.00020875
0.98795838 -0.00019226
0.98961141 -0.00017554
0.99114363 -0.00015886
0.99255466 -0.00014246
0.99384417 -0.00012659
0.99501183 -0.00011147
0.99605735 -0.00009733
0.99698048 -0.00008436
0.99778098 -0.00007274
0.99845867 -0.00006262
0.99901336 -0.00005415
0.99944494 -0.00004745
0.99975328 -0.00004259
0.99993832 -0.00003965
1.00000000 -0.00003867
