sample_570
1.00000000 0.00155748
0.99993832 0.00157026
0.99975328 0.00160864
0.99944494 0.00167265
0.99901336 0.00176239
0.99845867 0.00187799
0.99778098 0.00201961
0.99698048 0.00218742
0.99605735 0.00238165
0.99501183 0.00260254
0.99384417 0.00285035
0.99255466 0.00312538
0.99114363 0.00342791
0.98961141 0.00375827
0.98795838 0.00411678
0.98618496 0.00450377
0.98429158 0.00491955
0.98227871 0.00536446
0.98014684 0.00583879
0.97789651 0.00634285
0.97552826 0.00687691
0.97304268 0.00744124
0.97044038 0.00803604
0.96772202 0.00866151
0.96488824 0.00931782
0.96193977 0.01000507
0.95887731 0.01072332
0.95570164 0.01147261
0.95241353 0.01225289
0.94901379 0.01306407
0.94550326 0.01390602
0.94188282 0.01477852
0.93815334 0.01568130
0.93431576 0.01661402
0.93037101 0.01757628
0.92632008 0.01856762
0.92216396 0.01958750
0.91790368 0.02063531
0.91354029 0.02171039
0.90907486 0.02281198
0.90450850 0.02393930
0.89984233 0.02509147
0.89507751 0.02626756
0.89021520 0.02746658
0.88525662 0.02868747
0.88020298 0.02992913
0.87505553 0.03119041
0.86981555 0.03247009
0.86448431 0.03376691
0.85906315 0.03507959
0.85355339 0.03640678
0.84795640 0.03774712
0.84227355 0.03909919
0.83650626 0.04046158
0.83065593 0.04183283
0.82472402 0.04321146
0.81871199 0.04459600
0.81262133 0.04598494
0.80645353 0.04737679
0.80021011 0.04877004
0.79389263 0.05016318
0.78750263 0.05155472
0.78104169 0.05294317
0.77451141 0.05432704
0.76791340 0.05570487
0.76124928 0.05707522
0.75452071 0.05843665
0.74772933 0.05978777
0.74087684 0.06112720
0.73396491 0.06245359
0.72699525 0.06376561
0.71996958 0.06506199
0.71288965 0.06634146
0.70575718 0.06760281
0.69857395 0.06884484
0.69134172 0.07006641
0.68406228 0.07126640
0.67673742 0.07244374
0.66936896 0.07359740
0.66195871 0.07472638
0.65450850 0.07582971
0.64702016 0.07690649
0.63949555 0.07795582
0.63193652 0.07897688
0.62434494 0.07996885
0.61672268 0.08093098
0.60907162 0.08186256
0.60139365 0.08276288
0.59369066 0.08363132
0.58596455 0.08446727
0.57821723 0.08527016
0.57045062 0.08603947
0.56266662 0.08677471
0.55486716 0.08747544
0.54705416 0.08814125
0.53922955 0.08877178
0.53139526 0.08936670
0.52355323 0.08992571
0.51570538 0.09044858
0.50785366 0.09093510
0.50000000 0.09138510
0.49214634 0.09179847
0.48429462 0.09217511
0.47644677 0.09251498
0.46860474 0.09281810
0.46077045 0.09308449
0.45294584 0.09331425
0.44513284 0.09350750
0.43733338 0.09366441
0.42954938 0.09378519
0.42178277 0.09387009
0.41403545 0.09391939
0.40630934 0.09393343
0.39860635 0.09391257
0.39092838 0.09385722
0.38327732 0.09376782
0.37565506 0.09364485
0.36806348 0.09348881
0.36050445 0.09330024
0.35297984 0.09307972
0.34549150 0.09282782
0.33804129 0.09254518
0.33063104 0.09223242
0.32326258 0.09189020
0.31593772 0.09151919
0.30865828 0.09112008
0.30142605 0.09069355
0.29424282 0.09024029
0.28711035 0.08976099
0.28003042 0.08925635
0.27300475 0.08872705
0.26603509 0.08817375
0.25912316 0.08759712
0.25227067 0.08699778
0.24547929 0.08637635
0.23875072 0.08573342
0.23208660 0.08506954
0.22548859 0.08438523
0.21895831 0.08368099
0.21249737 0.08295724
0.20610737 0.08221441
0.19978989 0.08145283
0.19354647 0.08067283
0.18737867 0.07987465
0.18128801 0.07905851
0.17527598 0.07822457
0.16934407 0.07737293
0.16349374 0.07650363
0.15772645 0.07561669
0.15204360 0.07471203
0.14644661 0.07378956
0.14093685 0.07284913
0.13551569 0.07189053
0.13018445 0.07091350
0.12494447 0.06991777
0.11979702 0.06890300
0.11474338 0.06786883
0.10978480 0.06681485
0.10492249 0.06574066
0.10015767 0.06464579
0.09549150 0.06352980
0.09092514 0.06239221
0.08645971 0.06123253
0.08209632 0.06005029
0.07783604 0.05884501
0.07367992 0.05761624
0.06962899 0.05636353
0.06568424 0.05508645
0.06184666 0.05378463
0.05811718 0.05245770
0.05449674 0.05110537
0.05098621 0.04972735
0.04758647 0.04832345
0.04429836 0.04689352
0.04112269 0.04543746
0.03806023 0.04395527
0.03511176 0.04244699
0.03227798 0.04091275
0.02955962 0.03935278
0.02695732 0.03776734
0.02447174 0.03615684
0.02210349 0.03452172
0.01985316 0.03286253
0.01772129 0.03117992
0.01570842 0.02947460
0.01381504 0.02774740
0.01204162 0.02599920
0.01038859 0.02423099
0.00885637 0.02244383
0.00744534 0.02063887
0.00615583 0.01881731
0.00498817 0.01698044
0.00394265 0.01512962
0.00301952 0.01326625
0.00221902 0.01139180
0.00154133 0.00950779
0.00098664 0.00761578
0.00055506 0.00571736
0.00024672 0.00381416
0.00006168 0.00190782
0.00000000 0.00000000
0.00006168 -0.00067624
0.00024672 -0.00135243
0.00055506 -0.00202849
0.00098664 -0.00270436
0.00154133 -0.00337994
0.00221902 -0.00405514
0.00301952 -0.00472983
0.00394265 -0.00540387
0.00498817 -0.00607707
0.00615583 -0.00674925
0.00744534 -0.00742016
0.00885637 -0.00808953
0.01038859 -0.00875706
0.01204162 -0.00942240
0.01381504 -0.01008516
0.01570842 -0.01074491
0.01772129 -0.01140121
0.01985316 -0.01205352
0.02210349 -0.01270132
0.02447174 -0.01334402
0.02695732 -0.01398100
0.02955962 -0.01461159
0.03227798 -0.01523513
0.03511176 -0.01585088
0.03806023 -0.01645811
0.04112269 -0.01705605
0.04429836 -0.01764391
0.04758647 -0.01822090
0.05098621 -0.01878620
0.05449674 -0.01933900
0.05811718 -0.01987848
0.06184666 -0.02040383
0.06568424 -0.02091424
0.06962899 -0.02140891
0.07367992 -0.02188707
0.07783604 -0.02234798
0.08209632 -0.02279090
0.08645971 -0.02321514
0.09092514 -0.02362006
0.09549150 -0.02400502
0.10015767 -0.02436948
0.10492249 -0.02471289
0.10978480 -0.02503480
0.11474338 -0.02533478
0.11979702 -0.02561248
0.12494447 -0.02586760
0.13018445 -0.02609990
0.13551569 -0.02630920
0.14093685 -0.02649539
0.14644661 -0.02665842
0.15204360 -0.02679830
0.15772645 -0.02691511
0.16349374 -0.02700898
0.16934407 -0.02708012
0.17527598 -0.02712878
0.18128801 -0.02715528
0.18737867 -0.02715998
0.19354647 -0.02714332
0.19978989 -0.02710575
0.20610737 -0.02704780
0.21249737 -0.02697002
0.21895831 -0.02687301
0.22548859 -0.02675739
0.23208660 -0.02662384
0.23875072 -0.02647302
0.24547929 -0.02630567
0.25227067 -0.02612249
0.25912316 -0.02592424
0.26603509 -0.02571165
0.27300475 -0.02548550
0.28003042 -0.02524653
0.28711035 -0.02499550
0.29424282 -0.02473317
0.30142605 -0.02446028
0.30865828 -0.02417756
0.31593772 -0.02388574
0.32326258 -0.02358551
0.33063104 -0.02327756
0.33804129 -0.02296255
0.34549150 -0.02264113
0.35297984 -0.02231393
0.36050445 -0.02198153
0.36806348 -0.02164452
0.37565506 -0.02130344
0.38327732 -0.02095882
0.39092838 -0.02061117
0.39860635 -0.02026096
0.40630934 -0.01990866
0.41403545 -0.01955469
0.42178277 -0.01919949
0.42954938 -0.01884344
0.43733338 -0.01848694
0.44513284 -0.01813035
0.45294584 -0.01777403
0.46077045 -0.01741832
0.46860474 -0.01706355
0.47644677 -0.01671005
0.48429462 -0.01635814
0.49214634 -0.01600814
0.50000000 -0.01566035
0.50785366 -0.01531509
0.51570538 -0.01497266
0.52355323 -0.01463338
0.53139526 -0.01429754
0.53922955 -0.01396547
0.54705416 -0.01363747
0.55486716 -0.01331385
0.56266662 -0.01299494
0.57045062 -0.01268104
0.57821723 -0.01237247
0.58596455 -0.01206955
0.59369066 -0.01177258
0.60139365 -0.01148188
0.60907162 -0.01119775
0.61672268 -0.01092047
0.62434494 -0.01065034
0.63193652 -0.01038763
0.63949555 -0.01013260
0.64702016 -0.00988549
0.65450850 -0.00964653
0.66195871 -0.00941590
0.66936896 -0.00919380
0.67673742 -0.00898037
0.68406228 -0.00877573
0.69134172 -0.00857997
0.69857395 -0.00839315
0.70575718 -0.00821528
0.71288965 -0.00804634
0.71996958 -0.00788628
0.72699525 -0.00773499
0.73396491 -0.00759233
0.74087684 -0.00745813
0.74772933 -0.00733214
0.75452071 -0.00721410
0.76124928 -0.00710371
0.76791340 -0.00700059
0.77451141 -0.00690437
0.78104169 -0.00681460
0.78750263 -0.00673081
0.79389263 -0.00665249
0.80021011 -0.00657912
0.80645353 -0.00651011
0.81262133 -0.00644488
0.81871199 -0.00638281
0.82472402 -0.00632326
0.83065593 -0.00626561
0.83650626 -0.00620917
0.84227355 -0.00615331
0.84795640 -0.00609736
0.85355339 -0.00604067
0.85906315 -0.00598260
0.86448431 -0.00592253
0.86981555 -0.00585984
0.87505553 -0.00579398
0.88020298 -0.00572439
0.88525662 -0.00565056
0.89021520 -0.00557203
0.89507751 -0.00548839
0.89984233 -0.00539925
0.90450850 -0.00530430
0.90907486 -0.00520329
0.91354029 -0.00509601
0.91790368 -0.00498232
0.92216396 -0.00486215
0.92632008 -0.00473550
0.93037101 -0.00460243
0.93431576 -0.00446307
0.93815334 -0.00431761
0.94188282 -0.00416631
0.94550326 -0.00400952
0.94901379 -0.00384762
0.95241353 -0.00368107
0.95570164 -0.00351039
0.95887731 -0.00333615
0.96193977 -0.00315898
0.96488824 -0.00297956
0.96772202 -0.00279859
0.97044038 -0.00261684
0.97304268 -0.00243510
0.97552826 -0.00225418
0.97789651 -0.00207493
0.98014684 -0.00189818
0.98227871 -0.00172481
0.98429158 -0.00155568
0.98618496 -0.00139164
0.98795838 -0.00123354
0.98961141 -0.00108222
0.99114363 -0.00093847
0.99255466 -0.00080307
0.99384417 -0.00067676
0.99501183 -0.00056023
0.99605735 -0.00045413
0.99698048 -0.00035904
0.99778098 -0.00027551
0.99845867 -0.00020401
0.99901336 -0.00014495
0.99944494 -0.00009865
0.99975328 -0.00006539
0.99993832 -0.00004536
1.00000000 -0.00003867
