sample_626
1.00000000 0.00155748
0.99993832 0.00157119
0.99975328 0.00161233
0.99944494 0.00168089
0.99901336 0.00177684
0.99845867 0.00190015
0.99778098 0.00205081
0.99698048 0.00222875
0.99605735 0.00243392
0.99501183 0.00266627
0.99384417 0.00292570
0.99255466 0.00321213
0.99114363 0.00352545
0.98961141 0.00386553
0.98795838 0.00423224
0.98618496 0.00462541
0.98429158 0.00504486
0.98227871 0.00549038
0.98014684 0.00596175
0.97789651 0.00645872
0.97552826 0.00698100
0.97304268 0.00752830
0.97044038 0.00810028
0.96772202 0.00869659
0.96488824 0.00931684
0.96193977 0.00996061
0.95887731 0.01062747
0.95570164 0.01131694
0.95241353 0.01202853
0.94901379 0.01276172
0.94550326 0.01351596
0.94188282 0.01429068
0.93815334 0.01508530
0.93431576 0.01589921
0.93037101 0.01673177
0.92632008 0.01758235
0.92216396 0.01845030
0.91790368 0.01933495
0.91354029 0.02023564
0.90907486 0.02115169
0.90450850 0.02208244
0.89984233 0.02302721
0.89507751 0.02398535
0.89021520 0.02495620
0.88525662 0.02593913
0.88020298 0.02693352
0.87505553 0.02793876
0.86981555 0.02895428
0.86448431 0.02997952
0.85906315 0.03101396
0.85355339 0.03205709
0.84795640 0.03310846
0.84227355 0.03416763
0.83650626 0.03523420
0.83065593 0.03630782
0.82472402 0.03738816
0.81871199 0.03847492
0.81262133 0.03956787
0.80645353 0.04066677
0.80021011 0.04177145
0.79389263 0.04288174
0.78750263 0.04399754
0.78104169 0.04511874
0.77451141 0.04624528
0.76791340 0.04737710
0.76124928 0.04851418
0.75452071 0.04965649
0.74772933 0.05080403
0.74087684 0.05195678
0.73396491 0.05311474
0.72699525 0.05427790
0.71996958 0.05544623
0.71288965 0.05661968
0.70575718 0.05779818
0.69857395 0.05898165
0.69134172 0.06016994
0.68406228 0.06136289
0.67673742 0.06256027
0.66936896 0.06376181
0.66195871 0.06496720
0.65450850 0.06617603
0.64702016 0.06738786
0.63949555 0.06860216
0.63193652 0.06981833
0.62434494 0.07103569
0.61672268 0.07225349
0.60907162 0.07347089
0.60139365 0.07468697
0.59369066 0.07590072
0.58596455 0.07711104
0.57821723 0.07831677
0.57045062 0.07951663
0.56266662 0.08070928
0.55486716 0.08189331
0.54705416 0.08306721
0.53922955 0.08422939
0.53139526 0.08537823
0.52355323 0.08651200
0.51570538 0.08762895
0.50785366 0.08872724
0.50000000 0.08980501
0.49214634 0.09086036
0.48429462 0.09189134
0.47644677 0.09289598
0.46860474 0.09387232
0.46077045 0.09481835
0.45294584 0.09573210
0.44513284 0.09661158
0.43733338 0.09745484
0.42954938 0.09825995
0.42178277 0.09902501
0.41403545 0.09974818
0.40630934 0.10042766
0.39860635 0.10106173
0.39092838 0.10164872
0.38327732 0.10218706
0.37565506 0.10267526
0.36806348 0.10311190
0.36050445 0.10349570
0.35297984 0.10382546
0.34549150 0.10410010
0.33804129 0.10431865
0.33063104 0.10448027
0.32326258 0.10458423
0.31593772 0.10462994
0.30865828 0.10461694
0.30142605 0.10454487
0.29424282 0.10441355
0.28711035 0.10422288
0.28003042 0.10397292
0.27300475 0.10366384
0.26603509 0.10329596
0.25912316 0.10286969
0.25227067 0.10238557
0.24547929 0.10184427
0.23875072 0.10124655
0.23208660 0.10059327
0.22548859 0.09988541
0.21895831 0.09912402
0.21249737 0.09831024
0.20610737 0.09744530
0.19978989 0.09653049
0.19354647 0.09556715
0.18737867 0.09455671
0.18128801 0.09350062
0.17527598 0.09240037
0.16934407 0.09125750
0.16349374 0.09007356
0.15772645 0.08885013
0.15204360 0.08758878
0.14644661 0.08629110
0.14093685 0.08495868
0.13551569 0.08359307
0.13018445 0.08219584
0.12494447 0.08076852
0.11979702 0.07931260
0.11474338 0.07782957
0.10978480 0.07632085
0.10492249 0.07478784
0.10015767 0.07323189
0.09549150 0.07165429
0.09092514 0.07005630
0.08645971 0.06843913
0.08209632 0.06680390
0.07783604 0.06515173
0.07367992 0.06348365
0.06962899 0.06180064
0.06568424 0.06010364
0.06184666 0.05839351
0.05811718 0.05667109
0.05449674 0.05493714
0.05098621 0.05319240
0.04758647 0.05143755
0.04429836 0.04967321
0.04112269 0.04789998
0.03806023 0.04611841
0.03511176 0.04432902
0.03227798 0.04253229
0.02955962 0.04072868
0.02695732 0.03891860
0.02447174 0.03710245
0.02210349 0.03528062
0.01985316 0.03345346
0.01772129 0.03162131
0.01570842 0.02978449
0.01381504 0.02794332
0.01204162 0.02609811
0.01038859 0.02424915
0.00885637 0.02239672
0.00744534 0.02054112
0.00615583 0.01868263
0.00498817 0.01682152
0.00394265 0.01495808
0.00301952 0.01309258
0.00221902 0.01122530
0.00154133 0.00935653
0.00098664 0.00748653
0.00055506 0.00561560
0.00024672 0.00374401
0.00006168 0.00187205
0.00000000 0.00000000
0.00006168 -0.00082950
0.00024672 -0.00165726
0.00055506 -0.00248156
0.00098664 -0.00330066
0.00154133 -0.00411284
0.00221902 -0.00491643
0.00301952 -0.00570972
0.00394265 -0.00649108
0.00498817 -0.00725889
0.00615583 -0.00801154
0.00744534 -0.00874749
0.00885637 -0.00946523
0.01038859 -0.01016329
0.01204162 -0.01084026
0.01381504 -0.01149477
0.01570842 -0.01212552
0.01772129 -0.01273127
0.01985316 -0.01331084
0.02210349 -0.01386312
0.02447174 -0.01438707
0.02695732 -0.01488174
0.02955962 -0.01534624
0.03227798 -0.01577978
0.03511176 -0.01618164
0.03806023 -0.01655120
0.04112269 -0.01688793
0.04429836 -0.01719139
0.04758647 -0.01746124
0.05098621 -0.01769723
0.05449674 -0.01789921
0.05811718 -0.01806713
0.06184666 -0.01820105
0.06568424 -0.01830112
0.06962899 -0.01836760
0.07367992 -0.01840083
0.07783604 -0.01840127
0.08209632 -0.01836947
0.08645971 -0.01830607
0.09092514 -0.01821183
0.09549150 -0.01808758
0.10015767 -0.01793422
0.10492249 -0.01775278
0.10978480 -0.01754434
0.11474338 -0.01731007
0.11979702 -0.01705119
0.12494447 -0.01676902
0.13018445 -0.01646492
0.13551569 -0.01614031
0.14093685 -0.01579667
0.14644661 -0.01543549
0.15204360 -0.01505834
0.15772645 -0.01466680
0.16349374 -0.01426245
0.16934407 -0.01384693
0.17527598 -0.01342185
0.18128801 -0.01298884
0.18737867 -0.01254952
0.19354647 -0.01210549
0.19978989 -0.01165833
0.20610737 -0.01120960
0.21249737 -0.01076081
0.21895831 -0.01031345
0.22548859 -0.00986893
0.23208660 -0.00942862
0.23875072 -0.00899385
0.24547929 -0.00856585
0.25227067 -0.00814580
0.25912316 -0.00773479
0.26603509 -0.00733384
0.27300475 -0.00694389
0.28003042 -0.00656579
0.28711035 -0.00620028
0.29424282 -0.00584805
0.30142605 -0.00550967
0.30865828 -0.00518562
0.31593772 -0.00487629
0.32326258 -0.00458199
0.33063104 -0.00430291
0.33804129 -0.00403917
0.34549150 -0.00379082
0.35297984 -0.00355778
0.36050445 -0.00333993
0.36806348 -0.00313705
0.37565506 -0.00294885
0.38327732 -0.00277498
0.39092838 -0.00261502
0.39860635 -0.00246849
0.40630934 -0.00233486
0.41403545 -0.00221355
0.42178277 -0.00210393
0.42954938 -0.00200537
0.43733338 -0.00191716
0.44513284 -0.00183862
0.45294584 -0.00176901
0.46077045 -0.00170761
0.46860474 -0.00165368
0.47644677 -0.00160649
0.48429462 -0.00156532
0.49214634 -0.00152945
0.50000000 -0.00149821
0.50785366 -0.00147091
0.51570538 -0.00144694
0.52355323 -0.00142567
0.53139526 -0.00140654
0.53922955 -0.00138903
0.54705416 -0.00137265
0.55486716 -0.00135697
0.56266662 -0.00134157
0.57045062 -0.00132613
0.57821723 -0.00131035
0.58596455 -0.00129398
0.59369066 -0.00127681
0.60139365 -0.00125871
0.60907162 -0.00123958
0.61672268 -0.00121935
0.62434494 -0.00119801
0.63193652 -0.00117560
0.63949555 -0.00115217
0.64702016 -0.00112784
0.65450850 -0.00110275
0.66195871 -0.00107704
0.66936896 -0.00105092
0.67673742 -0.00102459
0.68406228 -0.00099827
0.69134172 -0.00097221
0.69857395 -0.00094665
0.70575718 -0.00092184
0.71288965 -0.00089803
0.71996958 -0.00087545
0.72699525 -0.00085436
0.73396491 -0.00083496
0.74087684 -0.00081747
0.74772933 -0.00080208
0.75452071 -0.00078896
0.76124928 -0.00077823
0.76791340 -0.00077003
0.77451141 -0.00076443
0.78104169 -0.00076149
0.78750263 -0.00076124
0.79389263 -0.00076366
0.80021011 -0.00076871
0.80645353 -0.00077632
0.81262133 -0.00078639
0.81871199 -0.00079877
0.82472402 -0.00081329
0.83065593 -0.00082976
0.83650626 -0.00084796
0.84227355 -0.00086763
0.84795640 -0.00088851
0.85355339 -0.00091030
0.85906315 -0.00093272
0.86448431 -0.00095543
0.86981555 -0.00097811
0.87505553 -0.00100043
0.88020298 -0.00102206
0.88525662 -0.00104266
0.89021520 -0.00106192
0.89507751 -0.00107952
0.89984233 -0.00109514
0.90450850 -0.00110852
0.90907486 -0.00111937
0.91354029 -0.00112746
0.91790368 -0.00113257
0.92216396 -0.00113451
0.92632008 -0.00113312
0.93037101 -0.00112827
0.93431576 -0.00111987
0.93815334 -0.00110787
0.94188282 -0.00109225
0.94550326 -0.00107302
0.94901379 -0.00105024
0.95241353 -0.00102402
0.95570164 -0.00099446
0.95887731 -0.00096175
0.96193977 -0.00092608
0.96488824 -0.00088769
0.96772202 -0.00084683
0.97044038 -0.00080381
0.97304268 -0.00075893
0.97552826 -0.00071254
0.97789651 -0.00066500
0.98014684 -0.00061669
0.98227871 -0.00056798
0.98429158 -0.00051929
0.98618496 -0.00047100
0.98795838 -0.00042352
0.98961141 -0.00037725
0.99114363 -0.00033258
0.99255466 -0.00028989
0.99384417 -0.00024955
0.99501183 -0.00021190
0.99605735 -0.00017728
0.99698048 -0.00014597
0.99778098 -0.00011827
0.99845867 -0.00009440
0.99901336 -0.00007457
0.99944494 -0.00005897
0.99975328 -0.00004772
0.99993832 -0.00004094
1.00000000 -0.00003867
