sample_564
1.00000000 0.00155748
0.99993832 0.00157015
0.99975328 0.00160818
0.99944494 0.00167166
0.99901336 0.00176071
0.99845867 0.00187551
0.99778098 0.00201628
0.99698048 0.00218329
0.99605735 0.00237685
0.99501183 0.00259730
0.99384417 0.00284502
0.99255466 0.00312041
0.99114363 0.00342389
0.98961141 0.00375590
0.98795838 0.00411688
0.98618496 0.00450730
0.98429158 0.00492758
0.98227871 0.00537816
0.98014684 0.00585947
0.97789651 0.00637189
0.97552826 0.00691577
0.97304268 0.00749145
0.97044038 0.00809919
0.96772202 0.00873922
0.96488824 0.00941171
0.96193977 0.01011676
0.95887731 0.01085441
0.95570164 0.01162463
0.95241353 0.01242730
0.94901379 0.01326224
0.94550326 0.01412916
0.94188282 0.01502772
0.93815334 0.01595745
0.93431576 0.01691783
0.93037101 0.01790823
0.92632008 0.01892795
0.92216396 0.01997616
0.91790368 0.02105200
0.91354029 0.02215449
0.90907486 0.02328258
0.90450850 0.02443514
0.89984233 0.02561097
0.89507751 0.02680879
0.89021520 0.02802728
0.88525662 0.02926503
0.88020298 0.03052060
0.87505553 0.03179250
0.86981555 0.03307920
0.86448431 0.03437912
0.85906315 0.03569067
0.85355339 0.03701225
0.84795640 0.03834223
0.84227355 0.03967898
0.83650626 0.04102087
0.83065593 0.04236628
0.82472402 0.04371361
0.81871199 0.04506127
0.81262133 0.04640771
0.80645353 0.04775140
0.80021011 0.04909086
0.79389263 0.05042465
0.78750263 0.05175137
0.78104169 0.05306969
0.77451141 0.05437832
0.76791340 0.05567602
0.76124928 0.05696162
0.75452071 0.05823403
0.74772933 0.05949218
0.74087684 0.06073511
0.73396491 0.06196189
0.72699525 0.06317166
0.71996958 0.06436363
0.71288965 0.06553706
0.70575718 0.06669127
0.69857395 0.06782565
0.69134172 0.06893961
0.68406228 0.07003263
0.67673742 0.07110424
0.66936896 0.07215400
0.66195871 0.07318150
0.65450850 0.07418637
0.64702016 0.07516828
0.63949555 0.07612691
0.63193652 0.07706195
0.62434494 0.07797311
0.61672268 0.07886013
0.60907162 0.07972272
0.60139365 0.08056062
0.59369066 0.08137355
0.58596455 0.08216124
0.57821723 0.08292338
0.57045062 0.08365968
0.56266662 0.08436981
0.55486716 0.08505344
0.54705416 0.08571021
0.53922955 0.08633975
0.53139526 0.08694165
0.52355323 0.08751549
0.51570538 0.08806083
0.50785366 0.08857721
0.50000000 0.08906414
0.49214634 0.08952112
0.48429462 0.08994763
0.47644677 0.09034313
0.46860474 0.09070709
0.46077045 0.09103895
0.45294584 0.09133814
0.44513284 0.09160412
0.43733338 0.09183632
0.42954938 0.09203421
0.42178277 0.09219723
0.41403545 0.09232488
0.40630934 0.09241664
0.39860635 0.09247206
0.39092838 0.09249067
0.38327732 0.09247207
0.37565506 0.09241589
0.36806348 0.09232180
0.36050445 0.09218951
0.35297984 0.09201879
0.34549150 0.09180946
0.33804129 0.09156140
0.33063104 0.09127454
0.32326258 0.09094888
0.31593772 0.09058449
0.30865828 0.09018147
0.30142605 0.08974004
0.29424282 0.08926044
0.28711035 0.08874300
0.28003042 0.08818811
0.27300475 0.08759621
0.26603509 0.08696784
0.25912316 0.08630356
0.25227067 0.08560401
0.24547929 0.08486990
0.23875072 0.08410196
0.23208660 0.08330099
0.22548859 0.08246783
0.21895831 0.08160338
0.21249737 0.08070855
0.20610737 0.07978431
0.19978989 0.07883163
0.19354647 0.07785152
0.18737867 0.07684501
0.18128801 0.07581315
0.17527598 0.07475697
0.16934407 0.07367753
0.16349374 0.07257588
0.15772645 0.07145307
0.15204360 0.07031013
0.14644661 0.06914808
0.14093685 0.06796791
0.13551569 0.06677061
0.13018445 0.06555712
0.12494447 0.06432836
0.11979702 0.06308522
0.11474338 0.06182855
0.10978480 0.06055916
0.10492249 0.05927783
0.10015767 0.05798529
0.09549150 0.05668223
0.09092514 0.05536930
0.08645971 0.05404711
0.08209632 0.05271622
0.07783604 0.05137715
0.07367992 0.05003039
0.06962899 0.04867637
0.06568424 0.04731550
0.06184666 0.04594815
0.05811718 0.04457464
0.05449674 0.04319529
0.05098621 0.04181036
0.04758647 0.04042009
0.04429836 0.03902471
0.04112269 0.03762442
0.03806023 0.03621940
0.03511176 0.03480980
0.03227798 0.03339580
0.02955962 0.03197752
0.02695732 0.03055511
0.02447174 0.02912869
0.02210349 0.02769840
0.01985316 0.02626436
0.01772129 0.02482672
0.01570842 0.02338559
0.01381504 0.02194114
0.01204162 0.02049350
0.01038859 0.01904284
0.00885637 0.01758933
0.00744534 0.01613314
0.00615583 0.01467447
0.00498817 0.01321351
0.00394265 0.01175048
0.00301952 0.01028559
0.00221902 0.00881909
0.00154133 0.00735120
0.00098664 0.00588219
0.00055506 0.00441229
0.00024672 0.00294179
0.00006168 0.00147093
0.00000000 0.00000000
0.00006168 -0.00111210
0.00024672 -0.00222339
0.00055506 -0.00333307
0.00098664 -0.00444033
0.00154133 -0.00554434
0.00221902 -0.00664429
0.00301952 -0.00773933
0.00394265 -0.00882865
0.00498817 -0.00991138
0.00615583 -0.01098667
0.00744534 -0.01205366
0.00885637 -0.01311147
0.01038859 -0.01415921
0.01204162 -0.01519598
0.01381504 -0.01622088
0.01570842 -0.01723300
0.01772129 -0.01823141
0.01985316 -0.01921518
0.02210349 -0.02018339
0.02447174 -0.02113511
0.02695732 -0.02206940
0.02955962 -0.02298533
0.03227798 -0.02388199
0.03511176 -0.02475846
0.03806023 -0.02561385
0.04112269 -0.02644727
0.04429836 -0.02725785
0.04758647 -0.02804476
0.05098621 -0.02880719
0.05449674 -0.02954435
0.05811718 -0.03025550
0.06184666 -0.03093992
0.06568424 -0.03159696
0.06962899 -0.03222599
0.07367992 -0.03282643
0.07783604 -0.03339777
0.08209632 -0.03393955
0.08645971 -0.03445135
0.09092514 -0.03493283
0.09549150 -0.03538371
0.10015767 -0.03580376
0.10492249 -0.03619285
0.10978480 -0.03655086
0.11474338 -0.03687780
0.11979702 -0.03717370
0.12494447 -0.03743869
0.13018445 -0.03767294
0.13551569 -0.03787671
0.14093685 -0.03805031
0.14644661 -0.03819412
0.15204360 -0.03830857
0.15772645 -0.03839416
0.16349374 -0.03845145
0.16934407 -0.03848102
0.17527598 -0.03848355
0.18128801 -0.03845971
0.18737867 -0.03841026
0.19354647 -0.03833595
0.19978989 -0.03823759
0.20610737 -0.03811601
0.21249737 -0.03797206
0.21895831 -0.03780662
0.22548859 -0.03762055
0.23208660 -0.03741476
0.23875072 -0.03719013
0.24547929 -0.03694755
0.25227067 -0.03668790
0.25912316 -0.03641206
0.26603509 -0.03612089
0.27300475 -0.03581522
0.28003042 -0.03549587
0.28711035 -0.03516363
0.29424282 -0.03481927
0.30142605 -0.03446351
0.30865828 -0.03409707
0.31593772 -0.03372060
0.32326258 -0.03333474
0.33063104 -0.03294008
0.33804129 -0.03253717
0.34549150 -0.03212654
0.35297984 -0.03170867
0.36050445 -0.03128400
0.36806348 -0.03085295
0.37565506 -0.03041590
0.38327732 -0.02997319
0.39092838 -0.02952514
0.39860635 -0.02907205
0.40630934 -0.02861417
0.41403545 -0.02815177
0.42178277 -0.02768506
0.42954938 -0.02721425
0.43733338 -0.02673956
0.44513284 -0.02626118
0.45294584 -0.02577928
0.46077045 -0.02529407
0.46860474 -0.02480574
0.47644677 -0.02431448
0.48429462 -0.02382049
0.49214634 -0.02332400
0.50000000 -0.02282524
0.50785366 -0.02232444
0.51570538 -0.02182190
0.52355323 -0.02131788
0.53139526 -0.02081271
0.53922955 -0.02030671
0.54705416 -0.01980026
0.55486716 -0.01929373
0.56266662 -0.01878754
0.57045062 -0.01828212
0.57821723 -0.01777793
0.58596455 -0.01727546
0.59369066 -0.01677520
0.60139365 -0.01627769
0.60907162 -0.01578347
0.61672268 -0.01529309
0.62434494 -0.01480712
0.63193652 -0.01432613
0.63949555 -0.01385073
0.64702016 -0.01338148
0.65450850 -0.01291897
0.66195871 -0.01246377
0.66936896 -0.01201647
0.67673742 -0.01157760
0.68406228 -0.01114771
0.69134172 -0.01072730
0.69857395 -0.01031687
0.70575718 -0.00991687
0.71288965 -0.00952773
0.71996958 -0.00914983
0.72699525 -0.00878352
0.73396491 -0.00842909
0.74087684 -0.00808681
0.74772933 -0.00775689
0.75452071 -0.00743948
0.76124928 -0.00713468
0.76791340 -0.00684255
0.77451141 -0.00656309
0.78104169 -0.00629624
0.78750263 -0.00604190
0.79389263 -0.00579989
0.80021011 -0.00557000
0.80645353 -0.00535197
0.81262133 -0.00514549
0.81871199 -0.00495019
0.82472402 -0.00476567
0.83065593 -0.00459149
0.83650626 -0.00442716
0.84227355 -0.00427217
0.84795640 -0.00412599
0.85355339 -0.00398804
0.85906315 -0.00385774
0.86448431 -0.00373450
0.86981555 -0.00361770
0.87505553 -0.00350672
0.88020298 -0.00340097
0.88525662 -0.00329982
0.89021520 -0.00320268
0.89507751 -0.00310897
0.89984233 -0.00301813
0.90450850 -0.00292962
0.90907486 -0.00284293
0.91354029 -0.00275759
0.91790368 -0.00267315
0.92216396 -0.00258922
0.92632008 -0.00250544
0.93037101 -0.00242150
0.93431576 -0.00233713
0.93815334 -0.00225212
0.94188282 -0.00216630
0.94550326 -0.00207956
0.94901379 -0.00199183
0.95241353 -0.00190310
0.95570164 -0.00181340
0.95887731 -0.00172282
0.96193977 -0.00163149
0.96488824 -0.00153959
0.96772202 -0.00144733
0.97044038 -0.00135496
0.97304268 -0.00126279
0.97552826 -0.00117113
0.97789651 -0.00108033
0.98014684 -0.00099077
0.98227871 -0.00090285
0.98429158 -0.00081697
0.98618496 -0.00073354
0.98795838 -0.00065301
0.98961141 -0.00057578
0.99114363 -0.00050227
0.99255466 -0.00043291
0.99384417 -0.00036808
0.99501183 -0.00030816
0.99605735 -0.00025352
0.99698048 -0.00020447
0.99778098 -0.00016132
0.99845867 -0.00012434
0.99901336 -0.00009376
0.99944494 -0.00006978
0.99975328 -0.00005253
0.99993832 -0.00004214
1.00000000 -0.00003867
