sample_1192
1.00000000 0.00155748
0.99993832 0.00157337
0.99975328 0.00162104
0.99944494 0.00170054
0.99901336 0.00181192
0.99845867 0.00195526
0.99778098 0.00213066
0.99698048 0.00233822
0.99605735 0.00257809
0.99501183 0.00285039
0.99384417 0.00315527
0.99255466 0.00349288
0.99114363 0.00386337
0.98961141 0.00426685
0.98795838 0.00470347
0.98618496 0.00517333
0.98429158 0.00567650
0.98227871 0.00621304
0.98014684 0.00678298
0.97789651 0.00738629
0.97552826 0.00802290
0.97304268 0.00869271
0.97044038 0.00939555
0.96772202 0.01013118
0.96488824 0.01089933
0.96193977 0.01169963
0.95887731 0.01253166
0.95570164 0.01339492
0.95241353 0.01428885
0.94901379 0.01521279
0.94550326 0.01616602
0.94188282 0.01714776
0.93815334 0.01815711
0.93431576 0.01919313
0.93037101 0.02025481
0.92632008 0.02134104
0.92216396 0.02245067
0.91790368 0.02358247
0.91354029 0.02473516
0.90907486 0.02590740
0.90450850 0.02709781
0.89984233 0.02830495
0.89507751 0.02952735
0.89021520 0.03076352
0.88525662 0.03201194
0.88020298 0.03327108
0.87505553 0.03453938
0.86981555 0.03581529
0.86448431 0.03709730
0.85906315 0.03838386
0.85355339 0.03967348
0.84795640 0.04096469
0.84227355 0.04225606
0.83650626 0.04354619
0.83065593 0.04483376
0.82472402 0.04611747
0.81871199 0.04739613
0.81262133 0.04866857
0.80645353 0.04993373
0.80021011 0.05119062
0.79389263 0.05243831
0.78750263 0.05367599
0.78104169 0.05490291
0.77451141 0.05611842
0.76791340 0.05732195
0.76124928 0.05851303
0.75452071 0.05969127
0.74772933 0.06085636
0.74087684 0.06200810
0.73396491 0.06314633
0.72699525 0.06427101
0.71996958 0.06538214
0.71288965 0.06647980
0.70575718 0.06756414
0.69857395 0.06863535
0.69134172 0.06969368
0.68406228 0.07073941
0.67673742 0.07177287
0.66936896 0.07279441
0.66195871 0.07380440
0.65450850 0.07480320
0.64702016 0.07579121
0.63949555 0.07676879
0.63193652 0.07773630
0.62434494 0.07869408
0.61672268 0.07964245
0.60907162 0.08058165
0.60139365 0.08151193
0.59369066 0.08243344
0.58596455 0.08334631
0.57821723 0.08425057
0.57045062 0.08514622
0.56266662 0.08603314
0.55486716 0.08691118
0.54705416 0.08778006
0.53922955 0.08863946
0.53139526 0.08948893
0.52355323 0.09032798
0.51570538 0.09115599
0.50785366 0.09197227
0.50000000 0.09277604
0.49214634 0.09356644
0.48429462 0.09434254
0.47644677 0.09510329
0.46860474 0.09584761
0.46077045 0.09657432
0.45294584 0.09728219
0.44513284 0.09796993
0.43733338 0.09863619
0.42954938 0.09927958
0.42178277 0.09989866
0.41403545 0.10049196
0.40630934 0.10105801
0.39860635 0.10159530
0.39092838 0.10210231
0.38327732 0.10257753
0.37565506 0.10301946
0.36806348 0.10342661
0.36050445 0.10379752
0.35297984 0.10413075
0.34549150 0.10442492
0.33804129 0.10467868
0.33063104 0.10489074
0.32326258 0.10505988
0.31593772 0.10518493
0.30865828 0.10526480
0.30142605 0.10529849
0.29424282 0.10528505
0.28711035 0.10522366
0.28003042 0.10511356
0.27300475 0.10495408
0.26603509 0.10474466
0.25912316 0.10448484
0.25227067 0.10417424
0.24547929 0.10381258
0.23875072 0.10339970
0.23208660 0.10293550
0.22548859 0.10242001
0.21895831 0.10185334
0.21249737 0.10123568
0.20610737 0.10056732
0.19978989 0.09984864
0.19354647 0.09908008
0.18737867 0.09826219
0.18128801 0.09739555
0.17527598 0.09648084
0.16934407 0.09551880
0.16349374 0.09451022
0.15772645 0.09345593
0.15204360 0.09235684
0.14644661 0.09121388
0.14093685 0.09002801
0.13551569 0.08880024
0.13018445 0.08753160
0.12494447 0.08622314
0.11979702 0.08487593
0.11474338 0.08349106
0.10978480 0.08206960
0.10492249 0.08061266
0.10015767 0.07912133
0.09549150 0.07759669
0.09092514 0.07603984
0.08645971 0.07445185
0.08209632 0.07283377
0.07783604 0.07118666
0.07367992 0.06951155
0.06962899 0.06780946
0.06568424 0.06608139
0.06184666 0.06432830
0.05811718 0.06255117
0.05449674 0.06075092
0.05098621 0.05892847
0.04758647 0.05708472
0.04429836 0.05522055
0.04112269 0.05333681
0.03806023 0.05143434
0.03511176 0.04951397
0.03227798 0.04757649
0.02955962 0.04562271
0.02695732 0.04365339
0.02447174 0.04166930
0.02210349 0.03967119
0.01985316 0.03765981
0.01772129 0.03563588
0.01570842 0.03360014
0.01381504 0.03155330
0.01204162 0.02949607
0.01038859 0.02742918
0.00885637 0.02535332
0.00744534 0.02326920
0.00615583 0.02117753
0.00498817 0.01907901
0.00394265 0.01697434
0.00301952 0.01486422
0.00221902 0.01274936
0.00154133 0.01063046
0.00098664 0.00850822
0.00055506 0.00638335
0.00024672 0.00425655
0.00006168 0.00212853
0.00000000 0.00000000
0.00006168 -0.00144672
0.00024672 -0.00289025
0.00055506 -0.00432741
0.00098664 -0.00575502
0.00154133 -0.00716996
0.00221902 -0.00856913
0.00301952 -0.00994946
0.00394265 -0.01130797
0.00498817 -0.01264171
0.00615583 -0.01394784
0.00744534 -0.01522356
0.00885637 -0.01646620
0.01038859 -0.01767316
0.01204162 -0.01884195
0.01381504 -0.01997021
0.01570842 -0.02105568
0.01772129 -0.02209622
0.01985316 -0.02308985
0.02210349 -0.02403471
0.02447174 -0.02492908
0.02695732 -0.02577139
0.02955962 -0.02656024
0.03227798 -0.02729435
0.03511176 -0.02797263
0.03806023 -0.02859415
0.04112269 -0.02915813
0.04429836 -0.02966396
0.04758647 -0.03011120
0.05098621 -0.03049958
0.05449674 -0.03082900
0.05811718 -0.03109952
0.06184666 -0.03131137
0.06568424 -0.03146494
0.06962899 -0.03156079
0.07367992 -0.03159964
0.07783604 -0.03158236
0.08209632 -0.03150996
0.08645971 -0.03138363
0.09092514 -0.03120468
0.09549150 -0.03097455
0.10015767 -0.03069484
0.10492249 -0.03036725
0.10978480 -0.02999361
0.11474338 -0.02957585
0.11979702 -0.02911602
0.12494447 -0.02861625
0.13018445 -0.02807878
0.13551569 -0.02750589
0.14093685 -0.02689997
0.14644661 -0.02626344
0.15204360 -0.02559880
0.15772645 -0.02490857
0.16349374 -0.02419531
0.16934407 -0.02346161
0.17527598 -0.02271007
0.18128801 -0.02194329
0.18737867 -0.02116386
0.19354647 -0.02037439
0.19978989 -0.01957742
0.20610737 -0.01877550
0.21249737 -0.01797110
0.21895831 -0.01716667
0.22548859 -0.01636460
0.23208660 -0.01556721
0.23875072 -0.01477673
0.24547929 -0.01399535
0.25227067 -0.01322513
0.25912316 -0.01246807
0.26603509 -0.01172607
0.27300475 -0.01100090
0.28003042 -0.01029425
0.28711035 -0.00960769
0.29424282 -0.00894268
0.30142605 -0.00830054
0.30865828 -0.00768249
0.31593772 -0.00708963
0.32326258 -0.00652292
0.33063104 -0.00598320
0.33804129 -0.00547120
0.34549150 -0.00498750
0.35297984 -0.00453258
0.36050445 -0.00410677
0.36806348 -0.00371032
0.37565506 -0.00334333
0.38327732 -0.00300580
0.39092838 -0.00269760
0.39860635 -0.00241851
0.40630934 -0.00216821
0.41403545 -0.00194627
0.42178277 -0.00175216
0.42954938 -0.00158529
0.43733338 -0.00144494
0.44513284 -0.00133036
0.45294584 -0.00124070
0.46077045 -0.00117505
0.46860474 -0.00113245
0.47644677 -0.00111186
0.48429462 -0.00111223
0.49214634 -0.00113243
0.50000000 -0.00117133
0.50785366 -0.00122776
0.51570538 -0.00130051
0.52355323 -0.00138837
0.53139526 -0.00149012
0.53922955 -0.00160454
0.54705416 -0.00173039
0.55486716 -0.00186646
0.56266662 -0.00201153
0.57045062 -0.00216441
0.57821723 -0.00232393
0.58596455 -0.00248893
0.59369066 -0.00265830
0.60139365 -0.00283094
0.60907162 -0.00300579
0.61672268 -0.00318185
0.62434494 -0.00335814
0.63193652 -0.00353371
0.63949555 -0.00370769
0.64702016 -0.00387922
0.65450850 -0.00404752
0.66195871 -0.00421184
0.66936896 -0.00437147
0.67673742 -0.00452577
0.68406228 -0.00467415
0.69134172 -0.00481605
0.69857395 -0.00495097
0.70575718 -0.00507847
0.71288965 -0.00519815
0.71996958 -0.00530964
0.72699525 -0.00541263
0.73396491 -0.00550687
0.74087684 -0.00559213
0.74772933 -0.00566822
0.75452071 -0.00573502
0.76124928 -0.00579241
0.76791340 -0.00584034
0.77451141 -0.00587877
0.78104169 -0.00590770
0.78750263 -0.00592717
0.79389263 -0.00593724
0.80021011 -0.00593800
0.80645353 -0.00592957
0.81262133 -0.00591210
0.81871199 -0.00588574
0.82472402 -0.00585067
0.83065593 -0.00580712
0.83650626 -0.00575529
0.84227355 -0.00569543
0.84795640 -0.00562780
0.85355339 -0.00555266
0.85906315 -0.00547030
0.86448431 -0.00538101
0.86981555 -0.00528510
0.87505553 -0.00518289
0.88020298 -0.00507470
0.88525662 -0.00496088
0.89021520 -0.00484176
0.89507751 -0.00471770
0.89984233 -0.00458906
0.90450850 -0.00445620
0.90907486 -0.00431950
0.91354029 -0.00417933
0.91790368 -0.00403607
0.92216396 -0.00389011
0.92632008 -0.00374184
0.93037101 -0.00359165
0.93431576 -0.00343995
0.93815334 -0.00328713
0.94188282 -0.00313359
0.94550326 -0.00297973
0.94901379 -0.00282596
0.95241353 -0.00267267
0.95570164 -0.00252028
0.95887731 -0.00236918
0.96193977 -0.00221977
0.96488824 -0.00207245
0.96772202 -0.00192760
0.97044038 -0.00178561
0.97304268 -0.00164687
0.97552826 -0.00151174
0.97789651 -0.00138060
0.98014684 -0.00125379
0.98227871 -0.00113166
0.98429158 -0.00101456
0.98618496 -0.00090279
0.98795838 -0.00079668
0.98961141 -0.00069652
0.99114363 -0.00060259
0.99255466 -0.00051515
0.99384417 -0.00043446
0.99501183 -0.00036073
0.99605735 -0.00029418
0.99698048 -0.00023501
0.99778098 -0.00018337
0.99845867 -0.00013942
0.99901336 -0.00010329
0.99944494 -0.00007508
0.99975328 -0.00005487
0.99993832 -0.00004272
1.00000000 -0.00003867
