sample_1488
1.00000000 0.00155748
0.99993832 0.00157672
0.99975328 0.00163443
0.99944494 0.00173061
0.99901336 0.00186525
0.99845867 0.00203834
0.99778098 0.00224986
0.99698048 0.00249978
0.99605735 0.00278807
0.99501183 0.00311468
0.99384417 0.00347955
0.99255466 0.00388261
0.99114363 0.00432376
0.98961141 0.00480290
0.98795838 0.00531989
0.98618496 0.00587457
0.98429158 0.00646674
0.98227871 0.00709618
0.98014684 0.00776264
0.97789651 0.00846582
0.97552826 0.00920537
0.97304268 0.00998092
0.97044038 0.01079203
0.96772202 0.01163823
0.96488824 0.01251899
0.96193977 0.01343372
0.95887731 0.01438179
0.95570164 0.01536250
0.95241353 0.01637511
0.94901379 0.01741879
0.94550326 0.01849268
0.94188282 0.01959585
0.93815334 0.02072732
0.93431576 0.02188604
0.93037101 0.02307090
0.92632008 0.02428074
0.92216396 0.02551436
0.91790368 0.02677050
0.91354029 0.02804783
0.90907486 0.02934499
0.90450850 0.03066060
0.89984233 0.03199319
0.89507751 0.03334130
0.89021520 0.03470341
0.88525662 0.03607798
0.88020298 0.03746345
0.87505553 0.03885824
0.86981555 0.04026074
0.86448431 0.04166936
0.85906315 0.04308247
0.85355339 0.04449848
0.84795640 0.04591576
0.84227355 0.04733272
0.83650626 0.04874777
0.83065593 0.05015935
0.82472402 0.05156590
0.81871199 0.05296591
0.81262133 0.05435789
0.80645353 0.05574038
0.80021011 0.05711197
0.79389263 0.05847127
0.78750263 0.05981694
0.78104169 0.06114771
0.77451141 0.06246231
0.76791340 0.06375957
0.76124928 0.06503833
0.75452071 0.06629750
0.74772933 0.06753604
0.74087684 0.06875296
0.73396491 0.06994732
0.72699525 0.07111824
0.71996958 0.07226489
0.71288965 0.07338648
0.70575718 0.07448227
0.69857395 0.07555158
0.69134172 0.07659377
0.68406228 0.07760824
0.67673742 0.07859442
0.66936896 0.07955181
0.66195871 0.08047991
0.65450850 0.08137829
0.64702016 0.08224653
0.63949555 0.08308424
0.63193652 0.08389106
0.62434494 0.08466666
0.61672268 0.08541072
0.60907162 0.08612294
0.60139365 0.08680306
0.59369066 0.08745080
0.58596455 0.08806592
0.57821723 0.08864817
0.57045062 0.08919734
0.56266662 0.08971319
0.55486716 0.09019552
0.54705416 0.09064412
0.53922955 0.09105879
0.53139526 0.09143934
0.52355323 0.09178559
0.51570538 0.09209734
0.50785366 0.09237443
0.50000000 0.09261669
0.49214634 0.09282396
0.48429462 0.09299610
0.47644677 0.09313297
0.46860474 0.09323444
0.46077045 0.09330040
0.45294584 0.09333077
0.44513284 0.09332547
0.43733338 0.09328444
0.42954938 0.09320766
0.42178277 0.09309511
0.41403545 0.09294682
0.40630934 0.09276284
0.39860635 0.09254325
0.39092838 0.09228817
0.38327732 0.09199774
0.37565506 0.09167215
0.36806348 0.09131162
0.36050445 0.09091642
0.35297984 0.09048685
0.34549150 0.09002325
0.33804129 0.08952602
0.33063104 0.08899559
0.32326258 0.08843242
0.31593772 0.08783704
0.30865828 0.08721000
0.30142605 0.08655189
0.29424282 0.08586336
0.28711035 0.08514509
0.28003042 0.08439778
0.27300475 0.08362218
0.26603509 0.08281908
0.25912316 0.08198928
0.25227067 0.08113362
0.24547929 0.08025297
0.23875072 0.07934821
0.23208660 0.07842024
0.22548859 0.07746998
0.21895831 0.07649835
0.21249737 0.07550629
0.20610737 0.07449474
0.19978989 0.07346463
0.19354647 0.07241690
0.18737867 0.07135248
0.18128801 0.07027229
0.17527598 0.06917721
0.16934407 0.06806815
0.16349374 0.06694595
0.15772645 0.06581146
0.15204360 0.06466549
0.14644661 0.06350882
0.14093685 0.06234219
0.13551569 0.06116633
0.13018445 0.05998192
0.12494447 0.05878958
0.11979702 0.05758994
0.11474338 0.05638354
0.10978480 0.05517092
0.10492249 0.05395255
0.10015767 0.05272888
0.09549150 0.05150032
0.09092514 0.05026722
0.08645971 0.04902991
0.08209632 0.04778868
0.07783604 0.04654378
0.07367992 0.04529544
0.06962899 0.04404383
0.06568424 0.04278912
0.06184666 0.04153143
0.05811718 0.04027087
0.05449674 0.03900753
0.05098621 0.03774146
0.04758647 0.03647272
0.04429836 0.03520133
0.04112269 0.03392732
0.03806023 0.03265070
0.03511176 0.03137147
0.03227798 0.03008964
0.02955962 0.02880521
0.02695732 0.02751819
0.02447174 0.02622859
0.02210349 0.02493641
0.01985316 0.02364169
0.01772129 0.02234445
0.01570842 0.02104473
0.01381504 0.01974260
0.01204162 0.01843812
0.01038859 0.01713137
0.00885637 0.01582246
0.00744534 0.01451148
0.00615583 0.01319856
0.00498817 0.01188386
0.00394265 0.01056751
0.00301952 0.00924969
0.00221902 0.00793058
0.00154133 0.00661036
0.00098664 0.00528924
0.00055506 0.00396743
0.00024672 0.00264514
0.00006168 0.00132259
0.00000000 0.00000000
0.00006168 -0.00119138
0.00024672 -0.00238158
0.00055506 -0.00356943
0.00098664 -0.00475374
0.00154133 -0.00593333
0.00221902 -0.00710700
0.00301952 -0.00827355
0.00394265 -0.00943178
0.00498817 -0.01058046
0.00615583 -0.01171838
0.00744534 -0.01284428
0.00885637 -0.01395694
0.01038859 -0.01505511
0.01204162 -0.01613751
0.01381504 -0.01720290
0.01570842 -0.01825000
0.01772129 -0.01927755
0.01985316 -0.02028428
0.02210349 -0.02126894
0.02447174 -0.02223027
0.02695732 -0.02316704
0.02955962 -0.02407802
0.03227798 -0.02496202
0.03511176 -0.02581786
0.03806023 -0.02664441
0.04112269 -0.02744056
0.04429836 -0.02820526
0.04758647 -0.02893748
0.05098621 -0.02963629
0.05449674 -0.03030078
0.05811718 -0.03093011
0.06184666 -0.03152354
0.06568424 -0.03208039
0.06962899 -0.03260004
0.07367992 -0.03308200
0.07783604 -0.03352583
0.08209632 -0.03393121
0.08645971 -0.03429793
0.09092514 -0.03462584
0.09549150 -0.03491494
0.10015767 -0.03516532
0.10492249 -0.03537716
0.10978480 -0.03555079
0.11474338 -0.03568662
0.11979702 -0.03578517
0.12494447 -0.03584709
0.13018445 -0.03587311
0.13551569 -0.03586408
0.14093685 -0.03582095
0.14644661 -0.03574476
0.15204360 -0.03563665
0.15772645 -0.03549784
0.16349374 -0.03532964
0.16934407 -0.03513342
0.17527598 -0.03491063
0.18128801 -0.03466277
0.18737867 -0.03439141
0.19354647 -0.03409815
0.19978989 -0.03378463
0.20610737 -0.03345251
0.21249737 -0.03310348
0.21895831 -0.03273924
0.22548859 -0.03236147
0.23208660 -0.03197186
0.23875072 -0.03157208
0.24547929 -0.03116378
0.25227067 -0.03074854
0.25912316 -0.03032794
0.26603509 -0.02990349
0.27300475 -0.02947663
0.28003042 -0.02904876
0.28711035 -0.02862119
0.29424282 -0.02819515
0.30142605 -0.02777181
0.30865828 -0.02735222
0.31593772 -0.02693737
0.32326258 -0.02652813
0.33063104 -0.02612529
0.33804129 -0.02572955
0.34549150 -0.02534148
0.35297984 -0.02496157
0.36050445 -0.02459023
0.36806348 -0.02422775
0.37565506 -0.02387433
0.38327732 -0.02353008
0.39092838 -0.02319502
0.39860635 -0.02286909
0.40630934 -0.02255216
0.41403545 -0.02224400
0.42178277 -0.02194434
0.42954938 -0.02165283
0.43733338 -0.02136908
0.44513284 -0.02109263
0.45294584 -0.02082301
0.46077045 -0.02055967
0.46860474 -0.02030207
0.47644677 -0.02004965
0.48429462 -0.01980180
0.49214634 -0.01955795
0.50000000 -0.01931749
0.50785366 -0.01907985
0.51570538 -0.01884446
0.52355323 -0.01861076
0.53139526 -0.01837823
0.53922955 -0.01814637
0.54705416 -0.01791472
0.55486716 -0.01768287
0.56266662 -0.01745041
0.57045062 -0.01721704
0.57821723 -0.01698244
0.58596455 -0.01674639
0.59369066 -0.01650870
0.60139365 -0.01626923
0.60907162 -0.01602789
0.61672268 -0.01578465
0.62434494 -0.01553951
0.63193652 -0.01529254
0.63949555 -0.01504383
0.64702016 -0.01479353
0.65450850 -0.01454184
0.66195871 -0.01428895
0.66936896 -0.01403513
0.67673742 -0.01378064
0.68406228 -0.01352579
0.69134172 -0.01327089
0.69857395 -0.01301627
0.70575718 -0.01276227
0.71288965 -0.01250922
0.71996958 -0.01225746
0.72699525 -0.01200733
0.73396491 -0.01175914
0.74087684 -0.01151320
0.74772933 -0.01126980
0.75452071 -0.01102918
0.76124928 -0.01079161
0.76791340 -0.01055727
0.77451141 -0.01032634
0.78104169 -0.01009896
0.78750263 -0.00987524
0.79389263 -0.00965525
0.80021011 -0.00943900
0.80645353 -0.00922650
0.81262133 -0.00901770
0.81871199 -0.00881251
0.82472402 -0.00861081
0.83065593 -0.00841246
0.83650626 -0.00821727
0.84227355 -0.00802502
0.84795640 -0.00783549
0.85355339 -0.00764840
0.85906315 -0.00746349
0.86448431 -0.00728046
0.86981555 -0.00709901
0.87505553 -0.00691882
0.88020298 -0.00673960
0.88525662 -0.00656103
0.89021520 -0.00638282
0.89507751 -0.00620469
0.89984233 -0.00602636
0.90450850 -0.00584760
0.90907486 -0.00566818
0.91354029 -0.00548792
0.91790368 -0.00530666
0.92216396 -0.00512428
0.92632008 -0.00494071
0.93037101 -0.00475590
0.93431576 -0.00456987
0.93815334 -0.00438267
0.94188282 -0.00419441
0.94550326 -0.00400522
0.94901379 -0.00381532
0.95241353 -0.00362495
0.95570164 -0.00343440
0.95887731 -0.00324401
0.96193977 -0.00305416
0.96488824 -0.00286527
0.96772202 -0.00267780
0.97044038 -0.00249226
0.97304268 -0.00230916
0.97552826 -0.00212905
0.97789651 -0.00195253
0.98014684 -0.00178017
0.98227871 -0.00161259
0.98429158 -0.00145040
0.98618496 -0.00129422
0.98795838 -0.00114466
0.98961141 -0.00100233
0.99114363 -0.00086781
0.99255466 -0.00074168
0.99384417 -0.00062450
0.99501183 -0.00051677
0.99605735 -0.00041899
0.99698048 -0.00033160
0.99778098 -0.00025500
0.99845867 -0.00018957
0.99901336 -0.00013559
0.99944494 -0.00009334
0.99975328 -0.00006302
0.99993832 -0.00004476
1.00000000 -0.00003867
