sample_150
1.00000000 0.00155748
0.99993832 0.00157658
0.99975328 0.00163385
0.99944494 0.00172923
0.99901336 0.00186264
0.99845867 0.00203392
0.99778098 0.00224291
0.99698048 0.00248938
0.99605735 0.00277309
0.99501183 0.00309372
0.99384417 0.00345094
0.99255466 0.00384436
0.99114363 0.00427355
0.98961141 0.00473804
0.98795838 0.00523731
0.98618496 0.00577080
0.98429158 0.00633789
0.98227871 0.00693793
0.98014684 0.00757023
0.97789651 0.00823401
0.97552826 0.00892850
0.97304268 0.00965285
0.97044038 0.01040617
0.96772202 0.01118753
0.96488824 0.01199596
0.96193977 0.01283045
0.95887731 0.01368992
0.95570164 0.01457331
0.95241353 0.01547948
0.94901379 0.01640726
0.94550326 0.01735549
0.94188282 0.01832294
0.93815334 0.01930839
0.93431576 0.02031058
0.93037101 0.02132826
0.92632008 0.02236016
0.92216396 0.02340501
0.91790368 0.02446153
0.91354029 0.02552846
0.90907486 0.02660456
0.90450850 0.02768859
0.89984233 0.02877934
0.89507751 0.02987564
0.89021520 0.03097633
0.88525662 0.03208030
0.88020298 0.03318649
0.87505553 0.03429389
0.86981555 0.03540152
0.86448431 0.03650847
0.85906315 0.03761391
0.85355339 0.03871703
0.84795640 0.03981713
0.84227355 0.04091354
0.83650626 0.04200569
0.83065593 0.04309308
0.82472402 0.04417525
0.81871199 0.04525184
0.81262133 0.04632257
0.80645353 0.04738720
0.80021011 0.04844559
0.79389263 0.04949763
0.78750263 0.05054331
0.78104169 0.05158266
0.77451141 0.05261577
0.76791340 0.05364277
0.76124928 0.05466385
0.75452071 0.05567922
0.74772933 0.05668916
0.74087684 0.05769393
0.73396491 0.05869384
0.72699525 0.05968920
0.71996958 0.06068032
0.71288965 0.06166752
0.70575718 0.06265110
0.69857395 0.06363135
0.69134172 0.06460850
0.68406228 0.06558280
0.67673742 0.06655440
0.66936896 0.06752344
0.66195871 0.06848999
0.65450850 0.06945406
0.64702016 0.07041557
0.63949555 0.07137439
0.63193652 0.07233030
0.62434494 0.07328300
0.61672268 0.07423208
0.60907162 0.07517705
0.60139365 0.07611734
0.59369066 0.07705227
0.58596455 0.07798105
0.57821723 0.07890282
0.57045062 0.07981659
0.56266662 0.08072131
0.55486716 0.08161581
0.54705416 0.08249885
0.53922955 0.08336909
0.53139526 0.08422512
0.52355323 0.08506546
0.51570538 0.08588853
0.50785366 0.08669274
0.50000000 0.08747641
0.49214634 0.08823782
0.48429462 0.08897523
0.47644677 0.08968686
0.46860474 0.09037091
0.46077045 0.09102560
0.45294584 0.09164911
0.44513284 0.09223966
0.43733338 0.09279550
0.42954938 0.09331489
0.42178277 0.09379617
0.41403545 0.09423769
0.40630934 0.09463790
0.39860635 0.09499530
0.39092838 0.09530849
0.38327732 0.09557615
0.37565506 0.09579707
0.36806348 0.09597013
0.36050445 0.09609433
0.35297984 0.09616880
0.34549150 0.09619278
0.33804129 0.09616564
0.33063104 0.09608689
0.32326258 0.09595615
0.31593772 0.09577321
0.30865828 0.09553798
0.30142605 0.09525050
0.29424282 0.09491096
0.28711035 0.09451966
0.28003042 0.09407706
0.27300475 0.09358372
0.26603509 0.09304034
0.25912316 0.09244774
0.25227067 0.09180683
0.24547929 0.09111864
0.23875072 0.09038431
0.23208660 0.08960504
0.22548859 0.08878213
0.21895831 0.08791695
0.21249737 0.08701094
0.20610737 0.08606558
0.19978989 0.08508242
0.19354647 0.08406301
0.18737867 0.08300896
0.18128801 0.08192189
0.17527598 0.08080342
0.16934407 0.07965517
0.16349374 0.07847876
0.15772645 0.07727578
0.15204360 0.07604781
0.14644661 0.07479638
0.14093685 0.07352298
0.13551569 0.07222907
0.13018445 0.07091605
0.12494447 0.06958525
0.11979702 0.06823796
0.11474338 0.06687539
0.10978480 0.06549868
0.10492249 0.06410890
0.10015767 0.06270706
0.09549150 0.06129407
0.09092514 0.05987080
0.08645971 0.05843802
0.08209632 0.05699643
0.07783604 0.05554667
0.07367992 0.05408930
0.06962899 0.05262483
0.06568424 0.05115369
0.06184666 0.04967627
0.05811718 0.04819288
0.05449674 0.04670380
0.05098621 0.04520926
0.04758647 0.04370945
0.04429836 0.04220452
0.04112269 0.04069459
0.03806023 0.03917977
0.03511176 0.03766013
0.03227798 0.03613574
0.02955962 0.03460665
0.02695732 0.03307291
0.02447174 0.03153457
0.02210349 0.02999168
0.01985316 0.02844430
0.01772129 0.02689252
0.01570842 0.02533640
0.01381504 0.02377606
0.01204162 0.02221162
0.01038859 0.02064322
0.00885637 0.01907103
0.00744534 0.01749524
0.00615583 0.01591606
0.00498817 0.01433373
0.00394265 0.01274850
0.00301952 0.01116066
0.00221902 0.00957050
0.00154133 0.00797836
0.00098664 0.00638456
0.00055506 0.00478945
0.00024672 0.00319341
0.00006168 0.00159680
0.00000000 0.00000000
0.00006168 -0.00124263
0.00024672 -0.00248354
0.00055506 -0.00372098
0.00098664 -0.00495324
0.00154133 -0.00617859
0.00221902 -0.00739535
0.00301952 -0.00860181
0.00394265 -0.00979631
0.00498817 -0.01097721
0.00615583 -0.01214288
0.00744534 -0.01329174
0.00885637 -0.01442221
0.01038859 -0.01553278
0.01204162 -0.01662196
0.01381504 -0.01768829
0.01570842 -0.01873037
0.01772129 -0.01974685
0.01985316 -0.02073640
0.02210349 -0.02169778
0.02447174 -0.02262978
0.02695732 -0.02353125
0.02955962 -0.02440111
0.03227798 -0.02523832
0.03511176 -0.02604193
0.03806023 -0.02681105
0.04112269 -0.02754484
0.04429836 -0.02824255
0.04758647 -0.02890351
0.05098621 -0.02952709
0.05449674 -0.03011277
0.05811718 -0.03066009
0.06184666 -0.03116866
0.06568424 -0.03163820
0.06962899 -0.03206848
0.07367992 -0.03245935
0.07783604 -0.03281076
0.08209632 -0.03312272
0.08645971 -0.03339534
0.09092514 -0.03362879
0.09549150 -0.03382334
0.10015767 -0.03397931
0.10492249 -0.03409712
0.10978480 -0.03417725
0.11474338 -0.03422028
0.11979702 -0.03422684
0.12494447 -0.03419762
0.13018445 -0.03413340
0.13551569 -0.03403502
0.14093685 -0.03390338
0.14644661 -0.03373943
0.15204360 -0.03354418
0.15772645 -0.03331872
0.16349374 -0.03306414
0.16934407 -0.03278161
0.17527598 -0.03247233
0.18128801 -0.03213754
0.18737867 -0.03177851
0.19354647 -0.03139655
0.19978989 -0.03099297
0.20610737 -0.03056912
0.21249737 -0.03012636
0.21895831 -0.02966607
0.22548859 -0.02918962
0.23208660 -0.02869839
0.23875072 -0.02819376
0.24547929 -0.02767709
0.25227067 -0.02714975
0.25912316 -0.02661309
0.26603509 -0.02606842
0.27300475 -0.02551705
0.28003042 -0.02496025
0.28711035 -0.02439926
0.29424282 -0.02383530
0.30142605 -0.02326953
0.30865828 -0.02270308
0.31593772 -0.02213705
0.32326258 -0.02157246
0.33063104 -0.02101032
0.33804129 -0.02045157
0.34549150 -0.01989709
0.35297984 -0.01934773
0.36050445 -0.01880425
0.36806348 -0.01826740
0.37565506 -0.01773783
0.38327732 -0.01721616
0.39092838 -0.01670295
0.39860635 -0.01619868
0.40630934 -0.01570381
0.41403545 -0.01521871
0.42178277 -0.01474372
0.42954938 -0.01427911
0.43733338 -0.01382511
0.44513284 -0.01338188
0.45294584 -0.01294955
0.46077045 -0.01252820
0.46860474 -0.01211786
0.47644677 -0.01171852
0.48429462 -0.01133013
0.49214634 -0.01095259
0.50000000 -0.01058579
0.50785366 -0.01022957
0.51570538 -0.00988374
0.52355323 -0.00954809
0.53139526 -0.00922239
0.53922955 -0.00890639
0.54705416 -0.00859980
0.55486716 -0.00830235
0.56266662 -0.00801373
0.57045062 -0.00773364
0.57821723 -0.00746175
0.58596455 -0.00719776
0.59369066 -0.00694133
0.60139365 -0.00669216
0.60907162 -0.00644993
0.61672268 -0.00621432
0.62434494 -0.00598504
0.63193652 -0.00576179
0.63949555 -0.00554429
0.64702016 -0.00533227
0.65450850 -0.00512547
0.66195871 -0.00492366
0.66936896 -0.00472662
0.67673742 -0.00453412
0.68406228 -0.00434599
0.69134172 -0.00416205
0.69857395 -0.00398215
0.70575718 -0.00380614
0.71288965 -0.00363392
0.71996958 -0.00346539
0.72699525 -0.00330045
0.73396491 -0.00313905
0.74087684 -0.00298114
0.74772933 -0.00282669
0.75452071 -0.00267567
0.76124928 -0.00252808
0.76791340 -0.00238393
0.77451141 -0.00224324
0.78104169 -0.00210605
0.78750263 -0.00197238
0.79389263 -0.00184230
0.80021011 -0.00171584
0.80645353 -0.00159308
0.81262133 -0.00147408
0.81871199 -0.00135889
0.82472402 -0.00124759
0.83065593 -0.00114025
0.83650626 -0.00103692
0.84227355 -0.00093767
0.84795640 -0.00084256
0.85355339 -0.00075164
0.85906315 -0.00066496
0.86448431 -0.00058256
0.86981555 -0.00050446
0.87505553 -0.00043069
0.88020298 -0.00036126
0.88525662 -0.00029618
0.89021520 -0.00023543
0.89507751 -0.00017899
0.89984233 -0.00012684
0.90450850 -0.00007892
0.90907486 -0.00003519
0.91354029 0.00000444
0.91790368 0.00004003
0.92216396 0.00007168
0.92632008 0.00009951
0.93037101 0.00012361
0.93431576 0.00014413
0.93815334 0.00016120
0.94188282 0.00017496
0.94550326 0.00018558
0.94901379 0.00019323
0.95241353 0.00019807
0.95570164 0.00020029
0.95887731 0.00020007
0.96193977 0.00019762
0.96488824 0.00019312
0.96772202 0.00018678
0.97044038 0.00017880
0.97304268 0.00016938
0.97552826 0.00015873
0.97789651 0.00014706
0.98014684 0.00013455
0.98227871 0.00012143
0.98429158 0.00010787
0.98618496 0.00009406
0.98795838 0.00008020
0.98961141 0.00006646
0.99114363 0.00005300
0.99255466 0.00003999
0.99384417 0.00002758
0.99501183 0.00001591
0.99605735 0.00000511
0.99698048 -0.00000471
0.99778098 -0.00001344
0.99845867 -0.00002098
0.99901336 -0.00002726
0.99944494 -0.00003221
0.99975328 -0.00003579
0.99993832 -0.00003795
1.00000000 -0.00003867
