sample_883
1.00000000 0.00155748
0.99993832 0.00157469
0.99975328 0.00162631
0.99944494 0.00171228
0.99901336 0.00183254
0.99845867 0.00198697
0.99778098 0.00217543
0.99698048 0.00239776
0.99605735 0.00265374
0.99501183 0.00294313
0.99384417 0.00326567
0.99255466 0.00362105
0.99114363 0.00400891
0.98961141 0.00442890
0.98795838 0.00488058
0.98618496 0.00536350
0.98429158 0.00587718
0.98227871 0.00642109
0.98014684 0.00699464
0.97789651 0.00759724
0.97552826 0.00822825
0.97304268 0.00888696
0.97044038 0.00957266
0.96772202 0.01028459
0.96488824 0.01102194
0.96193977 0.01178388
0.95887731 0.01256953
0.95570164 0.01337800
0.95241353 0.01420835
0.94901379 0.01505961
0.94550326 0.01593080
0.94188282 0.01682088
0.93815334 0.01772884
0.93431576 0.01865360
0.93037101 0.01959410
0.92632008 0.02054926
0.92216396 0.02151799
0.91790368 0.02249919
0.91354029 0.02349177
0.90907486 0.02449464
0.90450850 0.02550672
0.89984233 0.02652694
0.89507751 0.02755424
0.89021520 0.02858760
0.88525662 0.02962600
0.88020298 0.03066848
0.87505553 0.03171408
0.86981555 0.03276189
0.86448431 0.03381105
0.85906315 0.03486071
0.85355339 0.03591011
0.84795640 0.03695850
0.84227355 0.03800519
0.83650626 0.03904955
0.83065593 0.04009099
0.82472402 0.04112898
0.81871199 0.04216304
0.81262133 0.04319273
0.80645353 0.04421770
0.80021011 0.04523760
0.79389263 0.04625218
0.78750263 0.04726119
0.78104169 0.04826445
0.77451141 0.04926183
0.76791340 0.05025322
0.76124928 0.05123854
0.75452071 0.05221777
0.74772933 0.05319088
0.74087684 0.05415788
0.73396491 0.05511880
0.72699525 0.05607367
0.71996958 0.05702252
0.71288965 0.05796539
0.70575718 0.05890232
0.69857395 0.05983332
0.69134172 0.06075839
0.68406228 0.06167750
0.67673742 0.06259062
0.66936896 0.06349764
0.66195871 0.06439845
0.65450850 0.06529288
0.64702016 0.06618071
0.63949555 0.06706168
0.63193652 0.06793545
0.62434494 0.06880165
0.61672268 0.06965984
0.60907162 0.07050950
0.60139365 0.07135008
0.59369066 0.07218093
0.58596455 0.07300135
0.57821723 0.07381058
0.57045062 0.07460780
0.56266662 0.07539210
0.55486716 0.07616255
0.54705416 0.07691813
0.53922955 0.07765779
0.53139526 0.07838041
0.52355323 0.07908485
0.51570538 0.07976992
0.50785366 0.08043438
0.50000000 0.08107699
0.49214634 0.08169648
0.48429462 0.08229155
0.47644677 0.08286092
0.46860474 0.08340329
0.46077045 0.08391737
0.45294584 0.08440190
0.44513284 0.08485563
0.43733338 0.08527734
0.42954938 0.08566586
0.42178277 0.08602004
0.41403545 0.08633881
0.40630934 0.08662115
0.39860635 0.08686609
0.39092838 0.08707276
0.38327732 0.08724034
0.37565506 0.08736811
0.36806348 0.08745543
0.36050445 0.08750175
0.35297984 0.08750661
0.34549150 0.08746966
0.33804129 0.08739063
0.33063104 0.08726937
0.32326258 0.08710581
0.31593772 0.08690000
0.30865828 0.08665207
0.30142605 0.08636227
0.29424282 0.08603092
0.28711035 0.08565845
0.28003042 0.08524538
0.27300475 0.08479231
0.26603509 0.08429992
0.25912316 0.08376897
0.25227067 0.08320028
0.24547929 0.08259476
0.23875072 0.08195333
0.23208660 0.08127701
0.22548859 0.08056683
0.21895831 0.07982386
0.21249737 0.07904922
0.20610737 0.07824403
0.19978989 0.07740944
0.19354647 0.07654657
0.18737867 0.07565659
0.18128801 0.07474063
0.17527598 0.07379980
0.16934407 0.07283522
0.16349374 0.07184795
0.15772645 0.07083903
0.15204360 0.06980946
0.14644661 0.06876019
0.14093685 0.06769215
0.13551569 0.06660618
0.13018445 0.06550310
0.12494447 0.06438364
0.11979702 0.06324850
0.11474338 0.06209830
0.10978480 0.06093362
0.10492249 0.05975496
0.10015767 0.05856278
0.09549150 0.05735747
0.09092514 0.05613936
0.08645971 0.05490873
0.08209632 0.05366582
0.07783604 0.05241082
0.07367992 0.05114387
0.06962899 0.04986507
0.06568424 0.04857450
0.06184666 0.04727219
0.05811718 0.04595817
0.05449674 0.04463243
0.05098621 0.04329497
0.04758647 0.04194577
0.04429836 0.04058480
0.04112269 0.03921206
0.03806023 0.03782752
0.03511176 0.03643121
0.03227798 0.03502314
0.02955962 0.03360337
0.02695732 0.03217198
0.02447174 0.03072909
0.02210349 0.02927484
0.01985316 0.02780941
0.01772129 0.02633305
0.01570842 0.02484602
0.01381504 0.02334864
0.01204162 0.02184128
0.01038859 0.02032436
0.00885637 0.01879832
0.00744534 0.01726368
0.00615583 0.01572099
0.00498817 0.01417085
0.00394265 0.01261388
0.00301952 0.01105076
0.00221902 0.00948221
0.00154133 0.00790896
0.00098664 0.00633179
0.00055506 0.00475149
0.00024672 0.00316887
0.00006168 0.00158476
0.00000000 0.00000000
0.00006168 -0.00151773
0.00024672 -0.00303374
0.00055506 -0.00454630
0.00098664 -0.00605367
0.00154133 -0.00755413
0.00221902 -0.00904594
0.00301952 -0.01052738
0.00394265 -0.01199671
0.00498817 -0.01345219
0.00615583 -0.01489210
0.00744534 -0.01631470
0.00885637 -0.01771827
0.01038859 -0.01910108
0.01204162 -0.02046140
0.01381504 -0.02179753
0.01570842 -0.02310776
0.01772129 -0.02439041
0.01985316 -0.02564379
0.02210349 -0.02686624
0.02447174 -0.02805614
0.02695732 -0.02921186
0.02955962 -0.03033184
0.03227798 -0.03141450
0.03511176 -0.03245836
0.03806023 -0.03346194
0.04112269 -0.03442382
0.04429836 -0.03534263
0.04758647 -0.03621707
0.05098621 -0.03704588
0.05449674 -0.03782789
0.05811718 -0.03856199
0.06184666 -0.03924716
0.06568424 -0.03988246
0.06962899 -0.04046701
0.07367992 -0.04100008
0.07783604 -0.04148098
0.08209632 -0.04190916
0.08645971 -0.04228415
0.09092514 -0.04260562
0.09549150 -0.04287332
0.10015767 -0.04308714
0.10492249 -0.04324706
0.10978480 -0.04335321
0.11474338 -0.04340582
0.11979702 -0.04340526
0.12494447 -0.04335200
0.13018445 -0.04324664
0.13551569 -0.04308991
0.14093685 -0.04288266
0.14644661 -0.04262584
0.15204360 -0.04232052
0.15772645 -0.04196791
0.16349374 -0.04156929
0.16934407 -0.04112607
0.17527598 -0.04063975
0.18128801 -0.04011193
0.18737867 -0.03954429
0.19354647 -0.03893862
0.19978989 -0.03829674
0.20610737 -0.03762059
0.21249737 -0.03691215
0.21895831 -0.03617345
0.22548859 -0.03540658
0.23208660 -0.03461368
0.23875072 -0.03379689
0.24547929 -0.03295842
0.25227067 -0.03210046
0.25912316 -0.03122523
0.26603509 -0.03033494
0.27300475 -0.02943181
0.28003042 -0.02851803
0.28711035 -0.02759577
0.29424282 -0.02666719
0.30142605 -0.02573438
0.30865828 -0.02479942
0.31593772 -0.02386433
0.32326258 -0.02293107
0.33063104 -0.02200154
0.33804129 -0.02107759
0.34549150 -0.02016098
0.35297984 -0.01925341
0.36050445 -0.01835649
0.36806348 -0.01747176
0.37565506 -0.01660068
0.38327732 -0.01574459
0.39092838 -0.01490479
0.39860635 -0.01408246
0.40630934 -0.01327869
0.41403545 -0.01249449
0.42178277 -0.01173077
0.42954938 -0.01098836
0.43733338 -0.01026798
0.44513284 -0.00957029
0.45294584 -0.00889585
0.46077045 -0.00824513
0.46860474 -0.00761851
0.47644677 -0.00701632
0.48429462 -0.00643878
0.49214634 -0.00588606
0.50000000 -0.00535824
0.50785366 -0.00485535
0.51570538 -0.00437734
0.52355323 -0.00392410
0.53139526 -0.00349547
0.53922955 -0.00309124
0.54705416 -0.00271114
0.55486716 -0.00235485
0.56266662 -0.00202202
0.57045062 -0.00171223
0.57821723 -0.00142507
0.58596455 -0.00116005
0.59369066 -0.00091668
0.60139365 -0.00069442
0.60907162 -0.00049273
0.61672268 -0.00031101
0.62434494 -0.00014867
0.63193652 -0.00000509
0.63949555 0.00012036
0.64702016 0.00022833
0.65450850 0.00031949
0.66195871 0.00039451
0.66936896 0.00045407
0.67673742 0.00049887
0.68406228 0.00052961
0.69134172 0.00054699
0.69857395 0.00055174
0.70575718 0.00054455
0.71288965 0.00052617
0.71996958 0.00049730
0.72699525 0.00045868
0.73396491 0.00041103
0.74087684 0.00035508
0.74772933 0.00029156
0.75452071 0.00022120
0.76124928 0.00014471
0.76791340 0.00006282
0.77451141 -0.00002375
0.78104169 -0.00011430
0.78750263 -0.00020812
0.79389263 -0.00030451
0.80021011 -0.00040279
0.80645353 -0.00050228
0.81262133 -0.00060231
0.81871199 -0.00070225
0.82472402 -0.00080145
0.83065593 -0.00089930
0.83650626 -0.00099520
0.84227355 -0.00108859
0.84795640 -0.00117890
0.85355339 -0.00126563
0.85906315 -0.00134826
0.86448431 -0.00142634
0.86981555 -0.00149943
0.87505553 -0.00156714
0.88020298 -0.00162909
0.88525662 -0.00168495
0.89021520 -0.00173445
0.89507751 -0.00177734
0.89984233 -0.00181340
0.90450850 -0.00184247
0.90907486 -0.00186445
0.91354029 -0.00187924
0.91790368 -0.00188684
0.92216396 -0.00188724
0.92632008 -0.00188052
0.93037101 -0.00186678
0.93431576 -0.00184619
0.93815334 -0.00181892
0.94188282 -0.00178524
0.94550326 -0.00174541
0.94901379 -0.00169976
0.95241353 -0.00164866
0.95570164 -0.00159248
0.95887731 -0.00153168
0.96193977 -0.00146670
0.96488824 -0.00139804
0.96772202 -0.00132620
0.97044038 -0.00125172
0.97304268 -0.00117515
0.97552826 -0.00109705
0.97789651 -0.00101800
0.98014684 -0.00093858
0.98227871 -0.00085937
0.98429158 -0.00078096
0.98618496 -0.00070390
0.98795838 -0.00062878
0.98961141 -0.00055613
0.99114363 -0.00048649
0.99255466 -0.00042036
0.99384417 -0.00035824
0.99501183 -0.00030057
0.99605735 -0.00024778
0.99698048 -0.00020025
0.99778098 -0.00015833
0.99845867 -0.00012233
0.99901336 -0.00009251
0.99944494 -0.00006908
0.99975328 -0.00005223
0.99993832 -0.00004207
1.00000000 -0.00003867
