sample_1116
1.00000000 0.00155748
0.99993832 0.00157194
0.99975328 0.00161533
0.99944494 0.00168762
0.99901336 0.00178877
0.99845867 0.00191875
0.99778098 0.00207749
0.99698048 0.00226492
0.99605735 0.00248094
0.99501183 0.00272545
0.99384417 0.00299832
0.99255466 0.00329941
0.99114363 0.00362856
0.98961141 0.00398558
0.98795838 0.00437027
0.98618496 0.00478240
0.98429158 0.00522173
0.98227871 0.00568797
0.98014684 0.00618084
0.97789651 0.00670000
0.97552826 0.00724511
0.97304268 0.00781578
0.97044038 0.00841162
0.96772202 0.00903217
0.96488824 0.00967700
0.96193977 0.01034560
0.95887731 0.01103748
0.95570164 0.01175208
0.95241353 0.01248884
0.94901379 0.01324719
0.94550326 0.01402650
0.94188282 0.01482616
0.93815334 0.01564552
0.93431576 0.01648392
0.93037101 0.01734069
0.92632008 0.01821514
0.92216396 0.01910658
0.91790368 0.02001431
0.91354029 0.02093764
0.90907486 0.02187587
0.90450850 0.02282831
0.89984233 0.02379428
0.89507751 0.02477310
0.89021520 0.02576412
0.88525662 0.02676671
0.88020298 0.02778024
0.87505553 0.02880411
0.86981555 0.02983777
0.86448431 0.03088068
0.85906315 0.03193233
0.85355339 0.03299225
0.84795640 0.03406000
0.84227355 0.03513519
0.83650626 0.03621744
0.83065593 0.03730645
0.82472402 0.03840193
0.81871199 0.03950362
0.81262133 0.04061133
0.80645353 0.04172489
0.80021011 0.04284415
0.79389263 0.04396902
0.78750263 0.04509942
0.78104169 0.04623532
0.77451141 0.04737670
0.76791340 0.04852355
0.76124928 0.04967590
0.75452071 0.05083379
0.74772933 0.05199724
0.74087684 0.05316632
0.73396491 0.05434104
0.72699525 0.05552145
0.71996958 0.05670756
0.71288965 0.05789937
0.70575718 0.05909685
0.69857395 0.06029993
0.69134172 0.06150851
0.68406228 0.06272245
0.67673742 0.06394155
0.66936896 0.06516556
0.66195871 0.06639417
0.65450850 0.06762700
0.64702016 0.06886358
0.63949555 0.07010341
0.63193652 0.07134587
0.62434494 0.07259027
0.61672268 0.07383584
0.60907162 0.07508170
0.60139365 0.07632691
0.59369066 0.07757043
0.58596455 0.07881110
0.57821723 0.08004770
0.57045062 0.08127891
0.56266662 0.08250332
0.55486716 0.08371943
0.54705416 0.08492565
0.53922955 0.08612033
0.53139526 0.08730172
0.52355323 0.08846801
0.51570538 0.08961732
0.50785366 0.09074771
0.50000000 0.09185720
0.49214634 0.09294374
0.48429462 0.09400527
0.47644677 0.09503968
0.46860474 0.09604484
0.46077045 0.09701861
0.45294584 0.09795885
0.44513284 0.09886343
0.43733338 0.09973024
0.42954938 0.10055716
0.42178277 0.10134215
0.41403545 0.10208320
0.40630934 0.10277834
0.39860635 0.10342567
0.39092838 0.10402337
0.38327732 0.10456970
0.37565506 0.10506300
0.36806348 0.10550172
0.36050445 0.10588441
0.35297984 0.10620972
0.34549150 0.10647644
0.33804129 0.10668347
0.33063104 0.10682983
0.32326258 0.10691470
0.31593772 0.10693738
0.30865828 0.10689730
0.30142605 0.10679406
0.29424282 0.10662738
0.28711035 0.10639713
0.28003042 0.10610333
0.27300475 0.10574614
0.26603509 0.10532585
0.25912316 0.10484291
0.25227067 0.10429790
0.24547929 0.10369152
0.23875072 0.10302461
0.23208660 0.10229812
0.22548859 0.10151314
0.21895831 0.10067085
0.21249737 0.09977254
0.20610737 0.09881961
0.19978989 0.09781353
0.19354647 0.09675587
0.18737867 0.09564826
0.18128801 0.09449240
0.17527598 0.09329005
0.16934407 0.09204303
0.16349374 0.09075318
0.15772645 0.08942239
0.15204360 0.08805256
0.14644661 0.08664562
0.14093685 0.08520350
0.13551569 0.08372811
0.13018445 0.08222140
0.12494447 0.08068525
0.11979702 0.07912156
0.11474338 0.07753218
0.10978480 0.07591893
0.10492249 0.07428359
0.10015767 0.07262789
0.09549150 0.07095351
0.09092514 0.06926208
0.08645971 0.06755516
0.08209632 0.06583426
0.07783604 0.06410082
0.07367992 0.06235621
0.06962899 0.06060172
0.06568424 0.05883860
0.06184666 0.05706799
0.05811718 0.05529098
0.05449674 0.05350858
0.05098621 0.05172174
0.04758647 0.04993132
0.04429836 0.04813811
0.04112269 0.04634284
0.03806023 0.04454618
0.03511176 0.04274871
0.03227798 0.04095097
0.02955962 0.03915342
0.02695732 0.03735646
0.02447174 0.03556046
0.02210349 0.03376571
0.01985316 0.03197245
0.01772129 0.03018089
0.01570842 0.02839117
0.01381504 0.02660341
0.01204162 0.02481767
0.01038859 0.02303400
0.00885637 0.02125239
0.00744534 0.01947282
0.00615583 0.01769522
0.00498817 0.01591951
0.00394265 0.01414558
0.00301952 0.01237331
0.00221902 0.01060256
0.00154133 0.00883315
0.00098664 0.00706493
0.00055506 0.00529769
0.00024672 0.00353126
0.00006168 0.00176543
0.00000000 0.00000000
0.00006168 -0.00113478
0.00024672 -0.00226866
0.00055506 -0.00340075
0.00098664 -0.00453016
0.00154133 -0.00565596
0.00221902 -0.00677724
0.00301952 -0.00789308
0.00394265 -0.00900255
0.00498817 -0.01010469
0.00615583 -0.01119855
0.00744534 -0.01228316
0.00885637 -0.01335752
0.01038859 -0.01442065
0.01204162 -0.01547152
0.01381504 -0.01650912
0.01570842 -0.01753241
0.01772129 -0.01854034
0.01985316 -0.01953187
0.02210349 -0.02050593
0.02447174 -0.02146147
0.02695732 -0.02239742
0.02955962 -0.02331274
0.03227798 -0.02420638
0.03511176 -0.02507729
0.03806023 -0.02592446
0.04112269 -0.02674689
0.04429836 -0.02754360
0.04758647 -0.02831364
0.05098621 -0.02905611
0.05449674 -0.02977012
0.05811718 -0.03045485
0.06184666 -0.03110951
0.06568424 -0.03173338
0.06962899 -0.03232579
0.07367992 -0.03288613
0.07783604 -0.03341385
0.08209632 -0.03390848
0.08645971 -0.03436963
0.09092514 -0.03479697
0.09549150 -0.03519027
0.10015767 -0.03554936
0.10492249 -0.03587417
0.10978480 -0.03616470
0.11474338 -0.03642106
0.11979702 -0.03664343
0.12494447 -0.03683208
0.13018445 -0.03698736
0.13551569 -0.03710971
0.14093685 -0.03719966
0.14644661 -0.03725781
0.15204360 -0.03728484
0.15772645 -0.03728150
0.16349374 -0.03724862
0.16934407 -0.03718709
0.17527598 -0.03709787
0.18128801 -0.03698195
0.18737867 -0.03684041
0.19354647 -0.03667434
0.19978989 -0.03648488
0.20610737 -0.03627321
0.21249737 -0.03604053
0.21895831 -0.03578806
0.22548859 -0.03551703
0.23208660 -0.03522868
0.23875072 -0.03492424
0.24547929 -0.03460495
0.25227067 -0.03427203
0.25912316 -0.03392667
0.26603509 -0.03357004
0.27300475 -0.03320329
0.28003042 -0.03282753
0.28711035 -0.03244381
0.29424282 -0.03205316
0.30142605 -0.03165655
0.30865828 -0.03125490
0.31593772 -0.03084907
0.32326258 -0.03043987
0.33063104 -0.03002804
0.33804129 -0.02961427
0.34549150 -0.02919918
0.35297984 -0.02878333
0.36050445 -0.02836722
0.36806348 -0.02795130
0.37565506 -0.02753593
0.38327732 -0.02712145
0.39092838 -0.02670812
0.39860635 -0.02629615
0.40630934 -0.02588571
0.41403545 -0.02547693
0.42178277 -0.02506987
0.42954938 -0.02466459
0.43733338 -0.02426109
0.44513284 -0.02385935
0.45294584 -0.02345932
0.46077045 -0.02306095
0.46860474 -0.02266414
0.47644677 -0.02226882
0.48429462 -0.02187489
0.49214634 -0.02148226
0.50000000 -0.02109083
0.50785366 -0.02070052
0.51570538 -0.02031126
0.52355323 -0.01992300
0.53139526 -0.01953569
0.53922955 -0.01914932
0.54705416 -0.01876389
0.55486716 -0.01837944
0.56266662 -0.01799602
0.57045062 -0.01761373
0.57821723 -0.01723268
0.58596455 -0.01685302
0.59369066 -0.01647492
0.60139365 -0.01609859
0.60907162 -0.01572425
0.61672268 -0.01535217
0.62434494 -0.01498262
0.63193652 -0.01461591
0.63949555 -0.01425236
0.64702016 -0.01389231
0.65450850 -0.01353610
0.66195871 -0.01318409
0.66936896 -0.01283666
0.67673742 -0.01249415
0.68406228 -0.01215695
0.69134172 -0.01182540
0.69857395 -0.01149986
0.70575718 -0.01118065
0.71288965 -0.01086810
0.71996958 -0.01056249
0.72699525 -0.01026410
0.73396491 -0.00997316
0.74087684 -0.00968988
0.74772933 -0.00941445
0.75452071 -0.00914698
0.76124928 -0.00888759
0.76791340 -0.00863633
0.77451141 -0.00839321
0.78104169 -0.00815821
0.78750263 -0.00793126
0.79389263 -0.00771225
0.80021011 -0.00750101
0.80645353 -0.00729736
0.81262133 -0.00710105
0.81871199 -0.00691182
0.82472402 -0.00672934
0.83065593 -0.00655328
0.83650626 -0.00638326
0.84227355 -0.00621888
0.84795640 -0.00605972
0.85355339 -0.00590533
0.85906315 -0.00575526
0.86448431 -0.00560903
0.86981555 -0.00546619
0.87505553 -0.00532624
0.88020298 -0.00518872
0.88525662 -0.00505318
0.89021520 -0.00491915
0.89507751 -0.00478621
0.89984233 -0.00465396
0.90450850 -0.00452200
0.90907486 -0.00439000
0.91354029 -0.00425763
0.91790368 -0.00412461
0.92216396 -0.00399071
0.92632008 -0.00385574
0.93037101 -0.00371955
0.93431576 -0.00358203
0.93815334 -0.00344315
0.94188282 -0.00330290
0.94550326 -0.00316133
0.94901379 -0.00301854
0.95241353 -0.00287469
0.95570164 -0.00272998
0.95887731 -0.00258466
0.96193977 -0.00243902
0.96488824 -0.00229340
0.96772202 -0.00214818
0.97044038 -0.00200377
0.97304268 -0.00186062
0.97552826 -0.00171920
0.97789651 -0.00158001
0.98014684 -0.00144358
0.98227871 -0.00131043
0.98429158 -0.00118112
0.98618496 -0.00105619
0.98795838 -0.00093620
0.98961141 -0.00082167
0.99114363 -0.00071316
0.99255466 -0.00061118
0.99384417 -0.00051621
0.99501183 -0.00042875
0.99605735 -0.00034921
0.99698048 -0.00027803
0.99778098 -0.00021555
0.99845867 -0.00016211
0.99901336 -0.00011799
0.99944494 -0.00008343
0.99975328 -0.00005861
0.99993832 -0.00004366
1.00000000 -0.00003867
