sample_875
1.00000000 0.00155748
0.99993832 0.00156960
0.99975328 0.00160600
0.99944494 0.00166672
0.99901336 0.00175188
0.99845867 0.00186160
0.99778098 0.00199607
0.99698048 0.00215548
0.99605735 0.00234009
0.99501183 0.00255015
0.99384417 0.00278595
0.99255466 0.00304780
0.99114363 0.00333603
0.98961141 0.00365096
0.98795838 0.00399293
0.98618496 0.00436227
0.98429158 0.00475933
0.98227871 0.00518440
0.98014684 0.00563779
0.97789651 0.00611978
0.97552826 0.00663061
0.97304268 0.00717049
0.97044038 0.00773959
0.96772202 0.00833805
0.96488824 0.00896594
0.96193977 0.00962327
0.95887731 0.01031003
0.95570164 0.01102611
0.95241353 0.01177136
0.94901379 0.01254554
0.94550326 0.01334837
0.94188282 0.01417947
0.93815334 0.01503841
0.93431576 0.01592468
0.93037101 0.01683769
0.92632008 0.01777680
0.92216396 0.01874128
0.91790368 0.01973034
0.91354029 0.02074312
0.90907486 0.02177870
0.90450850 0.02283611
0.89984233 0.02391431
0.89507751 0.02501221
0.89021520 0.02612868
0.88525662 0.02726255
0.88020298 0.02841260
0.87505553 0.02957759
0.86981555 0.03075626
0.86448431 0.03194731
0.85906315 0.03314945
0.85355339 0.03436136
0.84795640 0.03558174
0.84227355 0.03680928
0.83650626 0.03804267
0.83065593 0.03928064
0.82472402 0.04052192
0.81871199 0.04176527
0.81262133 0.04300949
0.80645353 0.04425339
0.80021011 0.04549585
0.79389263 0.04673576
0.78750263 0.04797207
0.78104169 0.04920377
0.77451141 0.05042991
0.76791340 0.05164958
0.76124928 0.05286192
0.75452071 0.05406612
0.74772933 0.05526143
0.74087684 0.05644714
0.73396491 0.05762260
0.72699525 0.05878719
0.71996958 0.05994036
0.71288965 0.06108159
0.70575718 0.06221039
0.69857395 0.06332633
0.69134172 0.06442900
0.68406228 0.06551803
0.67673742 0.06659307
0.66936896 0.06765378
0.66195871 0.06869986
0.65450850 0.06973102
0.64702016 0.07074697
0.63949555 0.07174743
0.63193652 0.07273212
0.62434494 0.07370077
0.61672268 0.07465309
0.60907162 0.07558879
0.60139365 0.07650754
0.59369066 0.07740904
0.58596455 0.07829292
0.57821723 0.07915884
0.57045062 0.08000639
0.56266662 0.08083516
0.55486716 0.08164471
0.54705416 0.08243458
0.53922955 0.08320427
0.53139526 0.08395325
0.52355323 0.08468098
0.51570538 0.08538689
0.50785366 0.08607037
0.50000000 0.08673082
0.49214634 0.08736758
0.48429462 0.08798000
0.47644677 0.08856742
0.46860474 0.08912914
0.46077045 0.08966449
0.45294584 0.09017277
0.44513284 0.09065329
0.43733338 0.09110537
0.42954938 0.09152831
0.42178277 0.09192146
0.41403545 0.09228417
0.40630934 0.09261580
0.39860635 0.09291576
0.39092838 0.09318347
0.38327732 0.09341838
0.37565506 0.09361999
0.36806348 0.09378783
0.36050445 0.09392147
0.35297984 0.09402053
0.34549150 0.09408468
0.33804129 0.09411361
0.33063104 0.09410711
0.32326258 0.09406497
0.31593772 0.09398706
0.30865828 0.09387330
0.30142605 0.09372364
0.29424282 0.09353810
0.28711035 0.09331673
0.28003042 0.09305966
0.27300475 0.09276702
0.26603509 0.09243901
0.25912316 0.09207586
0.25227067 0.09167784
0.24547929 0.09124525
0.23875072 0.09077842
0.23208660 0.09027770
0.22548859 0.08974346
0.21895831 0.08917610
0.21249737 0.08857600
0.20610737 0.08794359
0.19978989 0.08727928
0.19354647 0.08658346
0.18737867 0.08585656
0.18128801 0.08509896
0.17527598 0.08431106
0.16934407 0.08349322
0.16349374 0.08264578
0.15772645 0.08176908
0.15204360 0.08086342
0.14644661 0.07992908
0.14093685 0.07896630
0.13551569 0.07797530
0.13018445 0.07695627
0.12494447 0.07590937
0.11979702 0.07483474
0.11474338 0.07373247
0.10978480 0.07260263
0.10492249 0.07144527
0.10015767 0.07026043
0.09549150 0.06904809
0.09092514 0.06780825
0.08645971 0.06654087
0.08209632 0.06524592
0.07783604 0.06392336
0.07367992 0.06257313
0.06962899 0.06119519
0.06568424 0.05978951
0.06184666 0.05835607
0.05811718 0.05689485
0.05449674 0.05540589
0.05098621 0.05388922
0.04758647 0.05234494
0.04429836 0.05077315
0.04112269 0.04917403
0.03806023 0.04754779
0.03511176 0.04589470
0.03227798 0.04421507
0.02955962 0.04250929
0.02695732 0.04077781
0.02447174 0.03902114
0.02210349 0.03723985
0.01985316 0.03543461
0.01772129 0.03360614
0.01570842 0.03175522
0.01381504 0.02988274
0.01204162 0.02798964
0.01038859 0.02607691
0.00885637 0.02414565
0.00744534 0.02219701
0.00615583 0.02023220
0.00498817 0.01825249
0.00394265 0.01625922
0.00301952 0.01425378
0.00221902 0.01223759
0.00154133 0.01021214
0.00098664 0.00817894
0.00055506 0.00613954
0.00024672 0.00409552
0.00006168 0.00204847
0.00000000 0.00000000
0.00006168 -0.00096308
0.00024672 -0.00192570
0.00055506 -0.00288738
0.00098664 -0.00384766
0.00154133 -0.00480606
0.00221902 -0.00576207
0.00301952 -0.00671520
0.00394265 -0.00766493
0.00498817 -0.00861072
0.00615583 -0.00955202
0.00744534 -0.01048826
0.00885637 -0.01141885
0.01038859 -0.01234318
0.01204162 -0.01326061
0.01381504 -0.01417049
0.01570842 -0.01507213
0.01772129 -0.01596484
0.01985316 -0.01684790
0.02210349 -0.01772056
0.02447174 -0.01858208
0.02695732 -0.01943167
0.02955962 -0.02026855
0.03227798 -0.02109191
0.03511176 -0.02190095
0.03806023 -0.02269486
0.04112269 -0.02347280
0.04429836 -0.02423396
0.04758647 -0.02497752
0.05098621 -0.02570267
0.05449674 -0.02640862
0.05811718 -0.02709459
0.06184666 -0.02775979
0.06568424 -0.02840350
0.06962899 -0.02902500
0.07367992 -0.02962359
0.07783604 -0.03019864
0.08209632 -0.03074952
0.08645971 -0.03127566
0.09092514 -0.03177654
0.09549150 -0.03225167
0.10015767 -0.03270063
0.10492249 -0.03312303
0.10978480 -0.03351856
0.11474338 -0.03388695
0.11979702 -0.03422800
0.12494447 -0.03454155
0.13018445 -0.03482753
0.13551569 -0.03508591
0.14093685 -0.03531673
0.14644661 -0.03552009
0.15204360 -0.03569613
0.15772645 -0.03584510
0.16349374 -0.03596725
0.16934407 -0.03606293
0.17527598 -0.03613251
0.18128801 -0.03617645
0.18737867 -0.03619522
0.19354647 -0.03618936
0.19978989 -0.03615944
0.20610737 -0.03610609
0.21249737 -0.03602995
0.21895831 -0.03593171
0.22548859 -0.03581207
0.23208660 -0.03567178
0.23875072 -0.03551159
0.24547929 -0.03533227
0.25227067 -0.03513460
0.25912316 -0.03491938
0.26603509 -0.03468740
0.27300475 -0.03443946
0.28003042 -0.03417635
0.28711035 -0.03389885
0.29424282 -0.03360774
0.30142605 -0.03330378
0.30865828 -0.03298772
0.31593772 -0.03266027
0.32326258 -0.03232216
0.33063104 -0.03197406
0.33804129 -0.03161663
0.34549150 -0.03125049
0.35297984 -0.03087627
0.36050445 -0.03049453
0.36806348 -0.03010583
0.37565506 -0.02971068
0.38327732 -0.02930959
0.39092838 -0.02890301
0.39860635 -0.02849139
0.40630934 -0.02807514
0.41403545 -0.02765465
0.42178277 -0.02723029
0.42954938 -0.02680240
0.43733338 -0.02637132
0.44513284 -0.02593734
0.45294584 -0.02550076
0.46077045 -0.02506186
0.46860474 -0.02462091
0.47644677 -0.02417816
0.48429462 -0.02373388
0.49214634 -0.02328831
0.50000000 -0.02284169
0.50785366 -0.02239427
0.51570538 -0.02194629
0.52355323 -0.02149801
0.53139526 -0.02104967
0.53922955 -0.02060153
0.54705416 -0.02015387
0.55486716 -0.01970694
0.56266662 -0.01926105
0.57045062 -0.01881646
0.57821723 -0.01837350
0.58596455 -0.01793245
0.59369066 -0.01749365
0.60139365 -0.01705742
0.60907162 -0.01662409
0.61672268 -0.01619400
0.62434494 -0.01576750
0.63193652 -0.01534493
0.63949555 -0.01492665
0.64702016 -0.01451301
0.65450850 -0.01410436
0.66195871 -0.01370105
0.66936896 -0.01330341
0.67673742 -0.01291179
0.68406228 -0.01252650
0.69134172 -0.01214785
0.69857395 -0.01177615
0.70575718 -0.01141166
0.71288965 -0.01105465
0.71996958 -0.01070535
0.72699525 -0.01036399
0.73396491 -0.01003075
0.74087684 -0.00970579
0.74772933 -0.00938925
0.75452071 -0.00908123
0.76124928 -0.00878182
0.76791340 -0.00849104
0.77451141 -0.00820891
0.78104169 -0.00793542
0.78750263 -0.00767050
0.79389263 -0.00741408
0.80021011 -0.00716604
0.80645353 -0.00692623
0.81262133 -0.00669448
0.81871199 -0.00647058
0.82472402 -0.00625430
0.83065593 -0.00604540
0.83650626 -0.00584359
0.84227355 -0.00564858
0.84795640 -0.00546006
0.85355339 -0.00527770
0.85906315 -0.00510116
0.86448431 -0.00493010
0.86981555 -0.00476416
0.87505553 -0.00460299
0.88020298 -0.00444623
0.88525662 -0.00429353
0.89021520 -0.00414455
0.89507751 -0.00399897
0.89984233 -0.00385645
0.90450850 -0.00371669
0.90907486 -0.00357941
0.91354029 -0.00344435
0.91790368 -0.00331126
0.92216396 -0.00317992
0.92632008 -0.00305016
0.93037101 -0.00292181
0.93431576 -0.00279475
0.93815334 -0.00266887
0.94188282 -0.00254411
0.94550326 -0.00242044
0.94901379 -0.00229787
0.95241353 -0.00217641
0.95570164 -0.00205614
0.95887731 -0.00193715
0.96193977 -0.00181957
0.96488824 -0.00170354
0.96772202 -0.00158925
0.97044038 -0.00147691
0.97304268 -0.00136672
0.97552826 -0.00125895
0.97789651 -0.00115385
0.98014684 -0.00105171
0.98227871 -0.00095280
0.98429158 -0.00085743
0.98618496 -0.00076589
0.98795838 -0.00067850
0.98961141 -0.00059555
0.99114363 -0.00051734
0.99255466 -0.00044417
0.99384417 -0.00037631
0.99501183 -0.00031402
0.99605735 -0.00025757
0.99698048 -0.00020718
0.99778098 -0.00016306
0.99845867 -0.00012540
0.99901336 -0.00009436
0.99944494 -0.00007008
0.99975328 -0.00005265
0.99993832 -0.00004217
1.00000000 -0.00003867
