sample_727
1.00000000 0.00155748
0.99993832 0.00157439
0.99975328 0.00162514
0.99944494 0.00170969
0.99901336 0.00182805
0.99845867 0.00198017
0.99778098 0.00216603
0.99698048 0.00238558
0.99605735 0.00263878
0.99501183 0.00292554
0.99384417 0.00324580
0.99255466 0.00359946
0.99114363 0.00398642
0.98961141 0.00440654
0.98795838 0.00485969
0.98618496 0.00534571
0.98429158 0.00586441
0.98227871 0.00641558
0.98014684 0.00699900
0.97789651 0.00761439
0.97552826 0.00826148
0.97304268 0.00893996
0.97044038 0.00964947
0.96772202 0.01038965
0.96488824 0.01116007
0.96193977 0.01196031
0.95887731 0.01278989
0.95570164 0.01364830
0.95241353 0.01453499
0.94901379 0.01544940
0.94550326 0.01639091
0.94188282 0.01735889
0.93815334 0.01835265
0.93431576 0.01937150
0.93037101 0.02041470
0.92632008 0.02148149
0.92216396 0.02257107
0.91790368 0.02368264
0.91354029 0.02481536
0.90907486 0.02596837
0.90450850 0.02714079
0.89984233 0.02833174
0.89507751 0.02954031
0.89021520 0.03076558
0.88525662 0.03200664
0.88020298 0.03326256
0.87505553 0.03453240
0.86981555 0.03581524
0.86448431 0.03711015
0.85906315 0.03841622
0.85355339 0.03973253
0.84795640 0.04105818
0.84227355 0.04239229
0.83650626 0.04373397
0.83065593 0.04508238
0.82472402 0.04643668
0.81871199 0.04779603
0.81262133 0.04915966
0.80645353 0.05052677
0.80021011 0.05189661
0.79389263 0.05326845
0.78750263 0.05464157
0.78104169 0.05601527
0.77451141 0.05738890
0.76791340 0.05876179
0.76124928 0.06013330
0.75452071 0.06150282
0.74772933 0.06286974
0.74087684 0.06423347
0.73396491 0.06559341
0.72699525 0.06694899
0.71996958 0.06829963
0.71288965 0.06964476
0.70575718 0.07098379
0.69857395 0.07231614
0.69134172 0.07364121
0.68406228 0.07495840
0.67673742 0.07626707
0.66936896 0.07756659
0.66195871 0.07885627
0.65450850 0.08013542
0.64702016 0.08140332
0.63949555 0.08265920
0.63193652 0.08390225
0.62434494 0.08513166
0.61672268 0.08634653
0.60907162 0.08754595
0.60139365 0.08872896
0.59369066 0.08989453
0.58596455 0.09104162
0.57821723 0.09216911
0.57045062 0.09327587
0.56266662 0.09436068
0.55486716 0.09542231
0.54705416 0.09645947
0.53922955 0.09747082
0.53139526 0.09845501
0.52355323 0.09941061
0.51570538 0.10033619
0.50785366 0.10123028
0.50000000 0.10209139
0.49214634 0.10291798
0.48429462 0.10370853
0.47644677 0.10446150
0.46860474 0.10517532
0.46077045 0.10584845
0.45294584 0.10647936
0.44513284 0.10706649
0.43733338 0.10760836
0.42954938 0.10810347
0.42178277 0.10855039
0.41403545 0.10894769
0.40630934 0.10929403
0.39860635 0.10958809
0.39092838 0.10982865
0.38327732 0.11001452
0.37565506 0.11014462
0.36806348 0.11021793
0.36050445 0.11023353
0.35297984 0.11019058
0.34549150 0.11008835
0.33804129 0.10992623
0.33063104 0.10970370
0.32326258 0.10942035
0.31593772 0.10907590
0.30865828 0.10867020
0.30142605 0.10820321
0.29424282 0.10767501
0.28711035 0.10708583
0.28003042 0.10643600
0.27300475 0.10572602
0.26603509 0.10495647
0.25912316 0.10412810
0.25227067 0.10324177
0.24547929 0.10229846
0.23875072 0.10129928
0.23208660 0.10024545
0.22548859 0.09913832
0.21895831 0.09797935
0.21249737 0.09677008
0.20610737 0.09551218
0.19978989 0.09420741
0.19354647 0.09285760
0.18737867 0.09146468
0.18128801 0.09003066
0.17527598 0.08855759
0.16934407 0.08704762
0.16349374 0.08550290
0.15772645 0.08392568
0.15204360 0.08231820
0.14644661 0.08068275
0.14093685 0.07902164
0.13551569 0.07733718
0.13018445 0.07563169
0.12494447 0.07390747
0.11979702 0.07216682
0.11474338 0.07041202
0.10978480 0.06864529
0.10492249 0.06686884
0.10015767 0.06508483
0.09549150 0.06329535
0.09092514 0.06150244
0.08645971 0.05970807
0.08209632 0.05791413
0.07783604 0.05612245
0.07367992 0.05433474
0.06962899 0.05255266
0.06568424 0.05077775
0.06184666 0.04901145
0.05811718 0.04725509
0.05449674 0.04550993
0.05098621 0.04377708
0.04758647 0.04205756
0.04429836 0.04035227
0.04112269 0.03866199
0.03806023 0.03698741
0.03511176 0.03532907
0.03227798 0.03368742
0.02955962 0.03206278
0.02695732 0.03045536
0.02447174 0.02886528
0.02210349 0.02729251
0.01985316 0.02573694
0.01772129 0.02419835
0.01570842 0.02267641
0.01381504 0.02117071
0.01204162 0.01968072
0.01038859 0.01820585
0.00885637 0.01674540
0.00744534 0.01529860
0.00615583 0.01386460
0.00498817 0.01244249
0.00394265 0.01103129
0.00301952 0.00962994
0.00221902 0.00823738
0.00154133 0.00685244
0.00098664 0.00547396
0.00055506 0.00410073
0.00024672 0.00273150
0.00006168 0.00136501
0.00000000 0.00000000
0.00006168 -0.00129123
0.00024672 -0.00257978
0.00055506 -0.00386300
0.00098664 -0.00513822
0.00154133 -0.00640281
0.00221902 -0.00765418
0.00301952 -0.00888974
0.00394265 -0.01010698
0.00498817 -0.01130343
0.00615583 -0.01247667
0.00744534 -0.01362434
0.00885637 -0.01474417
0.01038859 -0.01583395
0.01204162 -0.01689155
0.01381504 -0.01791495
0.01570842 -0.01890220
0.01772129 -0.01985147
0.01985316 -0.02076103
0.02210349 -0.02162925
0.02447174 -0.02245463
0.02695732 -0.02323577
0.02955962 -0.02397142
0.03227798 -0.02466043
0.03511176 -0.02530180
0.03806023 -0.02589465
0.04112269 -0.02643825
0.04429836 -0.02693199
0.04758647 -0.02737540
0.05098621 -0.02776817
0.05449674 -0.02811011
0.05811718 -0.02840117
0.06184666 -0.02864144
0.06568424 -0.02883117
0.06962899 -0.02897073
0.07367992 -0.02906061
0.07783604 -0.02910146
0.08209632 -0.02909405
0.08645971 -0.02903927
0.09092514 -0.02893813
0.09549150 -0.02879177
0.10015767 -0.02860145
0.10492249 -0.02836850
0.10978480 -0.02809439
0.11474338 -0.02778066
0.11979702 -0.02742896
0.12494447 -0.02704101
0.13018445 -0.02661860
0.13551569 -0.02616359
0.14093685 -0.02567791
0.14644661 -0.02516352
0.15204360 -0.02462244
0.15772645 -0.02405673
0.16349374 -0.02346845
0.16934407 -0.02285970
0.17527598 -0.02223259
0.18128801 -0.02158922
0.18737867 -0.02093169
0.19354647 -0.02026208
0.19978989 -0.01958244
0.20610737 -0.01889481
0.21249737 -0.01820118
0.21895831 -0.01750349
0.22548859 -0.01680363
0.23208660 -0.01610344
0.23875072 -0.01540469
0.24547929 -0.01470908
0.25227067 -0.01401823
0.25912316 -0.01333368
0.26603509 -0.01265691
0.27300475 -0.01198928
0.28003042 -0.01133209
0.28711035 -0.01068651
0.29424282 -0.01005367
0.30142605 -0.00943455
0.30865828 -0.00883007
0.31593772 -0.00824105
0.32326258 -0.00766821
0.33063104 -0.00711217
0.33804129 -0.00657346
0.34549150 -0.00605254
0.35297984 -0.00554977
0.36050445 -0.00506541
0.36806348 -0.00459966
0.37565506 -0.00415264
0.38327732 -0.00372440
0.39092838 -0.00331491
0.39860635 -0.00292408
0.40630934 -0.00255178
0.41403545 -0.00219781
0.42178277 -0.00186192
0.42954938 -0.00154384
0.43733338 -0.00124322
0.44513284 -0.00095973
0.45294584 -0.00069297
0.46077045 -0.00044256
0.46860474 -0.00020806
0.47644677 0.00001095
0.48429462 0.00021490
0.49214634 0.00040424
0.50000000 0.00057941
0.50785366 0.00074084
0.51570538 0.00088894
0.52355323 0.00102415
0.53139526 0.00114685
0.53922955 0.00125744
0.54705416 0.00135628
0.55486716 0.00144371
0.56266662 0.00152007
0.57045062 0.00158567
0.57821723 0.00164079
0.58596455 0.00168572
0.59369066 0.00172069
0.60139365 0.00174594
0.60907162 0.00176170
0.61672268 0.00176816
0.62434494 0.00176552
0.63193652 0.00175397
0.63949555 0.00173367
0.64702016 0.00170480
0.65450850 0.00166754
0.66195871 0.00162205
0.66936896 0.00156851
0.67673742 0.00150710
0.68406228 0.00143802
0.69134172 0.00136148
0.69857395 0.00127770
0.70575718 0.00118692
0.71288965 0.00108941
0.71996958 0.00098546
0.72699525 0.00087538
0.73396491 0.00075950
0.74087684 0.00063821
0.74772933 0.00051188
0.75452071 0.00038096
0.76124928 0.00024590
0.76791340 0.00010718
0.77451141 -0.00003468
0.78104169 -0.00017913
0.78750263 -0.00032561
0.79389263 -0.00047353
0.80021011 -0.00062227
0.80645353 -0.00077118
0.81262133 -0.00091963
0.81871199 -0.00106693
0.82472402 -0.00121243
0.83065593 -0.00135543
0.83650626 -0.00149525
0.84227355 -0.00163123
0.84795640 -0.00176267
0.85355339 -0.00188893
0.85906315 -0.00200936
0.86448431 -0.00212334
0.86981555 -0.00223028
0.87505553 -0.00232961
0.88020298 -0.00242082
0.88525662 -0.00250341
0.89021520 -0.00257695
0.89507751 -0.00264104
0.89984233 -0.00269535
0.90450850 -0.00273960
0.90907486 -0.00277356
0.91354029 -0.00279708
0.91790368 -0.00281006
0.92216396 -0.00281248
0.92632008 -0.00280436
0.93037101 -0.00278583
0.93431576 -0.00275705
0.93815334 -0.00271827
0.94188282 -0.00266981
0.94550326 -0.00261204
0.94901379 -0.00254540
0.95241353 -0.00247041
0.95570164 -0.00238762
0.95887731 -0.00229766
0.96193977 -0.00220120
0.96488824 -0.00209895
0.96772202 -0.00199167
0.97044038 -0.00188017
0.97304268 -0.00176528
0.97552826 -0.00164784
0.97789651 -0.00152873
0.98014684 -0.00140885
0.98227871 -0.00128907
0.98429158 -0.00117031
0.98618496 -0.00105344
0.98795838 -0.00093935
0.98961141 -0.00082888
0.99114363 -0.00072287
0.99255466 -0.00062211
0.99384417 -0.00052735
0.99501183 -0.00043932
0.99605735 -0.00035867
0.99698048 -0.00028601
0.99778098 -0.00022189
0.99845867 -0.00016680
0.99901336 -0.00012114
0.99944494 -0.00008526
0.99975328 -0.00005944
0.99993832 -0.00004387
1.00000000 -0.00003867
