sample_526
1.00000000 0.00155748
0.99993832 0.00157411
0.99975328 0.00162402
0.99944494 0.00170721
0.99901336 0.00182374
0.99845867 0.00197364
0.99778098 0.00215697
0.99698048 0.00237380
0.99605735 0.00262420
0.99501183 0.00290825
0.99384417 0.00322603
0.99255466 0.00357761
0.99114363 0.00396305
0.98961141 0.00438242
0.98795838 0.00483576
0.98618496 0.00532309
0.98429158 0.00584441
0.98227871 0.00639970
0.98014684 0.00698891
0.97789651 0.00761193
0.97552826 0.00826864
0.97304268 0.00895886
0.97044038 0.00968236
0.96772202 0.01043889
0.96488824 0.01122810
0.96193977 0.01204962
0.95887731 0.01290300
0.95570164 0.01378774
0.95241353 0.01470328
0.94901379 0.01564899
0.94550326 0.01662417
0.94188282 0.01762807
0.93815334 0.01865987
0.93431576 0.01971869
0.93037101 0.02080359
0.92632008 0.02191356
0.92216396 0.02304754
0.91790368 0.02420443
0.91354029 0.02538306
0.90907486 0.02658222
0.90450850 0.02780066
0.89984233 0.02903710
0.89507751 0.03029020
0.89021520 0.03155862
0.88525662 0.03284099
0.88020298 0.03413592
0.87505553 0.03544201
0.86981555 0.03675785
0.86448431 0.03808203
0.85906315 0.03941316
0.85355339 0.04074985
0.84795640 0.04209072
0.84227355 0.04343442
0.83650626 0.04477963
0.83065593 0.04612506
0.82472402 0.04746946
0.81871199 0.04881160
0.81262133 0.05015031
0.80645353 0.05148448
0.80021011 0.05281302
0.79389263 0.05413491
0.78750263 0.05544918
0.78104169 0.05675491
0.77451141 0.05805125
0.76791340 0.05933739
0.76124928 0.06061257
0.75452071 0.06187610
0.74772933 0.06312734
0.74087684 0.06436570
0.73396491 0.06559061
0.72699525 0.06680160
0.71996958 0.06799819
0.71288965 0.06917997
0.70575718 0.07034655
0.69857395 0.07149758
0.69134172 0.07263272
0.68406228 0.07375167
0.67673742 0.07485414
0.66936896 0.07593985
0.66195871 0.07700852
0.65450850 0.07805989
0.64702016 0.07909369
0.63949555 0.08010963
0.63193652 0.08110743
0.62434494 0.08208679
0.61672268 0.08304738
0.60907162 0.08398885
0.60139365 0.08491085
0.59369066 0.08581296
0.58596455 0.08669478
0.57821723 0.08755583
0.57045062 0.08839563
0.56266662 0.08921366
0.55486716 0.09000936
0.54705416 0.09078214
0.53922955 0.09153138
0.53139526 0.09225642
0.52355323 0.09295660
0.51570538 0.09363119
0.50785366 0.09427948
0.50000000 0.09490070
0.49214634 0.09549410
0.48429462 0.09605890
0.47644677 0.09659430
0.46860474 0.09709952
0.46077045 0.09757377
0.45294584 0.09801626
0.44513284 0.09842623
0.43733338 0.09880291
0.42954938 0.09914559
0.42178277 0.09945355
0.41403545 0.09972613
0.40630934 0.09996268
0.39860635 0.10016262
0.39092838 0.10032540
0.38327732 0.10045052
0.37565506 0.10053755
0.36806348 0.10058611
0.36050445 0.10059586
0.35297984 0.10056657
0.34549150 0.10049802
0.33804129 0.10039011
0.33063104 0.10024276
0.32326258 0.10005600
0.31593772 0.09982990
0.30865828 0.09956461
0.30142605 0.09926035
0.29424282 0.09891738
0.28711035 0.09853604
0.28003042 0.09811674
0.27300475 0.09765993
0.26603509 0.09716611
0.25912316 0.09663582
0.25227067 0.09606967
0.24547929 0.09546828
0.23875072 0.09483232
0.23208660 0.09416247
0.22548859 0.09345944
0.21895831 0.09272396
0.21249737 0.09195676
0.20610737 0.09115858
0.19978989 0.09033014
0.19354647 0.08947218
0.18737867 0.08858539
0.18128801 0.08767048
0.17527598 0.08672811
0.16934407 0.08575892
0.16349374 0.08476351
0.15772645 0.08374244
0.15204360 0.08269624
0.14644661 0.08162540
0.14093685 0.08053035
0.13551569 0.07941148
0.13018445 0.07826914
0.12494447 0.07710360
0.11979702 0.07591512
0.11474338 0.07470389
0.10978480 0.07347005
0.10492249 0.07221371
0.10015767 0.07093493
0.09549150 0.06963372
0.09092514 0.06831008
0.08645971 0.06696395
0.08209632 0.06559526
0.07783604 0.06420392
0.07367992 0.06278980
0.06962899 0.06135279
0.06568424 0.05989276
0.06184666 0.05840957
0.05811718 0.05690310
0.05449674 0.05537325
0.05098621 0.05381992
0.04758647 0.05224306
0.04429836 0.05064263
0.04112269 0.04901864
0.03806023 0.04737115
0.03511176 0.04570025
0.03227798 0.04400609
0.02955962 0.04228890
0.02695732 0.04054894
0.02447174 0.03878657
0.02210349 0.03700219
0.01985316 0.03519629
0.01772129 0.03336944
0.01570842 0.03152227
0.01381504 0.02965549
0.01204162 0.02776988
0.01038859 0.02586632
0.00885637 0.02394574
0.00744534 0.02200916
0.00615583 0.02005764
0.00498817 0.01809234
0.00394265 0.01611446
0.00301952 0.01412527
0.00221902 0.01212608
0.00154133 0.01011826
0.00098664 0.00810322
0.00055506 0.00608239
0.00024672 0.00405725
0.00006168 0.00202929
0.00000000 0.00000000
0.00006168 -0.00142671
0.00024672 -0.00285023
0.00055506 -0.00426739
0.00098664 -0.00567505
0.00154133 -0.00707009
0.00221902 -0.00844944
0.00301952 -0.00981012
0.00394265 -0.01114921
0.00498817 -0.01246387
0.00615583 -0.01375137
0.00744534 -0.01500908
0.00885637 -0.01623450
0.01038859 -0.01742525
0.01204162 -0.01857908
0.01381504 -0.01969389
0.01570842 -0.02076774
0.01772129 -0.02179884
0.01985316 -0.02278556
0.02210349 -0.02372645
0.02447174 -0.02462020
0.02695732 -0.02546571
0.02955962 -0.02626203
0.03227798 -0.02700840
0.03511176 -0.02770423
0.03806023 -0.02834911
0.04112269 -0.02894280
0.04429836 -0.02948522
0.04758647 -0.02997649
0.05098621 -0.03041684
0.05449674 -0.03080672
0.05811718 -0.03114669
0.06184666 -0.03143746
0.06568424 -0.03167991
0.06962899 -0.03187501
0.07367992 -0.03202390
0.07783604 -0.03212779
0.08209632 -0.03218802
0.08645971 -0.03220604
0.09092514 -0.03218337
0.09549150 -0.03212161
0.10015767 -0.03202244
0.10492249 -0.03188760
0.10978480 -0.03171886
0.11474338 -0.03151807
0.11979702 -0.03128707
0.12494447 -0.03102774
0.13018445 -0.03074198
0.13551569 -0.03043168
0.14093685 -0.03009874
0.14644661 -0.02974502
0.15204360 -0.02937238
0.15772645 -0.02898266
0.16349374 -0.02857764
0.16934407 -0.02815908
0.17527598 -0.02772867
0.18128801 -0.02728807
0.18737867 -0.02683886
0.19354647 -0.02638257
0.19978989 -0.02592067
0.20610737 -0.02545455
0.21249737 -0.02498553
0.21895831 -0.02451485
0.22548859 -0.02404369
0.23208660 -0.02357314
0.23875072 -0.02310423
0.24547929 -0.02263788
0.25227067 -0.02217498
0.25912316 -0.02171631
0.26603509 -0.02126259
0.27300475 -0.02081447
0.28003042 -0.02037253
0.28711035 -0.01993727
0.29424282 -0.01950914
0.30142605 -0.01908853
0.30865828 -0.01867578
0.31593772 -0.01827115
0.32326258 -0.01787487
0.33063104 -0.01748712
0.33804129 -0.01710803
0.34549150 -0.01673771
0.35297984 -0.01637621
0.36050445 -0.01602356
0.36806348 -0.01567976
0.37565506 -0.01534480
0.38327732 -0.01501863
0.39092838 -0.01470119
0.39860635 -0.01439240
0.40630934 -0.01409217
0.41403545 -0.01380042
0.42178277 -0.01351704
0.42954938 -0.01324192
0.43733338 -0.01297495
0.44513284 -0.01271602
0.45294584 -0.01246503
0.46077045 -0.01222187
0.46860474 -0.01198642
0.47644677 -0.01175860
0.48429462 -0.01153830
0.49214634 -0.01132543
0.50000000 -0.01111989
0.50785366 -0.01092161
0.51570538 -0.01073050
0.52355323 -0.01054648
0.53139526 -0.01036946
0.53922955 -0.01019938
0.54705416 -0.01003614
0.55486716 -0.00987967
0.56266662 -0.00972988
0.57045062 -0.00958669
0.57821723 -0.00945000
0.58596455 -0.00931971
0.59369066 -0.00919570
0.60139365 -0.00907787
0.60907162 -0.00896607
0.61672268 -0.00886017
0.62434494 -0.00876001
0.63193652 -0.00866541
0.63949555 -0.00857620
0.64702016 -0.00849217
0.65450850 -0.00841311
0.66195871 -0.00833878
0.66936896 -0.00826892
0.67673742 -0.00820328
0.68406228 -0.00814155
0.69134172 -0.00808345
0.69857395 -0.00802865
0.70575718 -0.00797682
0.71288965 -0.00792761
0.71996958 -0.00788066
0.72699525 -0.00783559
0.73396491 -0.00779202
0.74087684 -0.00774955
0.74772933 -0.00770778
0.75452071 -0.00766629
0.76124928 -0.00762469
0.76791340 -0.00758255
0.77451141 -0.00753946
0.78104169 -0.00749501
0.78750263 -0.00744879
0.79389263 -0.00740040
0.80021011 -0.00734946
0.80645353 -0.00729558
0.81262133 -0.00723840
0.81871199 -0.00717758
0.82472402 -0.00711278
0.83065593 -0.00704371
0.83650626 -0.00697007
0.84227355 -0.00689161
0.84795640 -0.00680809
0.85355339 -0.00671932
0.85906315 -0.00662513
0.86448431 -0.00652536
0.86981555 -0.00641993
0.87505553 -0.00630875
0.88020298 -0.00619179
0.88525662 -0.00606905
0.89021520 -0.00594056
0.89507751 -0.00580641
0.89984233 -0.00566669
0.90450850 -0.00552157
0.90907486 -0.00537122
0.91354029 -0.00521587
0.91790368 -0.00505577
0.92216396 -0.00489122
0.92632008 -0.00472254
0.93037101 -0.00455009
0.93431576 -0.00437426
0.93815334 -0.00419547
0.94188282 -0.00401416
0.94550326 -0.00383080
0.94901379 -0.00364589
0.95241353 -0.00345994
0.95570164 -0.00327349
0.95887731 -0.00308708
0.96193977 -0.00290128
0.96488824 -0.00271665
0.96772202 -0.00253379
0.97044038 -0.00235326
0.97304268 -0.00217567
0.97552826 -0.00200160
0.97789651 -0.00183163
0.98014684 -0.00166633
0.98227871 -0.00150628
0.98429158 -0.00135203
0.98618496 -0.00120412
0.98795838 -0.00106306
0.98961141 -0.00092937
0.99114363 -0.00080352
0.99255466 -0.00068596
0.99384417 -0.00057712
0.99501183 -0.00047739
0.99605735 -0.00038715
0.99698048 -0.00030672
0.99778098 -0.00023641
0.99845867 -0.00017646
0.99901336 -0.00012710
0.99944494 -0.00008852
0.99975328 -0.00006086
0.99993832 -0.00004422
1.00000000 -0.00003867
