sample_1253
1.00000000 0.00155748
0.99993832 0.00157265
0.99975328 0.00161815
0.99944494 0.00169399
0.99901336 0.00180015
0.99845867 0.00193661
0.99778098 0.00210335
0.99698048 0.00230034
0.99605735 0.00252756
0.99501183 0.00278494
0.99384417 0.00307244
0.99255466 0.00338998
0.99114363 0.00373749
0.98961141 0.00411485
0.98795838 0.00452196
0.98618496 0.00495868
0.98429158 0.00542485
0.98227871 0.00592029
0.98014684 0.00644478
0.97789651 0.00699809
0.97552826 0.00757995
0.97304268 0.00819008
0.97044038 0.00882813
0.96772202 0.00949375
0.96488824 0.01018654
0.96193977 0.01090607
0.95887731 0.01165187
0.95570164 0.01242342
0.95241353 0.01322020
0.94901379 0.01404162
0.94550326 0.01488706
0.94188282 0.01575588
0.93815334 0.01664738
0.93431576 0.01756084
0.93037101 0.01849552
0.92632008 0.01945063
0.92216396 0.02042536
0.91790368 0.02141886
0.91354029 0.02243029
0.90907486 0.02345875
0.90450850 0.02450334
0.89984233 0.02556315
0.89507751 0.02663724
0.89021520 0.02772468
0.88525662 0.02882452
0.88020298 0.02993580
0.87505553 0.03105759
0.86981555 0.03218892
0.86448431 0.03332887
0.85906315 0.03447649
0.85355339 0.03563087
0.84795640 0.03679111
0.84227355 0.03795630
0.83650626 0.03912559
0.83065593 0.04029812
0.82472402 0.04147307
0.81871199 0.04264964
0.81262133 0.04382705
0.80645353 0.04500454
0.80021011 0.04618141
0.79389263 0.04735695
0.78750263 0.04853049
0.78104169 0.04970139
0.77451141 0.05086905
0.76791340 0.05203285
0.76124928 0.05319225
0.75452071 0.05434669
0.74772933 0.05549565
0.74087684 0.05663861
0.73396491 0.05777510
0.72699525 0.05890462
0.71996958 0.06002671
0.71288965 0.06114091
0.70575718 0.06224676
0.69857395 0.06334381
0.69134172 0.06443159
0.68406228 0.06550966
0.67673742 0.06657753
0.66936896 0.06763472
0.66195871 0.06868076
0.65450850 0.06971512
0.64702016 0.07073729
0.63949555 0.07174671
0.63193652 0.07274282
0.62434494 0.07372502
0.61672268 0.07469271
0.60907162 0.07564523
0.60139365 0.07658192
0.59369066 0.07750209
0.58596455 0.07840500
0.57821723 0.07928992
0.57045062 0.08015606
0.56266662 0.08100265
0.55486716 0.08182884
0.54705416 0.08263381
0.53922955 0.08341671
0.53139526 0.08417665
0.52355323 0.08491276
0.51570538 0.08562415
0.50785366 0.08630993
0.50000000 0.08696919
0.49214634 0.08760106
0.48429462 0.08820464
0.47644677 0.08877907
0.46860474 0.08932350
0.46077045 0.08983709
0.45294584 0.09031904
0.44513284 0.09076858
0.43733338 0.09118497
0.42954938 0.09156750
0.42178277 0.09191553
0.41403545 0.09222844
0.40630934 0.09250569
0.39860635 0.09274676
0.39092838 0.09295122
0.38327732 0.09311869
0.37565506 0.09324883
0.36806348 0.09334139
0.36050445 0.09339619
0.35297984 0.09341309
0.34549150 0.09339204
0.33804129 0.09333305
0.33063104 0.09323618
0.32326258 0.09310159
0.31593772 0.09292946
0.30865828 0.09272007
0.30142605 0.09247372
0.29424282 0.09219081
0.28711035 0.09187175
0.28003042 0.09151703
0.27300475 0.09112716
0.26603509 0.09070270
0.25912316 0.09024424
0.25227067 0.08975240
0.24547929 0.08922784
0.23875072 0.08867120
0.23208660 0.08808318
0.22548859 0.08746444
0.21895831 0.08681568
0.21249737 0.08613757
0.20610737 0.08543079
0.19978989 0.08469598
0.19354647 0.08393379
0.18737867 0.08314483
0.18128801 0.08232966
0.17527598 0.08148885
0.16934407 0.08062291
0.16349374 0.07973229
0.15772645 0.07881743
0.15204360 0.07787871
0.14644661 0.07691646
0.14093685 0.07593097
0.13551569 0.07492246
0.13018445 0.07389114
0.12494447 0.07283713
0.11979702 0.07176053
0.11474338 0.07066138
0.10978480 0.06953968
0.10492249 0.06839538
0.10015767 0.06722842
0.09549150 0.06603868
0.09092514 0.06482601
0.08645971 0.06359026
0.08209632 0.06233123
0.07783604 0.06104873
0.07367992 0.05974255
0.06962899 0.05841247
0.06568424 0.05705829
0.06184666 0.05567981
0.05811718 0.05427684
0.05449674 0.05284924
0.05098621 0.05139686
0.04758647 0.04991961
0.04429836 0.04841743
0.04112269 0.04689033
0.03806023 0.04533833
0.03511176 0.04376153
0.03227798 0.04216011
0.02955962 0.04053429
0.02695732 0.03888436
0.02447174 0.03721070
0.02210349 0.03551374
0.01985316 0.03379403
0.01772129 0.03205214
0.01570842 0.03028878
0.01381504 0.02850471
0.01204162 0.02670076
0.01038859 0.02487786
0.00885637 0.02303700
0.00744534 0.02117927
0.00615583 0.01930580
0.00498817 0.01741781
0.00394265 0.01551658
0.00301952 0.01360344
0.00221902 0.01167978
0.00154133 0.00974704
0.00098664 0.00780669
0.00055506 0.00586026
0.00024672 0.00390929
0.00006168 0.00195534
0.00000000 0.00000000
0.00006168 -0.00076283
0.00024672 -0.00152444
0.00055506 -0.00228364
0.00098664 -0.00303921
0.00154133 -0.00378997
0.00221902 -0.00453472
0.00301952 -0.00527230
0.00394265 -0.00600155
0.00498817 -0.00672134
0.00615583 -0.00743056
0.00744534 -0.00812814
0.00885637 -0.00881300
0.01038859 -0.00948414
0.01204162 -0.01014055
0.01381504 -0.01078129
0.01570842 -0.01140543
0.01772129 -0.01201211
0.01985316 -0.01260050
0.02210349 -0.01316980
0.02447174 -0.01371928
0.02695732 -0.01424826
0.02955962 -0.01475609
0.03227798 -0.01524220
0.03511176 -0.01570605
0.03806023 -0.01614718
0.04112269 -0.01656517
0.04429836 -0.01695966
0.04758647 -0.01733035
0.05098621 -0.01767702
0.05449674 -0.01799947
0.05811718 -0.01829761
0.06184666 -0.01857135
0.06568424 -0.01882073
0.06962899 -0.01904578
0.07367992 -0.01924665
0.07783604 -0.01942350
0.08209632 -0.01957657
0.08645971 -0.01970616
0.09092514 -0.01981261
0.09549150 -0.01989631
0.10015767 -0.01995771
0.10492249 -0.01999730
0.10978480 -0.02001561
0.11474338 -0.02001322
0.11979702 -0.01999074
0.12494447 -0.01994883
0.13018445 -0.01988815
0.13551569 -0.01980943
0.14093685 -0.01971339
0.14644661 -0.01960079
0.15204360 -0.01947240
0.15772645 -0.01932899
0.16349374 -0.01917137
0.16934407 -0.01900033
0.17527598 -0.01881667
0.18128801 -0.01862118
0.18737867 -0.01841467
0.19354647 -0.01819792
0.19978989 -0.01797169
0.20610737 -0.01773674
0.21249737 -0.01749380
0.21895831 -0.01724360
0.22548859 -0.01698681
0.23208660 -0.01672411
0.23875072 -0.01645613
0.24547929 -0.01618346
0.25227067 -0.01590668
0.25912316 -0.01562634
0.26603509 -0.01534292
0.27300475 -0.01505690
0.28003042 -0.01476871
0.28711035 -0.01447875
0.29424282 -0.01418738
0.30142605 -0.01389492
0.30865828 -0.01360166
0.31593772 -0.01330787
0.32326258 -0.01301378
0.33063104 -0.01271958
0.33804129 -0.01242546
0.34549150 -0.01213155
0.35297984 -0.01183798
0.36050445 -0.01154486
0.36806348 -0.01125228
0.37565506 -0.01096031
0.38327732 -0.01066902
0.39092838 -0.01037845
0.39860635 -0.01008867
0.40630934 -0.00979971
0.41403545 -0.00951163
0.42178277 -0.00922447
0.42954938 -0.00893830
0.43733338 -0.00865319
0.44513284 -0.00836921
0.45294584 -0.00808646
0.46077045 -0.00780505
0.46860474 -0.00752512
0.47644677 -0.00724681
0.48429462 -0.00697028
0.49214634 -0.00669575
0.50000000 -0.00642341
0.50785366 -0.00615352
0.51570538 -0.00588633
0.52355323 -0.00562213
0.53139526 -0.00536123
0.53922955 -0.00510396
0.54705416 -0.00485067
0.55486716 -0.00460172
0.56266662 -0.00435752
0.57045062 -0.00411844
0.57821723 -0.00388491
0.58596455 -0.00365734
0.59369066 -0.00343616
0.60139365 -0.00322180
0.60907162 -0.00301467
0.61672268 -0.00281521
0.62434494 -0.00262383
0.63193652 -0.00244091
0.63949555 -0.00226685
0.64702016 -0.00210201
0.65450850 -0.00194673
0.66195871 -0.00180132
0.66936896 -0.00166605
0.67673742 -0.00154117
0.68406228 -0.00142688
0.69134172 -0.00132335
0.69857395 -0.00123069
0.70575718 -0.00114898
0.71288965 -0.00107824
0.71996958 -0.00101844
0.72699525 -0.00096949
0.73396491 -0.00093127
0.74087684 -0.00090358
0.74772933 -0.00088618
0.75452071 -0.00087877
0.76124928 -0.00088099
0.76791340 -0.00089245
0.77451141 -0.00091269
0.78104169 -0.00094121
0.78750263 -0.00097744
0.79389263 -0.00102081
0.80021011 -0.00107067
0.80645353 -0.00112636
0.81262133 -0.00118718
0.81871199 -0.00125239
0.82472402 -0.00132124
0.83065593 -0.00139296
0.83650626 -0.00146677
0.84227355 -0.00154188
0.84795640 -0.00161749
0.85355339 -0.00169281
0.85906315 -0.00176707
0.86448431 -0.00183949
0.86981555 -0.00190935
0.87505553 -0.00197591
0.88020298 -0.00203849
0.88525662 -0.00209644
0.89021520 -0.00214916
0.89507751 -0.00219609
0.89984233 -0.00223671
0.90450850 -0.00227058
0.90907486 -0.00229729
0.91354029 -0.00231651
0.91790368 -0.00232796
0.92216396 -0.00233146
0.92632008 -0.00232685
0.93037101 -0.00231407
0.93431576 -0.00229314
0.93815334 -0.00226411
0.94188282 -0.00222713
0.94550326 -0.00218241
0.94901379 -0.00213024
0.95241353 -0.00207094
0.95570164 -0.00200493
0.95887731 -0.00193267
0.96193977 -0.00185466
0.96488824 -0.00177149
0.96772202 -0.00168376
0.97044038 -0.00159212
0.97304268 -0.00149727
0.97552826 -0.00139992
0.97789651 -0.00130081
0.98014684 -0.00120072
0.98227871 -0.00110040
0.98429158 -0.00100063
0.98618496 -0.00090220
0.98795838 -0.00080587
0.98961141 -0.00071240
0.99114363 -0.00062251
0.99255466 -0.00053692
0.99384417 -0.00045630
0.99501183 -0.00038129
0.99605735 -0.00031248
0.99698048 -0.00025042
0.99778098 -0.00019560
0.99845867 -0.00014845
0.99901336 -0.00010935
0.99944494 -0.00007861
0.99975328 -0.00005648
0.99993832 -0.00004313
1.00000000 -0.00003867
