sample_1153
1.00000000 0.00155748
0.99993832 0.00157021
0.99975328 0.00160841
0.99944494 0.00167218
0.99901336 0.00176165
0.99845867 0.00187700
0.99778098 0.00201848
0.99698048 0.00218637
0.99605735 0.00238100
0.99501183 0.00260273
0.99384417 0.00285197
0.99255466 0.00312915
0.99114363 0.00343473
0.98961141 0.00376918
0.98795838 0.00413299
0.98618496 0.00452667
0.98429158 0.00495069
0.98227871 0.00540555
0.98014684 0.00589173
0.97789651 0.00640967
0.97552826 0.00695981
0.97304268 0.00754253
0.97044038 0.00815819
0.96772202 0.00880709
0.96488824 0.00948949
0.96193977 0.01020557
0.95887731 0.01095548
0.95570164 0.01173928
0.95241353 0.01255696
0.94901379 0.01340843
0.94550326 0.01429353
0.94188282 0.01521202
0.93815334 0.01616357
0.93431576 0.01714777
0.93037101 0.01816412
0.92632008 0.01921204
0.92216396 0.02029086
0.91790368 0.02139982
0.91354029 0.02253809
0.90907486 0.02370475
0.90450850 0.02489881
0.89984233 0.02611921
0.89507751 0.02736481
0.89021520 0.02863440
0.88525662 0.02992673
0.88020298 0.03124047
0.87505553 0.03257425
0.86981555 0.03392667
0.86448431 0.03529626
0.85906315 0.03668153
0.85355339 0.03808098
0.84795640 0.03949306
0.84227355 0.04091624
0.83650626 0.04234893
0.83065593 0.04378958
0.82472402 0.04523664
0.81871199 0.04668853
0.81262133 0.04814373
0.80645353 0.04960069
0.80021011 0.05105793
0.79389263 0.05251396
0.78750263 0.05396733
0.78104169 0.05541663
0.77451141 0.05686046
0.76791340 0.05829749
0.76124928 0.05972640
0.75452071 0.06114594
0.74772933 0.06255487
0.74087684 0.06395200
0.73396491 0.06533619
0.72699525 0.06670634
0.71996958 0.06806137
0.71288965 0.06940026
0.70575718 0.07072202
0.69857395 0.07202568
0.69134172 0.07331031
0.68406228 0.07457502
0.67673742 0.07581893
0.66936896 0.07704118
0.66195871 0.07824095
0.65450850 0.07941742
0.64702016 0.08056979
0.63949555 0.08169727
0.63193652 0.08279907
0.62434494 0.08387442
0.61672268 0.08492255
0.60907162 0.08594267
0.60139365 0.08693402
0.59369066 0.08789581
0.58596455 0.08882726
0.57821723 0.08972758
0.57045062 0.09059598
0.56266662 0.09143166
0.55486716 0.09223380
0.54705416 0.09300159
0.53922955 0.09373422
0.53139526 0.09443087
0.52355323 0.09509072
0.51570538 0.09571296
0.50785366 0.09629676
0.50000000 0.09684133
0.49214634 0.09734587
0.48429462 0.09780961
0.47644677 0.09823178
0.46860474 0.09861167
0.46077045 0.09894855
0.45294584 0.09924178
0.44513284 0.09949070
0.43733338 0.09969473
0.42954938 0.09985335
0.42178277 0.09996604
0.41403545 0.10003240
0.40630934 0.10005205
0.39860635 0.10002468
0.39092838 0.09995009
0.38327732 0.09982810
0.37565506 0.09965864
0.36806348 0.09944172
0.36050445 0.09917742
0.35297984 0.09886592
0.34549150 0.09850748
0.33804129 0.09810244
0.33063104 0.09765125
0.32326258 0.09715444
0.31593772 0.09661260
0.30865828 0.09602645
0.30142605 0.09539677
0.29424282 0.09472442
0.28711035 0.09401036
0.28003042 0.09325560
0.27300475 0.09246123
0.26603509 0.09162842
0.25912316 0.09075838
0.25227067 0.08985239
0.24547929 0.08891178
0.23875072 0.08793792
0.23208660 0.08693221
0.22548859 0.08589610
0.21895831 0.08483104
0.21249737 0.08373852
0.20610737 0.08262001
0.19978989 0.08147702
0.19354647 0.08031101
0.18737867 0.07912347
0.18128801 0.07791584
0.17527598 0.07668955
0.16934407 0.07544598
0.16349374 0.07418651
0.15772645 0.07291242
0.15204360 0.07162499
0.14644661 0.07032542
0.14093685 0.06901486
0.13551569 0.06769439
0.13018445 0.06636504
0.12494447 0.06502774
0.11979702 0.06368338
0.11474338 0.06233277
0.10978480 0.06097664
0.10492249 0.05961566
0.10015767 0.05825041
0.09549150 0.05688142
0.09092514 0.05550912
0.08645971 0.05413389
0.08209632 0.05275606
0.07783604 0.05137586
0.07367992 0.04999350
0.06962899 0.04860910
0.06568424 0.04722275
0.06184666 0.04583449
0.05811718 0.04444432
0.05449674 0.04305220
0.05098621 0.04165805
0.04758647 0.04026178
0.04429836 0.03886328
0.04112269 0.03746240
0.03806023 0.03605902
0.03511176 0.03465297
0.03227798 0.03324411
0.02955962 0.03183230
0.02695732 0.03041741
0.02447174 0.02899931
0.02210349 0.02757790
0.01985316 0.02615310
0.01772129 0.02472485
0.01570842 0.02329311
0.01381504 0.02185789
0.01204162 0.02041920
0.01038859 0.01897710
0.00885637 0.01753169
0.00744534 0.01608307
0.00615583 0.01463140
0.00498817 0.01317687
0.00394265 0.01171968
0.00301952 0.01026007
0.00221902 0.00879831
0.00154133 0.00733468
0.00098664 0.00586950
0.00055506 0.00440310
0.00024672 0.00293581
0.00006168 0.00146799
0.00000000 0.00000000
0.00006168 -0.00153344
0.00024672 -0.00306477
0.00055506 -0.00459188
0.00098664 -0.00611268
0.00154133 -0.00762509
0.00221902 -0.00912704
0.00301952 -0.01061650
0.00394265 -0.01209147
0.00498817 -0.01354999
0.00615583 -0.01499012
0.00744534 -0.01641001
0.00885637 -0.01780782
0.01038859 -0.01918178
0.01204162 -0.02053018
0.01381504 -0.02185140
0.01570842 -0.02314384
0.01772129 -0.02440601
0.01985316 -0.02563650
0.02210349 -0.02683395
0.02447174 -0.02799711
0.02695732 -0.02912481
0.02955962 -0.03021598
0.03227798 -0.03126961
0.03511176 -0.03228483
0.03806023 -0.03326084
0.04112269 -0.03419693
0.04429836 -0.03509251
0.04758647 -0.03594710
0.05098621 -0.03676028
0.05449674 -0.03753177
0.05811718 -0.03826138
0.06184666 -0.03894901
0.06568424 -0.03959468
0.06962899 -0.04019850
0.07367992 -0.04076067
0.07783604 -0.04128149
0.08209632 -0.04176136
0.08645971 -0.04220077
0.09092514 -0.04260028
0.09549150 -0.04296054
0.10015767 -0.04328230
0.10492249 -0.04356637
0.10978480 -0.04381361
0.11474338 -0.04402499
0.11979702 -0.04420151
0.12494447 -0.04434422
0.13018445 -0.04445426
0.13551569 -0.04453276
0.14093685 -0.04458094
0.14644661 -0.04460002
0.15204360 -0.04459125
0.15772645 -0.04455592
0.16349374 -0.04449530
0.16934407 -0.04441071
0.17527598 -0.04430344
0.18128801 -0.04417478
0.18737867 -0.04402602
0.19354647 -0.04385844
0.19978989 -0.04367326
0.20610737 -0.04347172
0.21249737 -0.04325501
0.21895831 -0.04302426
0.22548859 -0.04278060
0.23208660 -0.04252508
0.23875072 -0.04225871
0.24547929 -0.04198245
0.25227067 -0.04169720
0.25912316 -0.04140382
0.26603509 -0.04110307
0.27300475 -0.04079567
0.28003042 -0.04048229
0.28711035 -0.04016351
0.29424282 -0.03983986
0.30142605 -0.03951180
0.30865828 -0.03917972
0.31593772 -0.03884396
0.32326258 -0.03850479
0.33063104 -0.03816242
0.33804129 -0.03781701
0.34549150 -0.03746867
0.35297984 -0.03711743
0.36050445 -0.03676331
0.36806348 -0.03640628
0.37565506 -0.03604624
0.38327732 -0.03568309
0.39092838 -0.03531669
0.39860635 -0.03494687
0.40630934 -0.03457344
0.41403545 -0.03419620
0.42178277 -0.03381493
0.42954938 -0.03342942
0.43733338 -0.03303944
0.44513284 -0.03264478
0.45294584 -0.03224522
0.46077045 -0.03184059
0.46860474 -0.03143070
0.47644677 -0.03101539
0.48429462 -0.03059454
0.49214634 -0.03016806
0.50000000 -0.02973586
0.50785366 -0.02929792
0.51570538 -0.02885425
0.52355323 -0.02840489
0.53139526 -0.02794993
0.53922955 -0.02748949
0.54705416 -0.02702374
0.55486716 -0.02655290
0.56266662 -0.02607722
0.57045062 -0.02559700
0.57821723 -0.02511258
0.58596455 -0.02462434
0.59369066 -0.02413270
0.60139365 -0.02363811
0.60907162 -0.02314105
0.61672268 -0.02264204
0.62434494 -0.02214162
0.63193652 -0.02164036
0.63949555 -0.02113883
0.64702016 -0.02063764
0.65450850 -0.02013741
0.66195871 -0.01963874
0.66936896 -0.01914226
0.67673742 -0.01864858
0.68406228 -0.01815833
0.69134172 -0.01767210
0.69857395 -0.01719048
0.70575718 -0.01671405
0.71288965 -0.01624334
0.71996958 -0.01577888
0.72699525 -0.01532117
0.73396491 -0.01487065
0.74087684 -0.01442775
0.74772933 -0.01399286
0.75452071 -0.01356632
0.76124928 -0.01314843
0.76791340 -0.01273944
0.77451141 -0.01233957
0.78104169 -0.01194898
0.78750263 -0.01156778
0.79389263 -0.01119606
0.80021011 -0.01083383
0.80645353 -0.01048108
0.81262133 -0.01013774
0.81871199 -0.00980372
0.82472402 -0.00947887
0.83065593 -0.00916301
0.83650626 -0.00885593
0.84227355 -0.00855737
0.84795640 -0.00826707
0.85355339 -0.00798473
0.85906315 -0.00771002
0.86448431 -0.00744262
0.86981555 -0.00718216
0.87505553 -0.00692830
0.88020298 -0.00668067
0.88525662 -0.00643890
0.89021520 -0.00620263
0.89507751 -0.00597152
0.89984233 -0.00574521
0.90450850 -0.00552339
0.90907486 -0.00530574
0.91354029 -0.00509197
0.91790368 -0.00488182
0.92216396 -0.00467506
0.92632008 -0.00447149
0.93037101 -0.00427092
0.93431576 -0.00407323
0.93815334 -0.00387830
0.94188282 -0.00368608
0.94550326 -0.00349652
0.94901379 -0.00330965
0.95241353 -0.00312549
0.95570164 -0.00294414
0.95887731 -0.00276571
0.96193977 -0.00259035
0.96488824 -0.00241824
0.96772202 -0.00224960
0.97044038 -0.00208467
0.97304268 -0.00192372
0.97552826 -0.00176705
0.97789651 -0.00161496
0.98014684 -0.00146778
0.98227871 -0.00132585
0.98429158 -0.00118953
0.98618496 -0.00105917
0.98795838 -0.00093514
0.98961141 -0.00081779
0.99114363 -0.00070747
0.99255466 -0.00060452
0.99384417 -0.00050929
0.99501183 -0.00042208
0.99605735 -0.00034319
0.99698048 -0.00027290
0.99778098 -0.00021145
0.99845867 -0.00015907
0.99901336 -0.00011594
0.99944494 -0.00008223
0.99975328 -0.00005806
0.99993832 -0.00004352
1.00000000 -0.00003867
