sample_581
1.00000000 0.00155748
0.99993832 0.00157226
0.99975328 0.00161662
0.99944494 0.00169060
0.99901336 0.00179427
0.99845867 0.00192774
0.99778098 0.00209113
0.99698048 0.00228460
0.99605735 0.00250831
0.99501183 0.00276244
0.99384417 0.00304720
0.99255466 0.00336278
0.99114363 0.00370938
0.98961141 0.00408722
0.98795838 0.00449649
0.98618496 0.00493735
0.98429158 0.00540998
0.98227871 0.00591449
0.98014684 0.00645098
0.97789651 0.00701953
0.97552826 0.00762013
0.97304268 0.00825276
0.97044038 0.00891733
0.96772202 0.00961369
0.96488824 0.01034161
0.96193977 0.01110083
0.95887731 0.01189097
0.95570164 0.01271160
0.95241353 0.01356222
0.94901379 0.01444222
0.94550326 0.01535093
0.94188282 0.01628759
0.93815334 0.01725135
0.93431576 0.01824128
0.93037101 0.01925639
0.92632008 0.02029557
0.92216396 0.02135766
0.91790368 0.02244143
0.91354029 0.02354555
0.90907486 0.02466866
0.90450850 0.02580932
0.89984233 0.02696604
0.89507751 0.02813728
0.89021520 0.02932146
0.88525662 0.03051698
0.88020298 0.03172219
0.87505553 0.03293544
0.86981555 0.03415505
0.86448431 0.03537936
0.85906315 0.03660670
0.85355339 0.03783542
0.84795640 0.03906390
0.84227355 0.04029054
0.83650626 0.04151379
0.83065593 0.04273213
0.82472402 0.04394411
0.81871199 0.04514833
0.81262133 0.04634347
0.80645353 0.04752828
0.80021011 0.04870158
0.79389263 0.04986228
0.78750263 0.05100939
0.78104169 0.05214200
0.77451141 0.05325929
0.76791340 0.05436055
0.76124928 0.05544516
0.75452071 0.05651262
0.74772933 0.05756248
0.74087684 0.05859445
0.73396491 0.05960828
0.72699525 0.06060386
0.71996958 0.06158114
0.71288965 0.06254015
0.70575718 0.06348104
0.69857395 0.06440400
0.69134172 0.06530931
0.68406228 0.06619729
0.67673742 0.06706835
0.66936896 0.06792292
0.66195871 0.06876149
0.65450850 0.06958456
0.64702016 0.07039269
0.63949555 0.07118643
0.63193652 0.07196633
0.62434494 0.07273298
0.61672268 0.07348691
0.60907162 0.07422867
0.60139365 0.07495876
0.59369066 0.07567766
0.58596455 0.07638580
0.57821723 0.07708356
0.57045062 0.07777128
0.56266662 0.07844920
0.55486716 0.07911754
0.54705416 0.07977641
0.53922955 0.08042585
0.53139526 0.08106583
0.52355323 0.08169621
0.51570538 0.08231680
0.50785366 0.08292728
0.50000000 0.08352726
0.49214634 0.08411627
0.48429462 0.08469372
0.47644677 0.08525895
0.46860474 0.08581122
0.46077045 0.08634969
0.45294584 0.08687345
0.44513284 0.08738150
0.43733338 0.08787280
0.42954938 0.08834621
0.42178277 0.08880054
0.41403545 0.08923455
0.40630934 0.08964696
0.39860635 0.09003644
0.39092838 0.09040164
0.38327732 0.09074116
0.37565506 0.09105362
0.36806348 0.09133760
0.36050445 0.09159171
0.35297984 0.09181455
0.34549150 0.09200475
0.33804129 0.09216095
0.33063104 0.09228183
0.32326258 0.09236613
0.31593772 0.09241261
0.30865828 0.09242011
0.30142605 0.09238752
0.29424282 0.09231381
0.28711035 0.09219802
0.28003042 0.09203927
0.27300475 0.09183678
0.26603509 0.09158983
0.25912316 0.09129784
0.25227067 0.09096028
0.24547929 0.09057676
0.23875072 0.09014697
0.23208660 0.08967070
0.22548859 0.08914787
0.21895831 0.08857849
0.21249737 0.08796266
0.20610737 0.08730061
0.19978989 0.08659266
0.19354647 0.08583921
0.18737867 0.08504079
0.18128801 0.08419800
0.17527598 0.08331154
0.16934407 0.08238219
0.16349374 0.08141081
0.15772645 0.08039834
0.15204360 0.07934580
0.14644661 0.07825425
0.14093685 0.07712483
0.13551569 0.07595872
0.13018445 0.07475717
0.12494447 0.07352144
0.11979702 0.07225286
0.11474338 0.07095275
0.10978480 0.06962248
0.10492249 0.06826344
0.10015767 0.06687701
0.09549150 0.06546458
0.09092514 0.06402755
0.08645971 0.06256731
0.08209632 0.06108523
0.07783604 0.05958267
0.07367992 0.05806097
0.06962899 0.05652144
0.06568424 0.05496535
0.06184666 0.05339395
0.05811718 0.05180845
0.05449674 0.05021002
0.05098621 0.04859978
0.04758647 0.04697880
0.04429836 0.04534811
0.04112269 0.04370868
0.03806023 0.04206145
0.03511176 0.04040729
0.03227798 0.03874701
0.02955962 0.03708137
0.02695732 0.03541109
0.02447174 0.03373683
0.02210349 0.03205918
0.01985316 0.03037870
0.01772129 0.02869588
0.01570842 0.02701118
0.01381504 0.02532498
0.01204162 0.02363764
0.01038859 0.02194948
0.00885637 0.02026074
0.00744534 0.01857165
0.00615583 0.01688240
0.00498817 0.01519314
0.00394265 0.01350398
0.00301952 0.01181501
0.00221902 0.01012629
0.00154133 0.00843786
0.00098664 0.00674973
0.00055506 0.00506189
0.00024672 0.00337435
0.00006168 0.00168706
0.00000000 0.00000000
0.00006168 -0.00059263
0.00024672 -0.00118531
0.00055506 -0.00177807
0.00098664 -0.00237095
0.00154133 -0.00296398
0.00221902 -0.00355715
0.00301952 -0.00415047
0.00394265 -0.00474391
0.00498817 -0.00533742
0.00615583 -0.00593092
0.00744534 -0.00652432
0.00885637 -0.00711749
0.01038859 -0.00771027
0.01204162 -0.00830248
0.01381504 -0.00889389
0.01570842 -0.00948424
0.01772129 -0.01007325
0.01985316 -0.01066060
0.02210349 -0.01124593
0.02447174 -0.01182886
0.02695732 -0.01240897
0.02955962 -0.01298581
0.03227798 -0.01355891
0.03511176 -0.01412777
0.03806023 -0.01469187
0.04112269 -0.01525066
0.04429836 -0.01580358
0.04758647 -0.01635005
0.05098621 -0.01688950
0.05449674 -0.01742132
0.05811718 -0.01794491
0.06184666 -0.01845967
0.06568424 -0.01896501
0.06962899 -0.01946034
0.07367992 -0.01994507
0.07783604 -0.02041865
0.08209632 -0.02088051
0.08645971 -0.02133013
0.09092514 -0.02176701
0.09549150 -0.02219068
0.10015767 -0.02260067
0.10492249 -0.02299659
0.10978480 -0.02337805
0.11474338 -0.02374471
0.11979702 -0.02409626
0.12494447 -0.02443244
0.13018445 -0.02475303
0.13551569 -0.02505786
0.14093685 -0.02534677
0.14644661 -0.02561968
0.15204360 -0.02587653
0.15772645 -0.02611731
0.16349374 -0.02634204
0.16934407 -0.02655080
0.17527598 -0.02674369
0.18128801 -0.02692085
0.18737867 -0.02708245
0.19354647 -0.02722870
0.19978989 -0.02735982
0.20610737 -0.02747607
0.21249737 -0.02757774
0.21895831 -0.02766512
0.22548859 -0.02773853
0.23208660 -0.02779828
0.23875072 -0.02784472
0.24547929 -0.02787818
0.25227067 -0.02789901
0.25912316 -0.02790755
0.26603509 -0.02790414
0.27300475 -0.02788910
0.28003042 -0.02786275
0.28711035 -0.02782541
0.29424282 -0.02777735
0.30142605 -0.02771887
0.30865828 -0.02765020
0.31593772 -0.02757158
0.32326258 -0.02748322
0.33063104 -0.02738530
0.33804129 -0.02727800
0.34549150 -0.02716144
0.35297984 -0.02703573
0.36050445 -0.02690097
0.36806348 -0.02675721
0.37565506 -0.02660450
0.38327732 -0.02644285
0.39092838 -0.02627226
0.39860635 -0.02609271
0.40630934 -0.02590416
0.41403545 -0.02570655
0.42178277 -0.02549984
0.42954938 -0.02528394
0.43733338 -0.02505877
0.44513284 -0.02482426
0.45294584 -0.02458032
0.46077045 -0.02432688
0.46860474 -0.02406386
0.47644677 -0.02379120
0.48429462 -0.02350886
0.49214634 -0.02321679
0.50000000 -0.02291500
0.50785366 -0.02260349
0.51570538 -0.02228229
0.52355323 -0.02195146
0.53139526 -0.02161110
0.53922955 -0.02126133
0.54705416 -0.02090231
0.55486716 -0.02053423
0.56266662 -0.02015731
0.57045062 -0.01977184
0.57821723 -0.01937810
0.58596455 -0.01897644
0.59369066 -0.01856725
0.60139365 -0.01815095
0.60907162 -0.01772798
0.61672268 -0.01729886
0.62434494 -0.01686409
0.63193652 -0.01642424
0.63949555 -0.01597991
0.64702016 -0.01553171
0.65450850 -0.01508030
0.66195871 -0.01462633
0.66936896 -0.01417050
0.67673742 -0.01371351
0.68406228 -0.01325609
0.69134172 -0.01279897
0.69857395 -0.01234287
0.70575718 -0.01188855
0.71288965 -0.01143673
0.71996958 -0.01098814
0.72699525 -0.01054352
0.73396491 -0.01010358
0.74087684 -0.00966899
0.74772933 -0.00924045
0.75452071 -0.00881860
0.76124928 -0.00840407
0.76791340 -0.00799745
0.77451141 -0.00759931
0.78104169 -0.00721016
0.78750263 -0.00683052
0.79389263 -0.00646081
0.80021011 -0.00610146
0.80645353 -0.00575284
0.81262133 -0.00541526
0.81871199 -0.00508900
0.82472402 -0.00477430
0.83065593 -0.00447135
0.83650626 -0.00418029
0.84227355 -0.00390121
0.84795640 -0.00363417
0.85355339 -0.00337918
0.85906315 -0.00313621
0.86448431 -0.00290517
0.86981555 -0.00268597
0.87505553 -0.00247844
0.88020298 -0.00228240
0.88525662 -0.00209763
0.89021520 -0.00192388
0.89507751 -0.00176088
0.89984233 -0.00160832
0.90450850 -0.00146588
0.90907486 -0.00133321
0.91354029 -0.00120995
0.91790368 -0.00109572
0.92216396 -0.00099013
0.92632008 -0.00089279
0.93037101 -0.00080330
0.93431576 -0.00072124
0.93815334 -0.00064622
0.94188282 -0.00057782
0.94550326 -0.00051564
0.94901379 -0.00045929
0.95241353 -0.00040837
0.95570164 -0.00036250
0.95887731 -0.00032133
0.96193977 -0.00028448
0.96488824 -0.00025162
0.96772202 -0.00022241
0.97044038 -0.00019654
0.97304268 -0.00017372
0.97552826 -0.00015365
0.97789651 -0.00013608
0.98014684 -0.00012075
0.98227871 -0.00010744
0.98429158 -0.00009593
0.98618496 -0.00008602
0.98795838 -0.00007752
0.98961141 -0.00007027
0.99114363 -0.00006412
0.99255466 -0.00005893
0.99384417 -0.00005457
0.99501183 -0.00005094
0.99605735 -0.00004794
0.99698048 -0.00004548
0.99778098 -0.00004349
0.99845867 -0.00004191
0.99901336 -0.00004069
0.99944494 -0.00003978
0.99975328 -0.00003916
0.99993832 -0.00003879
1.00000000 -0.00003867
