sample_249
1.00000000 0.00155748
0.99993832 0.00157093
0.99975328 0.00161130
0.99944494 0.00167858
0.99901336 0.00177277
0.99845867 0.00189388
0.99778098 0.00204192
0.99698048 0.00221687
0.99605735 0.00241876
0.99501183 0.00264756
0.99384417 0.00290329
0.99255466 0.00318592
0.99114363 0.00349546
0.98961141 0.00383187
0.98795838 0.00419513
0.98618496 0.00458520
0.98429158 0.00500204
0.98227871 0.00544558
0.98014684 0.00591575
0.97789651 0.00641247
0.97552826 0.00693562
0.97304268 0.00748510
0.97044038 0.00806077
0.96772202 0.00866246
0.96488824 0.00929000
0.96193977 0.00994320
0.95887731 0.01062182
0.95570164 0.01132564
0.95241353 0.01205439
0.94901379 0.01280777
0.94550326 0.01358548
0.94188282 0.01438718
0.93815334 0.01521251
0.93431576 0.01606110
0.93037101 0.01693252
0.92632008 0.01782637
0.92216396 0.01874218
0.91790368 0.01967949
0.91354029 0.02063779
0.90907486 0.02161659
0.90450850 0.02261534
0.89984233 0.02363349
0.89507751 0.02467049
0.89021520 0.02572574
0.88525662 0.02679865
0.88020298 0.02788860
0.87505553 0.02899498
0.86981555 0.03011713
0.86448431 0.03125443
0.85906315 0.03240621
0.85355339 0.03357180
0.84795640 0.03475054
0.84227355 0.03594173
0.83650626 0.03714470
0.83065593 0.03835875
0.82472402 0.03958318
0.81871199 0.04081729
0.81262133 0.04206037
0.80645353 0.04331169
0.80021011 0.04457055
0.79389263 0.04583622
0.78750263 0.04710796
0.78104169 0.04838503
0.77451141 0.04966670
0.76791340 0.05095220
0.76124928 0.05224078
0.75452071 0.05353167
0.74772933 0.05482408
0.74087684 0.05611722
0.73396491 0.05741028
0.72699525 0.05870246
0.71996958 0.05999291
0.71288965 0.06128079
0.70575718 0.06256523
0.69857395 0.06384535
0.69134172 0.06512026
0.68406228 0.06638904
0.67673742 0.06765074
0.66936896 0.06890442
0.66195871 0.07014910
0.65450850 0.07138378
0.64702016 0.07260745
0.63949555 0.07381907
0.63193652 0.07501761
0.62434494 0.07620197
0.61672268 0.07737109
0.60907162 0.07852387
0.60139365 0.07965918
0.59369066 0.08077590
0.58596455 0.08187291
0.57821723 0.08294905
0.57045062 0.08400319
0.56266662 0.08503418
0.55486716 0.08604087
0.54705416 0.08702213
0.53922955 0.08797682
0.53139526 0.08890383
0.52355323 0.08980204
0.51570538 0.09067038
0.50785366 0.09150778
0.50000000 0.09231321
0.49214634 0.09308567
0.48429462 0.09382418
0.47644677 0.09452781
0.46860474 0.09519569
0.46077045 0.09582695
0.45294584 0.09642082
0.44513284 0.09697655
0.43733338 0.09749346
0.42954938 0.09797092
0.42178277 0.09840837
0.41403545 0.09880530
0.40630934 0.09916128
0.39860635 0.09947595
0.39092838 0.09974898
0.38327732 0.09998016
0.37565506 0.10016932
0.36806348 0.10031636
0.36050445 0.10042125
0.35297984 0.10048404
0.34549150 0.10050482
0.33804129 0.10048377
0.33063104 0.10042112
0.32326258 0.10031715
0.31593772 0.10017222
0.30865828 0.09998672
0.30142605 0.09976110
0.29424282 0.09949586
0.28711035 0.09919152
0.28003042 0.09884866
0.27300475 0.09846787
0.26603509 0.09804979
0.25912316 0.09759507
0.25227067 0.09710435
0.24547929 0.09657833
0.23875072 0.09601768
0.23208660 0.09542308
0.22548859 0.09479520
0.21895831 0.09413470
0.21249737 0.09344223
0.20610737 0.09271843
0.19978989 0.09196388
0.19354647 0.09117918
0.18737867 0.09036484
0.18128801 0.08952139
0.17527598 0.08864929
0.16934407 0.08774896
0.16349374 0.08682077
0.15772645 0.08586508
0.15204360 0.08488215
0.14644661 0.08387224
0.14093685 0.08283554
0.13551569 0.08177219
0.13018445 0.08068229
0.12494447 0.07956590
0.11979702 0.07842304
0.11474338 0.07725366
0.10978480 0.07605772
0.10492249 0.07483511
0.10015767 0.07358571
0.09549150 0.07230937
0.09092514 0.07100590
0.08645971 0.06967514
0.08209632 0.06831687
0.07783604 0.06693091
0.07367992 0.06551704
0.06962899 0.06407507
0.06568424 0.06260483
0.06184666 0.06110617
0.05811718 0.05957893
0.05449674 0.05802303
0.05098621 0.05643840
0.04758647 0.05482502
0.04429836 0.05318291
0.04112269 0.05151217
0.03806023 0.04981293
0.03511176 0.04808540
0.03227798 0.04632985
0.02955962 0.04454663
0.02695732 0.04273616
0.02447174 0.04089893
0.02210349 0.03903553
0.01985316 0.03714662
0.01772129 0.03523292
0.01570842 0.03329527
0.01381504 0.03133458
0.01204162 0.02935182
0.01038859 0.02734807
0.00885637 0.02532448
0.00744534 0.02328225
0.00615583 0.02122269
0.00498817 0.01914715
0.00394265 0.01705706
0.00301952 0.01495389
0.00221902 0.01283919
0.00154133 0.01071454
0.00098664 0.00858157
0.00055506 0.00644192
0.00024672 0.00429731
0.00006168 0.00214942
0.00000000 0.00000000
0.00006168 -0.00069918
0.00024672 -0.00139831
0.00055506 -0.00209734
0.00098664 -0.00279619
0.00154133 -0.00349479
0.00221902 -0.00419306
0.00301952 -0.00489087
0.00394265 -0.00558810
0.00498817 -0.00628459
0.00615583 -0.00698017
0.00744534 -0.00767460
0.00885637 -0.00836766
0.01038859 -0.00905906
0.01204162 -0.00974850
0.01381504 -0.01043561
0.01570842 -0.01112001
0.01772129 -0.01180129
0.01985316 -0.01247898
0.02210349 -0.01315258
0.02447174 -0.01382157
0.02695732 -0.01448538
0.02955962 -0.01514342
0.03227798 -0.01579506
0.03511176 -0.01643965
0.03806023 -0.01707651
0.04112269 -0.01770494
0.04429836 -0.01832423
0.04758647 -0.01893366
0.05098621 -0.01953247
0.05449674 -0.02011992
0.05811718 -0.02069527
0.06184666 -0.02125777
0.06568424 -0.02180669
0.06962899 -0.02234129
0.07367992 -0.02286087
0.07783604 -0.02336474
0.08209632 -0.02385222
0.08645971 -0.02432268
0.09092514 -0.02477551
0.09549150 -0.02521014
0.10015767 -0.02562604
0.10492249 -0.02602270
0.10978480 -0.02639970
0.11474338 -0.02675663
0.11979702 -0.02709313
0.12494447 -0.02740892
0.13018445 -0.02770373
0.13551569 -0.02797739
0.14093685 -0.02822975
0.14644661 -0.02846072
0.15204360 -0.02867028
0.15772645 -0.02885844
0.16349374 -0.02902528
0.16934407 -0.02917092
0.17527598 -0.02929553
0.18128801 -0.02939934
0.18737867 -0.02948260
0.19354647 -0.02954562
0.19978989 -0.02958875
0.20610737 -0.02961235
0.21249737 -0.02961685
0.21895831 -0.02960268
0.22548859 -0.02957030
0.23208660 -0.02952019
0.23875072 -0.02945286
0.24547929 -0.02936882
0.25227067 -0.02926858
0.25912316 -0.02915269
0.26603509 -0.02902166
0.27300475 -0.02887604
0.28003042 -0.02871633
0.28711035 -0.02854305
0.29424282 -0.02835672
0.30142605 -0.02815782
0.30865828 -0.02794683
0.31593772 -0.02772419
0.32326258 -0.02749036
0.33063104 -0.02724575
0.33804129 -0.02699075
0.34549150 -0.02672574
0.35297984 -0.02645106
0.36050445 -0.02616704
0.36806348 -0.02587398
0.37565506 -0.02557216
0.38327732 -0.02526186
0.39092838 -0.02494329
0.39860635 -0.02461670
0.40630934 -0.02428228
0.41403545 -0.02394023
0.42178277 -0.02359073
0.42954938 -0.02323394
0.43733338 -0.02287004
0.44513284 -0.02249918
0.45294584 -0.02212153
0.46077045 -0.02173724
0.46860474 -0.02134648
0.47644677 -0.02094942
0.48429462 -0.02054624
0.49214634 -0.02013715
0.50000000 -0.01972235
0.50785366 -0.01930206
0.51570538 -0.01887655
0.52355323 -0.01844608
0.53139526 -0.01801093
0.53922955 -0.01757144
0.54705416 -0.01712795
0.55486716 -0.01668083
0.56266662 -0.01623047
0.57045062 -0.01577731
0.57821723 -0.01532179
0.58596455 -0.01486441
0.59369066 -0.01440567
0.60139365 -0.01394609
0.60907162 -0.01348624
0.61672268 -0.01302669
0.62434494 -0.01256804
0.63193652 -0.01211090
0.63949555 -0.01165590
0.64702016 -0.01120368
0.65450850 -0.01075488
0.66195871 -0.01031016
0.66936896 -0.00987016
0.67673742 -0.00943554
0.68406228 -0.00900693
0.69134172 -0.00858499
0.69857395 -0.00817032
0.70575718 -0.00776353
0.71288965 -0.00736520
0.71996958 -0.00697588
0.72699525 -0.00659612
0.73396491 -0.00622639
0.74087684 -0.00586718
0.74772933 -0.00551890
0.75452071 -0.00518194
0.76124928 -0.00485665
0.76791340 -0.00454331
0.77451141 -0.00424219
0.78104169 -0.00395350
0.78750263 -0.00367737
0.79389263 -0.00341394
0.80021011 -0.00316324
0.80645353 -0.00292529
0.81262133 -0.00270006
0.81871199 -0.00248744
0.82472402 -0.00228731
0.83065593 -0.00209948
0.83650626 -0.00192372
0.84227355 -0.00175978
0.84795640 -0.00160734
0.85355339 -0.00146606
0.85906315 -0.00133557
0.86448431 -0.00121545
0.86981555 -0.00110528
0.87505553 -0.00100460
0.88020298 -0.00091293
0.88525662 -0.00082979
0.89021520 -0.00075466
0.89507751 -0.00068703
0.89984233 -0.00062640
0.90450850 -0.00057223
0.90907486 -0.00052402
0.91354029 -0.00048126
0.91790368 -0.00044344
0.92216396 -0.00041009
0.92632008 -0.00038072
0.93037101 -0.00035490
0.93431576 -0.00033218
0.93815334 -0.00031217
0.94188282 -0.00029447
0.94550326 -0.00027875
0.94901379 -0.00026466
0.95241353 -0.00025191
0.95570164 -0.00024023
0.95887731 -0.00022939
0.96193977 -0.00021918
0.96488824 -0.00020942
0.96772202 -0.00019996
0.97044038 -0.00019069
0.97304268 -0.00018151
0.97552826 -0.00017236
0.97789651 -0.00016319
0.98014684 -0.00015399
0.98227871 -0.00014476
0.98429158 -0.00013552
0.98618496 -0.00012631
0.98795838 -0.00011718
0.98961141 -0.00010818
0.99114363 -0.00009940
0.99255466 -0.00009090
0.99384417 -0.00008278
0.99501183 -0.00007511
0.99605735 -0.00006798
0.99698048 -0.00006147
0.99778098 -0.00005565
0.99845867 -0.00005060
0.99901336 -0.00004638
0.99944494 -0.00004304
0.99975328 -0.00004062
0.99993832 -0.00003916
1.00000000 -0.00003867
