sample_036
1.00000000 0.00155748
0.99993832 0.00157209
0.99975328 0.00161592
0.99944494 0.00168897
0.99901336 0.00179121
0.99845867 0.00192263
0.99778098 0.00208320
0.99698048 0.00227288
0.99605735 0.00249161
0.99501183 0.00273935
0.99384417 0.00301602
0.99255466 0.00332154
0.99114363 0.00365580
0.98961141 0.00401869
0.98795838 0.00441007
0.98618496 0.00482977
0.98429158 0.00527762
0.98227871 0.00575341
0.98014684 0.00625691
0.97789651 0.00678784
0.97552826 0.00734592
0.97304268 0.00793083
0.97044038 0.00854222
0.96772202 0.00917968
0.96488824 0.00984281
0.96193977 0.01053115
0.95887731 0.01124420
0.95570164 0.01198145
0.95241353 0.01274233
0.94901379 0.01352627
0.94550326 0.01433264
0.94188282 0.01516080
0.93815334 0.01601006
0.93431576 0.01687972
0.93037101 0.01776906
0.92632008 0.01867733
0.92216396 0.01960377
0.91790368 0.02054760
0.91354029 0.02150802
0.90907486 0.02248424
0.90450850 0.02347546
0.89984233 0.02448088
0.89507751 0.02549969
0.89021520 0.02653111
0.88525662 0.02757436
0.88020298 0.02862867
0.87505553 0.02969329
0.86981555 0.03076751
0.86448431 0.03185062
0.85906315 0.03294197
0.85355339 0.03404090
0.84795640 0.03514683
0.84227355 0.03625919
0.83650626 0.03737746
0.83065593 0.03850114
0.82472402 0.03962980
0.81871199 0.04076304
0.81262133 0.04190050
0.80645353 0.04304186
0.80021011 0.04418686
0.79389263 0.04533525
0.78750263 0.04648684
0.78104169 0.04764148
0.77451141 0.04879904
0.76791340 0.04995943
0.76124928 0.05112257
0.75452071 0.05228842
0.74772933 0.05345697
0.74087684 0.05462818
0.73396491 0.05580207
0.72699525 0.05697863
0.71996958 0.05815785
0.71288965 0.05933972
0.70575718 0.06052423
0.69857395 0.06171132
0.69134172 0.06290092
0.68406228 0.06409292
0.67673742 0.06528719
0.66936896 0.06648354
0.66195871 0.06768174
0.65450850 0.06888149
0.64702016 0.07008245
0.63949555 0.07128420
0.63193652 0.07248626
0.62434494 0.07368809
0.61672268 0.07488905
0.60907162 0.07608843
0.60139365 0.07728546
0.59369066 0.07847926
0.58596455 0.07966890
0.57821723 0.08085333
0.57045062 0.08203146
0.56266662 0.08320207
0.55486716 0.08436392
0.54705416 0.08551565
0.53922955 0.08665584
0.53139526 0.08778301
0.52355323 0.08889560
0.51570538 0.08999201
0.50785366 0.09107057
0.50000000 0.09212958
0.49214634 0.09316728
0.48429462 0.09418189
0.47644677 0.09517160
0.46860474 0.09613459
0.46077045 0.09706901
0.45294584 0.09797303
0.44513284 0.09884482
0.43733338 0.09968257
0.42954938 0.10048448
0.42178277 0.10124879
0.41403545 0.10197380
0.40630934 0.10265783
0.39860635 0.10329928
0.39092838 0.10389660
0.38327732 0.10444832
0.37565506 0.10495305
0.36806348 0.10540948
0.36050445 0.10581640
0.35297984 0.10617270
0.34549150 0.10647734
0.33804129 0.10672944
0.33063104 0.10692818
0.32326258 0.10707288
0.31593772 0.10716297
0.30865828 0.10719797
0.30142605 0.10717755
0.29424282 0.10710148
0.28711035 0.10696964
0.28003042 0.10678203
0.27300475 0.10653876
0.26603509 0.10624004
0.25912316 0.10588620
0.25227067 0.10547765
0.24547929 0.10501490
0.23875072 0.10449856
0.23208660 0.10392933
0.22548859 0.10330795
0.21895831 0.10263528
0.21249737 0.10191221
0.20610737 0.10113971
0.19978989 0.10031879
0.19354647 0.09945050
0.18737867 0.09853594
0.18128801 0.09757623
0.17527598 0.09657252
0.16934407 0.09552597
0.16349374 0.09443774
0.15772645 0.09330902
0.15204360 0.09214098
0.14644661 0.09093476
0.14093685 0.08969154
0.13551569 0.08841242
0.13018445 0.08709852
0.12494447 0.08575090
0.11979702 0.08437063
0.11474338 0.08295870
0.10978480 0.08151609
0.10492249 0.08004374
0.10015767 0.07854255
0.09549150 0.07701337
0.09092514 0.07545703
0.08645971 0.07387430
0.08209632 0.07226591
0.07783604 0.07063257
0.07367992 0.06897495
0.06962899 0.06729368
0.06568424 0.06558936
0.06184666 0.06386256
0.05811718 0.06211384
0.05449674 0.06034371
0.05098621 0.05855270
0.04758647 0.05674129
0.04429836 0.05490998
0.04112269 0.05305924
0.03806023 0.05118956
0.03511176 0.04930140
0.03227798 0.04739527
0.02955962 0.04547164
0.02695732 0.04353104
0.02447174 0.04157399
0.02210349 0.03960102
0.01985316 0.03761269
0.01772129 0.03560961
0.01570842 0.03359237
0.01381504 0.03156163
0.01204162 0.02951803
0.01038859 0.02746230
0.00885637 0.02539514
0.00744534 0.02331732
0.00615583 0.02122962
0.00498817 0.01913286
0.00394265 0.01702787
0.00301952 0.01491552
0.00221902 0.01279669
0.00154133 0.01067231
0.00098664 0.00854330
0.00055506 0.00641060
0.00024672 0.00427517
0.00006168 0.00213798
0.00000000 0.00000000
0.00006168 -0.00073805
0.00024672 -0.00147589
0.00055506 -0.00221330
0.00098664 -0.00295007
0.00154133 -0.00368594
0.00221902 -0.00442068
0.00301952 -0.00515400
0.00394265 -0.00588562
0.00498817 -0.00661521
0.00615583 -0.00734242
0.00744534 -0.00806687
0.00885637 -0.00878816
0.01038859 -0.00950582
0.01204162 -0.01021937
0.01381504 -0.01092830
0.01570842 -0.01163203
0.01772129 -0.01232998
0.01985316 -0.01302151
0.02210349 -0.01370595
0.02447174 -0.01438258
0.02695732 -0.01505068
0.02955962 -0.01570947
0.03227798 -0.01635816
0.03511176 -0.01699592
0.03806023 -0.01762190
0.04112269 -0.01823526
0.04429836 -0.01883511
0.04758647 -0.01942057
0.05098621 -0.01999076
0.05449674 -0.02054480
0.05811718 -0.02108180
0.06184666 -0.02160091
0.06568424 -0.02210127
0.06962899 -0.02258206
0.07367992 -0.02304249
0.07783604 -0.02348178
0.08209632 -0.02389923
0.08645971 -0.02429414
0.09092514 -0.02466589
0.09549150 -0.02501390
0.10015767 -0.02533766
0.10492249 -0.02563670
0.10978480 -0.02591065
0.11474338 -0.02615918
0.11979702 -0.02638204
0.12494447 -0.02657906
0.13018445 -0.02675015
0.13551569 -0.02689530
0.14093685 -0.02701455
0.14644661 -0.02710807
0.15204360 -0.02717606
0.15772645 -0.02721884
0.16349374 -0.02723679
0.16934407 -0.02723036
0.17527598 -0.02720009
0.18128801 -0.02714659
0.18737867 -0.02707052
0.19354647 -0.02697264
0.19978989 -0.02685373
0.20610737 -0.02671467
0.21249737 -0.02655636
0.21895831 -0.02637976
0.22548859 -0.02618587
0.23208660 -0.02597574
0.23875072 -0.02575043
0.24547929 -0.02551104
0.25227067 -0.02525868
0.25912316 -0.02499448
0.26603509 -0.02471957
0.27300475 -0.02443510
0.28003042 -0.02414219
0.28711035 -0.02384195
0.29424282 -0.02353550
0.30142605 -0.02322392
0.30865828 -0.02290825
0.31593772 -0.02258952
0.32326258 -0.02226871
0.33063104 -0.02194677
0.33804129 -0.02162459
0.34549150 -0.02130301
0.35297984 -0.02098284
0.36050445 -0.02066482
0.36806348 -0.02034962
0.37565506 -0.02003788
0.38327732 -0.01973015
0.39092838 -0.01942693
0.39860635 -0.01912867
0.40630934 -0.01883573
0.41403545 -0.01854844
0.42178277 -0.01826705
0.42954938 -0.01799175
0.43733338 -0.01772268
0.44513284 -0.01745991
0.45294584 -0.01720347
0.46077045 -0.01695333
0.46860474 -0.01670942
0.47644677 -0.01647161
0.48429462 -0.01623975
0.49214634 -0.01601362
0.50000000 -0.01579300
0.50785366 -0.01557762
0.51570538 -0.01536718
0.52355323 -0.01516137
0.53139526 -0.01495984
0.53922955 -0.01476225
0.54705416 -0.01456824
0.55486716 -0.01437743
0.56266662 -0.01418945
0.57045062 -0.01400393
0.57821723 -0.01382049
0.58596455 -0.01363878
0.59369066 -0.01345843
0.60139365 -0.01327911
0.60907162 -0.01310049
0.61672268 -0.01292226
0.62434494 -0.01274412
0.63193652 -0.01256581
0.63949555 -0.01238708
0.64702016 -0.01220770
0.65450850 -0.01202748
0.66195871 -0.01184624
0.66936896 -0.01166382
0.67673742 -0.01148011
0.68406228 -0.01129501
0.69134172 -0.01110844
0.69857395 -0.01092035
0.70575718 -0.01073072
0.71288965 -0.01053955
0.71996958 -0.01034684
0.72699525 -0.01015265
0.73396491 -0.00995702
0.74087684 -0.00976004
0.74772933 -0.00956179
0.75452071 -0.00936237
0.76124928 -0.00916191
0.76791340 -0.00896053
0.77451141 -0.00875837
0.78104169 -0.00855557
0.78750263 -0.00835228
0.79389263 -0.00814866
0.80021011 -0.00794485
0.80645353 -0.00774103
0.81262133 -0.00753735
0.81871199 -0.00733397
0.82472402 -0.00713104
0.83065593 -0.00692871
0.83650626 -0.00672714
0.84227355 -0.00652646
0.84795640 -0.00632682
0.85355339 -0.00612836
0.85906315 -0.00593120
0.86448431 -0.00573546
0.86981555 -0.00554127
0.87505553 -0.00534874
0.88020298 -0.00515797
0.88525662 -0.00496907
0.89021520 -0.00478213
0.89507751 -0.00459726
0.89984233 -0.00441454
0.90450850 -0.00423406
0.90907486 -0.00405592
0.91354029 -0.00388019
0.91790368 -0.00370696
0.92216396 -0.00353633
0.92632008 -0.00336836
0.93037101 -0.00320317
0.93431576 -0.00304082
0.93815334 -0.00288142
0.94188282 -0.00272507
0.94550326 -0.00257185
0.94901379 -0.00242188
0.95241353 -0.00227526
0.95570164 -0.00213211
0.95887731 -0.00199253
0.96193977 -0.00185665
0.96488824 -0.00172459
0.96772202 -0.00159648
0.97044038 -0.00147245
0.97304268 -0.00135263
0.97552826 -0.00123715
0.97789651 -0.00112616
0.98014684 -0.00101980
0.98227871 -0.00091820
0.98429158 -0.00082150
0.98618496 -0.00072984
0.98795838 -0.00064335
0.98961141 -0.00056217
0.99114363 -0.00048642
0.99255466 -0.00041624
0.99384417 -0.00035172
0.99501183 -0.00029299
0.99605735 -0.00024015
0.99698048 -0.00019330
0.99778098 -0.00015251
0.99845867 -0.00011786
0.99901336 -0.00008943
0.99944494 -0.00006725
0.99975328 -0.00005138
0.99993832 -0.00004185
1.00000000 -0.00003867
