sample_356
1.00000000 0.00155748
0.99993832 0.00157122
0.99975328 0.00161248
0.99944494 0.00168131
0.99901336 0.00177781
0.99845867 0.00190214
0.99778098 0.00205447
0.99698048 0.00223503
0.99605735 0.00244406
0.99501183 0.00268183
0.99384417 0.00294865
0.99255466 0.00324483
0.99114363 0.00357071
0.98961141 0.00392661
0.98795838 0.00431289
0.98618496 0.00472988
0.98429158 0.00517789
0.98227871 0.00565725
0.98014684 0.00616822
0.97789651 0.00671108
0.97552826 0.00728603
0.97304268 0.00789325
0.97044038 0.00853287
0.96772202 0.00920497
0.96488824 0.00990954
0.96193977 0.01064656
0.95887731 0.01141589
0.95570164 0.01221734
0.95241353 0.01305065
0.94901379 0.01391546
0.94550326 0.01481135
0.94188282 0.01573779
0.93815334 0.01669419
0.93431576 0.01767986
0.93037101 0.01869403
0.92632008 0.01973584
0.92216396 0.02080436
0.91790368 0.02189855
0.91354029 0.02301733
0.90907486 0.02415952
0.90450850 0.02532387
0.89984233 0.02650907
0.89507751 0.02771375
0.89021520 0.02893647
0.88525662 0.03017575
0.88020298 0.03143008
0.87505553 0.03269788
0.86981555 0.03397757
0.86448431 0.03526753
0.85906315 0.03656612
0.85355339 0.03787171
0.84795640 0.03918264
0.84227355 0.04049729
0.83650626 0.04181401
0.83065593 0.04313122
0.82472402 0.04444731
0.81871199 0.04576074
0.81262133 0.04707001
0.80645353 0.04837364
0.80021011 0.04967020
0.79389263 0.05095835
0.78750263 0.05223677
0.78104169 0.05350420
0.77451141 0.05475948
0.76791340 0.05600148
0.76124928 0.05722916
0.75452071 0.05844154
0.74772933 0.05963772
0.74087684 0.06081685
0.73396491 0.06197818
0.72699525 0.06312101
0.71996958 0.06424470
0.71288965 0.06534869
0.70575718 0.06643248
0.69857395 0.06749561
0.69134172 0.06853770
0.68406228 0.06955840
0.67673742 0.07055741
0.66936896 0.07153448
0.66195871 0.07248939
0.65450850 0.07342193
0.64702016 0.07433196
0.63949555 0.07521931
0.63193652 0.07608386
0.62434494 0.07692547
0.61672268 0.07774402
0.60907162 0.07853939
0.60139365 0.07931144
0.59369066 0.08006001
0.58596455 0.08078496
0.57821723 0.08148609
0.57045062 0.08216319
0.56266662 0.08281602
0.55486716 0.08344431
0.54705416 0.08404777
0.53922955 0.08462604
0.53139526 0.08517877
0.52355323 0.08570553
0.51570538 0.08620588
0.50785366 0.08667934
0.50000000 0.08712538
0.49214634 0.08754345
0.48429462 0.08793297
0.47644677 0.08829331
0.46860474 0.08862385
0.46077045 0.08892391
0.45294584 0.08919281
0.44513284 0.08942986
0.43733338 0.08963435
0.42954938 0.08980557
0.42178277 0.08994281
0.41403545 0.09004536
0.40630934 0.09011254
0.39860635 0.09014368
0.39092838 0.09013812
0.38327732 0.09009525
0.37565506 0.09001447
0.36806348 0.08989526
0.36050445 0.08973711
0.35297984 0.08953957
0.34549150 0.08930226
0.33804129 0.08902486
0.33063104 0.08870710
0.32326258 0.08834879
0.31593772 0.08794981
0.30865828 0.08751012
0.30142605 0.08702976
0.29424282 0.08650886
0.28711035 0.08594760
0.28003042 0.08534629
0.27300475 0.08470527
0.26603509 0.08402502
0.25912316 0.08330607
0.25227067 0.08254903
0.24547929 0.08175461
0.23875072 0.08092359
0.23208660 0.08005682
0.22548859 0.07915523
0.21895831 0.07821981
0.21249737 0.07725162
0.20610737 0.07625180
0.19978989 0.07522150
0.19354647 0.07416196
0.18737867 0.07307446
0.18128801 0.07196030
0.17527598 0.07082084
0.16934407 0.06965743
0.16349374 0.06847149
0.15772645 0.06726442
0.15204360 0.06603764
0.14644661 0.06479258
0.14093685 0.06353067
0.13551569 0.06225331
0.13018445 0.06096191
0.12494447 0.05965785
0.11979702 0.05834250
0.11474338 0.05701718
0.10978480 0.05568318
0.10492249 0.05434177
0.10015767 0.05299416
0.09549150 0.05164153
0.09092514 0.05028498
0.08645971 0.04892559
0.08209632 0.04756438
0.07783604 0.04620231
0.07367992 0.04484026
0.06962899 0.04347908
0.06568424 0.04211955
0.06184666 0.04076238
0.05811718 0.03940823
0.05449674 0.03805770
0.05098621 0.03671130
0.04758647 0.03536951
0.04429836 0.03403274
0.04112269 0.03270134
0.03806023 0.03137560
0.03511176 0.03005577
0.03227798 0.02874201
0.02955962 0.02743448
0.02695732 0.02613324
0.02447174 0.02483832
0.02210349 0.02354973
0.01985316 0.02226740
0.01772129 0.02099123
0.01570842 0.01972110
0.01381504 0.01845683
0.01204162 0.01719823
0.01038859 0.01594505
0.00885637 0.01469704
0.00744534 0.01345391
0.00615583 0.01221534
0.00498817 0.01098102
0.00394265 0.00975057
0.00301952 0.00852365
0.00221902 0.00729985
0.00154133 0.00607879
0.00098664 0.00486006
0.00055506 0.00364325
0.00024672 0.00242792
0.00006168 0.00121364
0.00000000 0.00000000
0.00006168 -0.00123824
0.00024672 -0.00247492
0.00055506 -0.00370844
0.00098664 -0.00493725
0.00154133 -0.00615980
0.00221902 -0.00737453
0.00301952 -0.00857994
0.00394265 -0.00977451
0.00498817 -0.01095677
0.00615583 -0.01212528
0.00744534 -0.01327862
0.00885637 -0.01441541
0.01038859 -0.01553431
0.01204162 -0.01663403
0.01381504 -0.01771330
0.01570842 -0.01877093
0.01772129 -0.01980575
0.01985316 -0.02081667
0.02210349 -0.02180264
0.02447174 -0.02276267
0.02695732 -0.02369584
0.02955962 -0.02460127
0.03227798 -0.02547818
0.03511176 -0.02632581
0.03806023 -0.02714351
0.04112269 -0.02793068
0.04429836 -0.02868678
0.04758647 -0.02941136
0.05098621 -0.03010402
0.05449674 -0.03076446
0.05811718 -0.03139242
0.06184666 -0.03198772
0.06568424 -0.03255027
0.06962899 -0.03308002
0.07367992 -0.03357701
0.07783604 -0.03404133
0.08209632 -0.03447315
0.08645971 -0.03487270
0.09092514 -0.03524026
0.09549150 -0.03557619
0.10015767 -0.03588089
0.10492249 -0.03615482
0.10978480 -0.03639848
0.11474338 -0.03661244
0.11979702 -0.03679729
0.12494447 -0.03695369
0.13018445 -0.03708229
0.13551569 -0.03718382
0.14093685 -0.03725902
0.14644661 -0.03730865
0.15204360 -0.03733350
0.15772645 -0.03733438
0.16349374 -0.03731209
0.16934407 -0.03726746
0.17527598 -0.03720133
0.18128801 -0.03711453
0.18737867 -0.03700787
0.19354647 -0.03688219
0.19978989 -0.03673829
0.20610737 -0.03657698
0.21249737 -0.03639902
0.21895831 -0.03620519
0.22548859 -0.03599621
0.23208660 -0.03577281
0.23875072 -0.03553566
0.24547929 -0.03528543
0.25227067 -0.03502273
0.25912316 -0.03474816
0.26603509 -0.03446229
0.27300475 -0.03416564
0.28003042 -0.03385870
0.28711035 -0.03354194
0.29424282 -0.03321577
0.30142605 -0.03288059
0.30865828 -0.03253676
0.31593772 -0.03218461
0.32326258 -0.03182445
0.33063104 -0.03145654
0.33804129 -0.03108114
0.34549150 -0.03069848
0.35297984 -0.03030875
0.36050445 -0.02991215
0.36806348 -0.02950885
0.37565506 -0.02909902
0.38327732 -0.02868281
0.39092838 -0.02826036
0.39860635 -0.02783183
0.40630934 -0.02739735
0.41403545 -0.02695709
0.42178277 -0.02651120
0.42954938 -0.02605985
0.43733338 -0.02560322
0.44513284 -0.02514151
0.45294584 -0.02467493
0.46077045 -0.02420372
0.46860474 -0.02372814
0.47644677 -0.02324847
0.48429462 -0.02276502
0.49214634 -0.02227813
0.50000000 -0.02178816
0.50785366 -0.02129549
0.51570538 -0.02080056
0.52355323 -0.02030381
0.53139526 -0.01980571
0.53922955 -0.01930678
0.54705416 -0.01880754
0.55486716 -0.01830854
0.56266662 -0.01781036
0.57045062 -0.01731360
0.57821723 -0.01681887
0.58596455 -0.01632679
0.59369066 -0.01583802
0.60139365 -0.01535319
0.60907162 -0.01487297
0.61672268 -0.01439800
0.62434494 -0.01392894
0.63193652 -0.01346643
0.63949555 -0.01301111
0.64702016 -0.01256359
0.65450850 -0.01212449
0.66195871 -0.01169437
0.66936896 -0.01127379
0.67673742 -0.01086328
0.68406228 -0.01046331
0.69134172 -0.01007433
0.69857395 -0.00969677
0.70575718 -0.00933097
0.71288965 -0.00897725
0.71996958 -0.00863589
0.72699525 -0.00830709
0.73396491 -0.00799103
0.74087684 -0.00768781
0.74772933 -0.00739748
0.75452071 -0.00712004
0.76124928 -0.00685543
0.76791340 -0.00660353
0.77451141 -0.00636418
0.78104169 -0.00613715
0.78750263 -0.00592216
0.79389263 -0.00571888
0.80021011 -0.00552695
0.80645353 -0.00534593
0.81262133 -0.00517537
0.81871199 -0.00501477
0.82472402 -0.00486358
0.83065593 -0.00472125
0.83650626 -0.00458717
0.84227355 -0.00446075
0.84795640 -0.00434133
0.85355339 -0.00422829
0.85906315 -0.00412097
0.86448431 -0.00401871
0.86981555 -0.00392087
0.87505553 -0.00382681
0.88020298 -0.00373589
0.88525662 -0.00364751
0.89021520 -0.00356108
0.89507751 -0.00347604
0.89984233 -0.00339186
0.90450850 -0.00330803
0.90907486 -0.00322412
0.91354029 -0.00313969
0.91790368 -0.00305439
0.92216396 -0.00296790
0.92632008 -0.00287994
0.93037101 -0.00279029
0.93431576 -0.00269879
0.93815334 -0.00260532
0.94188282 -0.00250983
0.94550326 -0.00241231
0.94901379 -0.00231281
0.95241353 -0.00221143
0.95570164 -0.00210832
0.95887731 -0.00200368
0.96193977 -0.00189775
0.96488824 -0.00179083
0.96772202 -0.00168324
0.97044038 -0.00157535
0.97304268 -0.00146755
0.97552826 -0.00136028
0.97789651 -0.00125399
0.98014684 -0.00114914
0.98227871 -0.00104622
0.98429158 -0.00094573
0.98618496 -0.00084817
0.98795838 -0.00075404
0.98961141 -0.00066384
0.99114363 -0.00057806
0.99255466 -0.00049717
0.99384417 -0.00042162
0.99501183 -0.00035185
0.99605735 -0.00028826
0.99698048 -0.00023122
0.99778098 -0.00018107
0.99845867 -0.00013812
0.99901336 -0.00010261
0.99944494 -0.00007476
0.99975328 -0.00005475
0.99993832 -0.00004270
1.00000000 -0.00003867
