sample_1443
1.00000000 0.00155748
0.99993832 0.00157259
0.99975328 0.00161791
0.99944494 0.00169343
0.99901336 0.00179913
0.99845867 0.00193497
0.99778098 0.00210092
0.99698048 0.00229691
0.99605735 0.00252289
0.99501183 0.00277876
0.99384417 0.00306443
0.99255466 0.00337978
0.99114363 0.00372467
0.98961141 0.00409895
0.98795838 0.00450242
0.98618496 0.00493489
0.98429158 0.00539609
0.98227871 0.00588577
0.98014684 0.00640362
0.97789651 0.00694929
0.97552826 0.00752241
0.97304268 0.00812256
0.97044038 0.00874929
0.96772202 0.00940210
0.96488824 0.01008045
0.96193977 0.01078374
0.95887731 0.01151136
0.95570164 0.01226264
0.95241353 0.01303685
0.94901379 0.01383325
0.94550326 0.01465103
0.94188282 0.01548935
0.93815334 0.01634734
0.93431576 0.01722407
0.93037101 0.01811861
0.92632008 0.01902997
0.92216396 0.01995714
0.91790368 0.02089909
0.91354029 0.02185475
0.90907486 0.02282306
0.90450850 0.02380293
0.89984233 0.02479326
0.89507751 0.02579294
0.89021520 0.02680088
0.88525662 0.02781597
0.88020298 0.02883712
0.87505553 0.02986325
0.86981555 0.03089331
0.86448431 0.03192625
0.85906315 0.03296105
0.85355339 0.03399674
0.84795640 0.03503236
0.84227355 0.03606700
0.83650626 0.03709979
0.83065593 0.03812989
0.82472402 0.03915652
0.81871199 0.04017894
0.81262133 0.04119646
0.80645353 0.04220846
0.80021011 0.04321433
0.79389263 0.04421355
0.78750263 0.04520563
0.78104169 0.04619014
0.77451141 0.04716670
0.76791340 0.04813497
0.76124928 0.04909465
0.75452071 0.05004551
0.74772933 0.05098734
0.74087684 0.05191996
0.73396491 0.05284324
0.72699525 0.05375708
0.71996958 0.05466140
0.71288965 0.05555612
0.70575718 0.05644122
0.69857395 0.05731664
0.69134172 0.05818238
0.68406228 0.05903839
0.67673742 0.05988466
0.66936896 0.06072113
0.66195871 0.06154776
0.65450850 0.06236448
0.64702016 0.06317118
0.63949555 0.06396775
0.63193652 0.06475404
0.62434494 0.06552985
0.61672268 0.06629496
0.60907162 0.06704909
0.60139365 0.06779195
0.59369066 0.06852316
0.58596455 0.06924233
0.57821723 0.06994900
0.57045062 0.07064267
0.56266662 0.07132279
0.55486716 0.07198876
0.54705416 0.07263994
0.53922955 0.07327563
0.53139526 0.07389512
0.52355323 0.07449761
0.51570538 0.07508232
0.50785366 0.07564838
0.50000000 0.07619494
0.49214634 0.07672110
0.48429462 0.07722595
0.47644677 0.07770855
0.46860474 0.07816798
0.46077045 0.07860328
0.45294584 0.07901353
0.44513284 0.07939780
0.43733338 0.07975516
0.42954938 0.08008473
0.42178277 0.08038564
0.41403545 0.08065704
0.40630934 0.08089816
0.39860635 0.08110822
0.39092838 0.08128653
0.38327732 0.08143243
0.37565506 0.08154531
0.36806348 0.08162466
0.36050445 0.08166999
0.35297984 0.08168091
0.34549150 0.08165708
0.33804129 0.08159824
0.33063104 0.08150421
0.32326258 0.08137488
0.31593772 0.08121020
0.30865828 0.08101022
0.30142605 0.08077505
0.29424282 0.08050488
0.28711035 0.08019996
0.28003042 0.07986061
0.27300475 0.07948722
0.26603509 0.07908024
0.25912316 0.07864018
0.25227067 0.07816759
0.24547929 0.07766309
0.23875072 0.07712732
0.23208660 0.07656097
0.22548859 0.07596477
0.21895831 0.07533946
0.21249737 0.07468580
0.20610737 0.07400458
0.19978989 0.07329659
0.19354647 0.07256262
0.18737867 0.07180347
0.18128801 0.07101991
0.17527598 0.07021272
0.16934407 0.06938264
0.16349374 0.06853039
0.15772645 0.06765669
0.15204360 0.06676219
0.14644661 0.06584752
0.14093685 0.06491328
0.13551569 0.06396002
0.13018445 0.06298824
0.12494447 0.06199841
0.11979702 0.06099094
0.11474338 0.05996621
0.10978480 0.05892455
0.10492249 0.05786623
0.10015767 0.05679149
0.09549150 0.05570053
0.09092514 0.05459351
0.08645971 0.05347053
0.08209632 0.05233169
0.07783604 0.05117704
0.07367992 0.05000662
0.06962899 0.04882042
0.06568424 0.04761844
0.06184666 0.04640066
0.05811718 0.04516704
0.05449674 0.04391756
0.05098621 0.04265218
0.04758647 0.04137089
0.04429836 0.04007368
0.04112269 0.03876056
0.03806023 0.03743157
0.03511176 0.03608676
0.03227798 0.03472623
0.02955962 0.03335011
0.02695732 0.03195858
0.02447174 0.03055184
0.02210349 0.02913016
0.01985316 0.02769385
0.01772129 0.02624328
0.01570842 0.02477884
0.01381504 0.02330102
0.01204162 0.02181034
0.01038859 0.02030736
0.00885637 0.01879272
0.00744534 0.01726710
0.00615583 0.01573123
0.00498817 0.01418589
0.00394265 0.01263190
0.00301952 0.01107014
0.00221902 0.00950150
0.00154133 0.00792694
0.00098664 0.00634741
0.00055506 0.00476393
0.00024672 0.00317751
0.00006168 0.00158919
0.00000000 0.00000000
0.00006168 -0.00082816
0.00024672 -0.00165575
0.00055506 -0.00248220
0.00098664 -0.00330696
0.00154133 -0.00412944
0.00221902 -0.00494907
0.00301952 -0.00576529
0.00394265 -0.00657754
0.00498817 -0.00738524
0.00615583 -0.00818782
0.00744534 -0.00898472
0.00885637 -0.00977539
0.01038859 -0.01055925
0.01204162 -0.01133576
0.01381504 -0.01210435
0.01570842 -0.01286449
0.01772129 -0.01361563
0.01985316 -0.01435723
0.02210349 -0.01508877
0.02447174 -0.01580972
0.02695732 -0.01651959
0.02955962 -0.01721787
0.03227798 -0.01790407
0.03511176 -0.01857773
0.03806023 -0.01923840
0.04112269 -0.01988562
0.04429836 -0.02051899
0.04758647 -0.02113809
0.05098621 -0.02174255
0.05449674 -0.02233199
0.05811718 -0.02290610
0.06184666 -0.02346454
0.06568424 -0.02400702
0.06962899 -0.02453328
0.07367992 -0.02504308
0.07783604 -0.02553619
0.08209632 -0.02601243
0.08645971 -0.02647162
0.09092514 -0.02691364
0.09549150 -0.02733835
0.10015767 -0.02774568
0.10492249 -0.02813556
0.10978480 -0.02850793
0.11474338 -0.02886279
0.11979702 -0.02920013
0.12494447 -0.02951996
0.13018445 -0.02982232
0.13551569 -0.03010727
0.14093685 -0.03037487
0.14644661 -0.03062519
0.15204360 -0.03085833
0.15772645 -0.03107438
0.16349374 -0.03127344
0.16934407 -0.03145561
0.17527598 -0.03162101
0.18128801 -0.03176973
0.18737867 -0.03190188
0.19354647 -0.03201754
0.19978989 -0.03211682
0.20610737 -0.03219978
0.21249737 -0.03226649
0.21895831 -0.03231701
0.22548859 -0.03235138
0.23208660 -0.03236962
0.23875072 -0.03237174
0.24547929 -0.03235774
0.25227067 -0.03232759
0.25912316 -0.03228124
0.26603509 -0.03221864
0.27300475 -0.03213970
0.28003042 -0.03204435
0.28711035 -0.03193246
0.29424282 -0.03180393
0.30142605 -0.03165862
0.30865828 -0.03149639
0.31593772 -0.03131710
0.32326258 -0.03112058
0.33063104 -0.03090670
0.33804129 -0.03067530
0.34549150 -0.03042623
0.35297984 -0.03015936
0.36050445 -0.02987456
0.36806348 -0.02957172
0.37565506 -0.02925077
0.38327732 -0.02891163
0.39092838 -0.02855427
0.39860635 -0.02817869
0.40630934 -0.02778493
0.41403545 -0.02737304
0.42178277 -0.02694316
0.42954938 -0.02649545
0.43733338 -0.02603013
0.44513284 -0.02554745
0.45294584 -0.02504776
0.46077045 -0.02453142
0.46860474 -0.02399889
0.47644677 -0.02345068
0.48429462 -0.02288735
0.49214634 -0.02230955
0.50000000 -0.02171796
0.50785366 -0.02111336
0.51570538 -0.02049657
0.52355323 -0.01986848
0.53139526 -0.01923005
0.53922955 -0.01858229
0.54705416 -0.01792626
0.55486716 -0.01726309
0.56266662 -0.01659393
0.57045062 -0.01592001
0.57821723 -0.01524258
0.58596455 -0.01456293
0.59369066 -0.01388238
0.60139365 -0.01320226
0.60907162 -0.01252395
0.61672268 -0.01184881
0.62434494 -0.01117823
0.63193652 -0.01051357
0.63949555 -0.00985621
0.64702016 -0.00920749
0.65450850 -0.00856876
0.66195871 -0.00794130
0.66936896 -0.00732639
0.67673742 -0.00672524
0.68406228 -0.00613902
0.69134172 -0.00556885
0.69857395 -0.00501578
0.70575718 -0.00448079
0.71288965 -0.00396480
0.71996958 -0.00346865
0.72699525 -0.00299307
0.73396491 -0.00253874
0.74087684 -0.00210624
0.74772933 -0.00169604
0.75452071 -0.00130854
0.76124928 -0.00094403
0.76791340 -0.00060269
0.77451141 -0.00028464
0.78104169 0.00001012
0.78750263 0.00028171
0.79389263 0.00053029
0.80021011 0.00075615
0.80645353 0.00095967
0.81262133 0.00114130
0.81871199 0.00130159
0.82472402 0.00144113
0.83065593 0.00156064
0.83650626 0.00166085
0.84227355 0.00174259
0.84795640 0.00180673
0.85355339 0.00185420
0.85906315 0.00188595
0.86448431 0.00190297
0.86981555 0.00190631
0.87505553 0.00189700
0.88020298 0.00187611
0.88525662 0.00184470
0.89021520 0.00180384
0.89507751 0.00175459
0.89984233 0.00169799
0.90450850 0.00163507
0.90907486 0.00156682
0.91354029 0.00149423
0.91790368 0.00141820
0.92216396 0.00133964
0.92632008 0.00125938
0.93037101 0.00117822
0.93431576 0.00109688
0.93815334 0.00101605
0.94188282 0.00093635
0.94550326 0.00085834
0.94901379 0.00078252
0.95241353 0.00070932
0.95570164 0.00063911
0.95887731 0.00057222
0.96193977 0.00050888
0.96488824 0.00044929
0.96772202 0.00039360
0.97044038 0.00034188
0.97304268 0.00029416
0.97552826 0.00025044
0.97789651 0.00021064
0.98014684 0.00017468
0.98227871 0.00014243
0.98429158 0.00011371
0.98618496 0.00008835
0.98795838 0.00006614
0.98961141 0.00004685
0.99114363 0.00003025
0.99255466 0.00001611
0.99384417 0.00000417
0.99501183 -0.00000579
0.99605735 -0.00001401
0.99698048 -0.00002069
0.99778098 -0.00002605
0.99845867 -0.00003025
0.99901336 -0.00003347
0.99944494 -0.00003582
0.99975328 -0.00003743
0.99993832 -0.00003836
1.00000000 -0.00003867
