sample_980
1.00000000 0.00155748
0.99993832 0.00157072
0.99975328 0.00161047
0.99944494 0.00167679
0.99901336 0.00176979
0.99845867 0.00188963
0.99778098 0.00203650
0.99698048 0.00221062
0.99605735 0.00241227
0.99501183 0.00264173
0.99384417 0.00289931
0.99255466 0.00318537
0.99114363 0.00350024
0.98961141 0.00384429
0.98795838 0.00421788
0.98618496 0.00462138
0.98429158 0.00505513
0.98227871 0.00551948
0.98014684 0.00601473
0.97789651 0.00654118
0.97552826 0.00709907
0.97304268 0.00768861
0.97044038 0.00830998
0.96772202 0.00896328
0.96488824 0.00964858
0.96193977 0.01036586
0.95887731 0.01111505
0.95570164 0.01189603
0.95241353 0.01270857
0.94901379 0.01355240
0.94550326 0.01442716
0.94188282 0.01533240
0.93815334 0.01626762
0.93431576 0.01723222
0.93037101 0.01822553
0.92632008 0.01924682
0.92216396 0.02029527
0.91790368 0.02136999
0.91354029 0.02247005
0.90907486 0.02359442
0.90450850 0.02474204
0.89984233 0.02591179
0.89507751 0.02710251
0.89021520 0.02831299
0.88525662 0.02954199
0.88020298 0.03078826
0.87505553 0.03205049
0.86981555 0.03332740
0.86448431 0.03461768
0.85906315 0.03592002
0.85355339 0.03723312
0.84795640 0.03855569
0.84227355 0.03988648
0.83650626 0.04122425
0.83065593 0.04256779
0.82472402 0.04391593
0.81871199 0.04526754
0.81262133 0.04662156
0.80645353 0.04797694
0.80021011 0.04933272
0.79389263 0.05068799
0.78750263 0.05204187
0.78104169 0.05339357
0.77451141 0.05474235
0.76791340 0.05608754
0.76124928 0.05742849
0.75452071 0.05876466
0.74772933 0.06009554
0.74087684 0.06142065
0.73396491 0.06273959
0.72699525 0.06405199
0.71996958 0.06535752
0.71288965 0.06665588
0.70575718 0.06794680
0.69857395 0.06923004
0.69134172 0.07050535
0.68406228 0.07177251
0.67673742 0.07303129
0.66936896 0.07428147
0.66195871 0.07552278
0.65450850 0.07675497
0.64702016 0.07797774
0.63949555 0.07919076
0.63193652 0.08039366
0.62434494 0.08158602
0.61672268 0.08276736
0.60907162 0.08393717
0.60139365 0.08509485
0.59369066 0.08623973
0.58596455 0.08737110
0.57821723 0.08848814
0.57045062 0.08958997
0.56266662 0.09067565
0.55486716 0.09174413
0.54705416 0.09279431
0.53922955 0.09382500
0.53139526 0.09483494
0.52355323 0.09582281
0.51570538 0.09678719
0.50785366 0.09772664
0.50000000 0.09863962
0.49214634 0.09952458
0.48429462 0.10037988
0.47644677 0.10120389
0.46860474 0.10199489
0.46077045 0.10275120
0.45294584 0.10347108
0.44513284 0.10415281
0.43733338 0.10479466
0.42954938 0.10539493
0.42178277 0.10595192
0.41403545 0.10646399
0.40630934 0.10692953
0.39860635 0.10734699
0.39092838 0.10771487
0.38327732 0.10803175
0.37565506 0.10829630
0.36806348 0.10850727
0.36050445 0.10866351
0.35297984 0.10876397
0.34549150 0.10880772
0.33804129 0.10879395
0.33063104 0.10872196
0.32326258 0.10859120
0.31593772 0.10840123
0.30865828 0.10815178
0.30142605 0.10784267
0.29424282 0.10747390
0.28711035 0.10704560
0.28003042 0.10655803
0.27300475 0.10601160
0.26603509 0.10540685
0.25912316 0.10474445
0.25227067 0.10402522
0.24547929 0.10325009
0.23875072 0.10242010
0.23208660 0.10153643
0.22548859 0.10060036
0.21895831 0.09961326
0.21249737 0.09857659
0.20610737 0.09749193
0.19978989 0.09636089
0.19354647 0.09518518
0.18737867 0.09396656
0.18128801 0.09270684
0.17527598 0.09140786
0.16934407 0.09007152
0.16349374 0.08869970
0.15772645 0.08729434
0.15204360 0.08585733
0.14644661 0.08439060
0.14093685 0.08289605
0.13551569 0.08137555
0.13018445 0.07983095
0.12494447 0.07826407
0.11979702 0.07667666
0.11474338 0.07507045
0.10978480 0.07344710
0.10492249 0.07180821
0.10015767 0.07015531
0.09549150 0.06848987
0.09092514 0.06681330
0.08645971 0.06512690
0.08209632 0.06343193
0.07783604 0.06172954
0.07367992 0.06002084
0.06962899 0.05830682
0.06568424 0.05658842
0.06184666 0.05486649
0.05811718 0.05314181
0.05449674 0.05141508
0.05098621 0.04968694
0.04758647 0.04795795
0.04429836 0.04622860
0.04112269 0.04449933
0.03806023 0.04277051
0.03511176 0.04104246
0.03227798 0.03931544
0.02955962 0.03758968
0.02695732 0.03586535
0.02447174 0.03414258
0.02210349 0.03242145
0.01985316 0.03070205
0.01772129 0.02898440
0.01570842 0.02726850
0.01381504 0.02555434
0.01204162 0.02384189
0.01038859 0.02213110
0.00885637 0.02042188
0.00744534 0.01871418
0.00615583 0.01700790
0.00498817 0.01530294
0.00394265 0.01359921
0.00301952 0.01189659
0.00221902 0.01019498
0.00154133 0.00849426
0.00098664 0.00679431
0.00055506 0.00509504
0.00024672 0.00339630
0.00006168 0.00169800
0.00000000 0.00000000
0.00006168 -0.00140860
0.00024672 -0.00281576
0.00055506 -0.00422002
0.00098664 -0.00561993
0.00154133 -0.00701406
0.00221902 -0.00840097
0.00301952 -0.00977924
0.00394265 -0.01114745
0.00498817 -0.01250420
0.00615583 -0.01384810
0.00744534 -0.01517778
0.00885637 -0.01649188
0.01038859 -0.01778907
0.01204162 -0.01906804
0.01381504 -0.02032749
0.01570842 -0.02156617
0.01772129 -0.02278283
0.01985316 -0.02397627
0.02210349 -0.02514530
0.02447174 -0.02628879
0.02695732 -0.02740563
0.02955962 -0.02849474
0.03227798 -0.02955508
0.03511176 -0.03058566
0.03806023 -0.03158553
0.04112269 -0.03255377
0.04429836 -0.03348953
0.04758647 -0.03439198
0.05098621 -0.03526036
0.05449674 -0.03609394
0.05811718 -0.03689205
0.06184666 -0.03765408
0.06568424 -0.03837945
0.06962899 -0.03906768
0.07367992 -0.03971828
0.07783604 -0.04033088
0.08209632 -0.04090512
0.08645971 -0.04144073
0.09092514 -0.04193746
0.09549150 -0.04239516
0.10015767 -0.04281372
0.10492249 -0.04319307
0.10978480 -0.04353322
0.11474338 -0.04383424
0.11979702 -0.04409624
0.12494447 -0.04431940
0.13018445 -0.04450394
0.13551569 -0.04465015
0.14093685 -0.04475836
0.14644661 -0.04482898
0.15204360 -0.04486243
0.15772645 -0.04485921
0.16349374 -0.04481985
0.16934407 -0.04474495
0.17527598 -0.04463513
0.18128801 -0.04449106
0.18737867 -0.04431347
0.19354647 -0.04410309
0.19978989 -0.04386073
0.20610737 -0.04358721
0.21249737 -0.04328338
0.21895831 -0.04295014
0.22548859 -0.04258840
0.23208660 -0.04219912
0.23875072 -0.04178326
0.24547929 -0.04134182
0.25227067 -0.04087581
0.25912316 -0.04038626
0.26603509 -0.03987423
0.27300475 -0.03934077
0.28003042 -0.03878698
0.28711035 -0.03821393
0.29424282 -0.03762274
0.30142605 -0.03701449
0.30865828 -0.03639031
0.31593772 -0.03575132
0.32326258 -0.03509864
0.33063104 -0.03443339
0.33804129 -0.03375668
0.34549150 -0.03306966
0.35297984 -0.03237343
0.36050445 -0.03166910
0.36806348 -0.03095781
0.37565506 -0.03024063
0.38327732 -0.02951869
0.39092838 -0.02879306
0.39860635 -0.02806482
0.40630934 -0.02733505
0.41403545 -0.02660481
0.42178277 -0.02587513
0.42954938 -0.02514705
0.43733338 -0.02442160
0.44513284 -0.02369976
0.45294584 -0.02298251
0.46077045 -0.02227083
0.46860474 -0.02156566
0.47644677 -0.02086792
0.48429462 -0.02017850
0.49214634 -0.01949828
0.50000000 -0.01882810
0.50785366 -0.01816880
0.51570538 -0.01752116
0.52355323 -0.01688594
0.53139526 -0.01626386
0.53922955 -0.01565563
0.54705416 -0.01506190
0.55486716 -0.01448328
0.56266662 -0.01392037
0.57045062 -0.01337369
0.57821723 -0.01284375
0.58596455 -0.01233100
0.59369066 -0.01183583
0.60139365 -0.01135862
0.60907162 -0.01089966
0.61672268 -0.01045922
0.62434494 -0.01003749
0.63193652 -0.00963464
0.63949555 -0.00925075
0.64702016 -0.00888587
0.65450850 -0.00854000
0.66195871 -0.00821305
0.66936896 -0.00790491
0.67673742 -0.00761539
0.68406228 -0.00734425
0.69134172 -0.00709120
0.69857395 -0.00685589
0.70575718 -0.00663792
0.71288965 -0.00643683
0.71996958 -0.00625212
0.72699525 -0.00608322
0.73396491 -0.00592953
0.74087684 -0.00579040
0.74772933 -0.00566515
0.75452071 -0.00555303
0.76124928 -0.00545327
0.76791340 -0.00536508
0.77451141 -0.00528763
0.78104169 -0.00522005
0.78750263 -0.00516147
0.79389263 -0.00511099
0.80021011 -0.00506770
0.80645353 -0.00503068
0.81262133 -0.00499902
0.81871199 -0.00497179
0.82472402 -0.00494807
0.83065593 -0.00492696
0.83650626 -0.00490758
0.84227355 -0.00488905
0.84795640 -0.00487053
0.85355339 -0.00485120
0.85906315 -0.00483028
0.86448431 -0.00480704
0.86981555 -0.00478077
0.87505553 -0.00475082
0.88020298 -0.00471659
0.88525662 -0.00467752
0.89021520 -0.00463313
0.89507751 -0.00458298
0.89984233 -0.00452671
0.90450850 -0.00446400
0.90907486 -0.00439462
0.91354029 -0.00431840
0.91790368 -0.00423522
0.92216396 -0.00414505
0.92632008 -0.00404792
0.93037101 -0.00394393
0.93431576 -0.00383325
0.93815334 -0.00371610
0.94188282 -0.00359279
0.94550326 -0.00346366
0.94901379 -0.00332914
0.95241353 -0.00318969
0.95570164 -0.00304584
0.95887731 -0.00289816
0.96193977 -0.00274727
0.96488824 -0.00259382
0.96772202 -0.00243850
0.97044038 -0.00228204
0.97304268 -0.00212519
0.97552826 -0.00196870
0.97789651 -0.00181337
0.98014684 -0.00165998
0.98227871 -0.00150933
0.98429158 -0.00136220
0.98618496 -0.00121937
0.98795838 -0.00108162
0.98961141 -0.00094969
0.99114363 -0.00082431
0.99255466 -0.00070617
0.99384417 -0.00059592
0.99501183 -0.00049419
0.99605735 -0.00040154
0.99698048 -0.00031850
0.99778098 -0.00024555
0.99845867 -0.00018310
0.99901336 -0.00013151
0.99944494 -0.00009107
0.99975328 -0.00006201
0.99993832 -0.00004451
1.00000000 -0.00003867
