sample_945
1.00000000 0.00155748
0.99993832 0.00157297
0.99975328 0.00161944
0.99944494 0.00169694
0.99901336 0.00180553
0.99845867 0.00194529
0.99778098 0.00211633
0.99698048 0.00231878
0.99605735 0.00255278
0.99501183 0.00281848
0.99384417 0.00311604
0.99255466 0.00344563
0.99114363 0.00380741
0.98961141 0.00420153
0.98795838 0.00462815
0.98618496 0.00508739
0.98429158 0.00557936
0.98227871 0.00610413
0.98014684 0.00666176
0.97789651 0.00725224
0.97552826 0.00787555
0.97304268 0.00853158
0.97044038 0.00922021
0.96772202 0.00994124
0.96488824 0.01069440
0.96193977 0.01147936
0.95887731 0.01229573
0.95570164 0.01314305
0.95241353 0.01402078
0.94901379 0.01492829
0.94550326 0.01586490
0.94188282 0.01682985
0.93815334 0.01782229
0.93431576 0.01884131
0.93037101 0.01988594
0.92632008 0.02095510
0.92216396 0.02204770
0.91790368 0.02316254
0.91354029 0.02429839
0.90907486 0.02545397
0.90450850 0.02662794
0.89984233 0.02781891
0.89507751 0.02902549
0.89021520 0.03024624
0.88525662 0.03147970
0.88020298 0.03272440
0.87505553 0.03397887
0.86981555 0.03524163
0.86448431 0.03651123
0.85906315 0.03778622
0.85355339 0.03906517
0.84795640 0.04034670
0.84227355 0.04162946
0.83650626 0.04291214
0.83065593 0.04419349
0.82472402 0.04547232
0.81871199 0.04674749
0.81262133 0.04801794
0.80645353 0.04928266
0.80021011 0.05054073
0.79389263 0.05179132
0.78750263 0.05303366
0.78104169 0.05426705
0.77451141 0.05549089
0.76791340 0.05670466
0.76124928 0.05790790
0.75452071 0.05910025
0.74772933 0.06028141
0.74087684 0.06145116
0.73396491 0.06260932
0.72699525 0.06375581
0.71996958 0.06489059
0.71288965 0.06601366
0.70575718 0.06712508
0.69857395 0.06822493
0.69134172 0.06931335
0.68406228 0.07039047
0.67673742 0.07145645
0.66936896 0.07251146
0.66195871 0.07355567
0.65450850 0.07458922
0.64702016 0.07561227
0.63949555 0.07662491
0.63193652 0.07762724
0.62434494 0.07861930
0.61672268 0.07960107
0.60907162 0.08057250
0.60139365 0.08153348
0.59369066 0.08248381
0.58596455 0.08342325
0.57821723 0.08435147
0.57045062 0.08526806
0.56266662 0.08617255
0.55486716 0.08706437
0.54705416 0.08794287
0.53922955 0.08880731
0.53139526 0.08965689
0.52355323 0.09049071
0.51570538 0.09130779
0.50785366 0.09210708
0.50000000 0.09288745
0.49214634 0.09364772
0.48429462 0.09438663
0.47644677 0.09510287
0.46860474 0.09579507
0.46077045 0.09646182
0.45294584 0.09710168
0.44513284 0.09771319
0.43733338 0.09829484
0.42954938 0.09884514
0.42178277 0.09936258
0.41403545 0.09984566
0.40630934 0.10029290
0.39860635 0.10070283
0.39092838 0.10107404
0.38327732 0.10140514
0.37565506 0.10169480
0.36806348 0.10194175
0.36050445 0.10214477
0.35297984 0.10230276
0.34549150 0.10241464
0.33804129 0.10247947
0.33063104 0.10249637
0.32326258 0.10246458
0.31593772 0.10238344
0.30865828 0.10225238
0.30142605 0.10207097
0.29424282 0.10183886
0.28711035 0.10155584
0.28003042 0.10122180
0.27300475 0.10083675
0.26603509 0.10040082
0.25912316 0.09991423
0.25227067 0.09937734
0.24547929 0.09879060
0.23875072 0.09815455
0.23208660 0.09746986
0.22548859 0.09673727
0.21895831 0.09595761
0.21249737 0.09513181
0.20610737 0.09426085
0.19978989 0.09334580
0.19354647 0.09238779
0.18737867 0.09138800
0.18128801 0.09034765
0.17527598 0.08926802
0.16934407 0.08815040
0.16349374 0.08699614
0.15772645 0.08580656
0.15204360 0.08458304
0.14644661 0.08332692
0.14093685 0.08203958
0.13551569 0.08072235
0.13018445 0.07937657
0.12494447 0.07800356
0.11979702 0.07660460
0.11474338 0.07518094
0.10978480 0.07373381
0.10492249 0.07226439
0.10015767 0.07077382
0.09549150 0.06926318
0.09092514 0.06773354
0.08645971 0.06618589
0.08209632 0.06462118
0.07783604 0.06304030
0.07367992 0.06144412
0.06962899 0.05983342
0.06568424 0.05820897
0.06184666 0.05657146
0.05811718 0.05492155
0.05449674 0.05325987
0.05098621 0.05158697
0.04758647 0.04990341
0.04429836 0.04820968
0.04112269 0.04650624
0.03806023 0.04479354
0.03511176 0.04307199
0.03227798 0.04134198
0.02955962 0.03960387
0.02695732 0.03785803
0.02447174 0.03610480
0.02210349 0.03434450
0.01985316 0.03257746
0.01772129 0.03080400
0.01570842 0.02902445
0.01381504 0.02723911
0.01204162 0.02544832
0.01038859 0.02365239
0.00885637 0.02185166
0.00744534 0.02004647
0.00615583 0.01823717
0.00498817 0.01642411
0.00394265 0.01460765
0.00301952 0.01278817
0.00221902 0.01096604
0.00154133 0.00914166
0.00098664 0.00731542
0.00055506 0.00548773
0.00024672 0.00365899
0.00006168 0.00182960
0.00000000 0.00000000
0.00006168 -0.00123113
0.00024672 -0.00246016
0.00055506 -0.00368498
0.00098664 -0.00490350
0.00154133 -0.00611362
0.00221902 -0.00731328
0.00301952 -0.00850044
0.00394265 -0.00967307
0.00498817 -0.01082917
0.00615583 -0.01196678
0.00744534 -0.01308398
0.00885637 -0.01417888
0.01038859 -0.01524966
0.01204162 -0.01629452
0.01381504 -0.01731174
0.01570842 -0.01829965
0.01772129 -0.01925663
0.01985316 -0.02018116
0.02210349 -0.02107178
0.02447174 -0.02192710
0.02695732 -0.02274582
0.02955962 -0.02352674
0.03227798 -0.02426873
0.03511176 -0.02497076
0.03806023 -0.02563193
0.04112269 -0.02625140
0.04429836 -0.02682846
0.04758647 -0.02736252
0.05098621 -0.02785308
0.05449674 -0.02829978
0.05811718 -0.02870237
0.06184666 -0.02906071
0.06568424 -0.02937479
0.06962899 -0.02964473
0.07367992 -0.02987076
0.07783604 -0.03005325
0.08209632 -0.03019267
0.08645971 -0.03028963
0.09092514 -0.03034485
0.09549150 -0.03035916
0.10015767 -0.03033353
0.10492249 -0.03026901
0.10978480 -0.03016677
0.11474338 -0.03002808
0.11979702 -0.02985431
0.12494447 -0.02964691
0.13018445 -0.02940741
0.13551569 -0.02913745
0.14093685 -0.02883869
0.14644661 -0.02851288
0.15204360 -0.02816183
0.15772645 -0.02778737
0.16349374 -0.02739139
0.16934407 -0.02697578
0.17527598 -0.02654248
0.18128801 -0.02609340
0.18737867 -0.02563050
0.19354647 -0.02515567
0.19978989 -0.02467082
0.20610737 -0.02417783
0.21249737 -0.02367853
0.21895831 -0.02317470
0.22548859 -0.02266807
0.23208660 -0.02216032
0.23875072 -0.02165304
0.24547929 -0.02114776
0.25227067 -0.02064592
0.25912316 -0.02014886
0.26603509 -0.01965785
0.27300475 -0.01917405
0.28003042 -0.01869850
0.28711035 -0.01823217
0.29424282 -0.01777589
0.30142605 -0.01733039
0.30865828 -0.01689632
0.31593772 -0.01647418
0.32326258 -0.01606438
0.33063104 -0.01566723
0.33804129 -0.01528293
0.34549150 -0.01491157
0.35297984 -0.01455316
0.36050445 -0.01420761
0.36806348 -0.01387475
0.37565506 -0.01355431
0.38327732 -0.01324597
0.39092838 -0.01294934
0.39860635 -0.01266395
0.40630934 -0.01238929
0.41403545 -0.01212480
0.42178277 -0.01186990
0.42954938 -0.01162395
0.43733338 -0.01138632
0.44513284 -0.01115635
0.45294584 -0.01093338
0.46077045 -0.01071674
0.46860474 -0.01050580
0.47644677 -0.01029991
0.48429462 -0.01009847
0.49214634 -0.00990090
0.50000000 -0.00970667
0.50785366 -0.00951528
0.51570538 -0.00932627
0.52355323 -0.00913924
0.53139526 -0.00895386
0.53922955 -0.00876982
0.54705416 -0.00858691
0.55486716 -0.00840495
0.56266662 -0.00822382
0.57045062 -0.00804350
0.57821723 -0.00786398
0.58596455 -0.00768533
0.59369066 -0.00750770
0.60139365 -0.00733124
0.60907162 -0.00715620
0.61672268 -0.00698286
0.62434494 -0.00681151
0.63193652 -0.00664253
0.63949555 -0.00647629
0.64702016 -0.00631319
0.65450850 -0.00615367
0.66195871 -0.00599816
0.66936896 -0.00584709
0.67673742 -0.00570093
0.68406228 -0.00556008
0.69134172 -0.00542498
0.69857395 -0.00529602
0.70575718 -0.00517356
0.71288965 -0.00505795
0.71996958 -0.00494949
0.72699525 -0.00484842
0.73396491 -0.00475495
0.74087684 -0.00466923
0.74772933 -0.00459135
0.75452071 -0.00452135
0.76124928 -0.00445921
0.76791340 -0.00440483
0.77451141 -0.00435805
0.78104169 -0.00431866
0.78750263 -0.00428636
0.79389263 -0.00426081
0.80021011 -0.00424159
0.80645353 -0.00422824
0.81262133 -0.00422022
0.81871199 -0.00421696
0.82472402 -0.00421783
0.83065593 -0.00422216
0.83650626 -0.00422924
0.84227355 -0.00423834
0.84795640 -0.00424870
0.85355339 -0.00425952
0.85906315 -0.00427004
0.86448431 -0.00427945
0.86981555 -0.00428696
0.87505553 -0.00429181
0.88020298 -0.00429323
0.88525662 -0.00429050
0.89021520 -0.00428291
0.89507751 -0.00426983
0.89984233 -0.00425065
0.90450850 -0.00422481
0.90907486 -0.00419183
0.91354029 -0.00415129
0.91790368 -0.00410284
0.92216396 -0.00404620
0.92632008 -0.00398117
0.93037101 -0.00390765
0.93431576 -0.00382560
0.93815334 -0.00373507
0.94188282 -0.00363622
0.94550326 -0.00352927
0.94901379 -0.00341452
0.95241353 -0.00329239
0.95570164 -0.00316334
0.95887731 -0.00302792
0.96193977 -0.00288678
0.96488824 -0.00274059
0.96772202 -0.00259013
0.97044038 -0.00243620
0.97304268 -0.00227968
0.97552826 -0.00212147
0.97789651 -0.00196251
0.98014684 -0.00180379
0.98227871 -0.00164628
0.98429158 -0.00149100
0.98618496 -0.00133895
0.98795838 -0.00119112
0.98961141 -0.00104850
0.99114363 -0.00091205
0.99255466 -0.00078270
0.99384417 -0.00066133
0.99501183 -0.00054878
0.99605735 -0.00044583
0.99698048 -0.00035321
0.99778098 -0.00027156
0.99845867 -0.00020146
0.99901336 -0.00014342
0.99944494 -0.00009784
0.99975328 -0.00006505
0.99993832 -0.00004528
1.00000000 -0.00003867
