sample_361
1.00000000 0.00155748
0.99993832 0.00157457
0.99975328 0.00162585
0.99944494 0.00171131
0.99901336 0.00183092
0.99845867 0.00198467
0.99778098 0.00217252
0.99698048 0.00239443
0.99605735 0.00265037
0.99501183 0.00294025
0.99384417 0.00326402
0.99255466 0.00362159
0.99114363 0.00401286
0.98961141 0.00443772
0.98795838 0.00489604
0.98618496 0.00538767
0.98429158 0.00591243
0.98227871 0.00647014
0.98014684 0.00706059
0.97789651 0.00768352
0.97552826 0.00833869
0.97304268 0.00902580
0.97044038 0.00974452
0.96772202 0.01049451
0.96488824 0.01127539
0.96193977 0.01208674
0.95887731 0.01292813
0.95570164 0.01379907
0.95241353 0.01469906
0.94901379 0.01562756
0.94550326 0.01658399
0.94188282 0.01756774
0.93815334 0.01857819
0.93431576 0.01961466
0.93037101 0.02067645
0.92632008 0.02176284
0.92216396 0.02287307
0.91790368 0.02400636
0.91354029 0.02516190
0.90907486 0.02633887
0.90450850 0.02753641
0.89984233 0.02875366
0.89507751 0.02998972
0.89021520 0.03124371
0.88525662 0.03251470
0.88020298 0.03380177
0.87505553 0.03510398
0.86981555 0.03642041
0.86448431 0.03775010
0.85906315 0.03909212
0.85355339 0.04044551
0.84795640 0.04180933
0.84227355 0.04318264
0.83650626 0.04456451
0.83065593 0.04595401
0.82472402 0.04735022
0.81871199 0.04875223
0.81262133 0.05015913
0.80645353 0.05157003
0.80021011 0.05298405
0.79389263 0.05440033
0.78750263 0.05581799
0.78104169 0.05723620
0.77451141 0.05865412
0.76791340 0.06007091
0.76124928 0.06148575
0.75452071 0.06289784
0.74772933 0.06430637
0.74087684 0.06571054
0.73396491 0.06710955
0.72699525 0.06850260
0.71996958 0.06988892
0.71288965 0.07126769
0.70575718 0.07263813
0.69857395 0.07399943
0.69134172 0.07535079
0.68406228 0.07669138
0.67673742 0.07802039
0.66936896 0.07933698
0.66195871 0.08064030
0.65450850 0.08192948
0.64702016 0.08320365
0.63949555 0.08446192
0.63193652 0.08570338
0.62434494 0.08692709
0.61672268 0.08813211
0.60907162 0.08931749
0.60139365 0.09048225
0.59369066 0.09162538
0.58596455 0.09274589
0.57821723 0.09384275
0.57045062 0.09491493
0.56266662 0.09596137
0.55486716 0.09698103
0.54705416 0.09797284
0.53922955 0.09893574
0.53139526 0.09986867
0.52355323 0.10077055
0.51570538 0.10164035
0.50785366 0.10247701
0.50000000 0.10327949
0.49214634 0.10404679
0.48429462 0.10477790
0.47644677 0.10547185
0.46860474 0.10612771
0.46077045 0.10674456
0.45294584 0.10732152
0.44513284 0.10785778
0.43733338 0.10835253
0.42954938 0.10880504
0.42178277 0.10921462
0.41403545 0.10958064
0.40630934 0.10990252
0.39860635 0.11017975
0.39092838 0.11041186
0.38327732 0.11059849
0.37565506 0.11073929
0.36806348 0.11083402
0.36050445 0.11088250
0.35297984 0.11088460
0.34549150 0.11084029
0.33804129 0.11074958
0.33063104 0.11061257
0.32326258 0.11042941
0.31593772 0.11020033
0.30865828 0.10992563
0.30142605 0.10960564
0.29424282 0.10924078
0.28711035 0.10883152
0.28003042 0.10837836
0.27300475 0.10788188
0.26603509 0.10734268
0.25912316 0.10676141
0.25227067 0.10613876
0.24547929 0.10547543
0.23875072 0.10477219
0.23208660 0.10402977
0.22548859 0.10324898
0.21895831 0.10243059
0.21249737 0.10157540
0.20610737 0.10068420
0.19978989 0.09975781
0.19354647 0.09879699
0.18737867 0.09780253
0.18128801 0.09677518
0.17527598 0.09571568
0.16934407 0.09462474
0.16349374 0.09350306
0.15772645 0.09235129
0.15204360 0.09117005
0.14644661 0.08995994
0.14093685 0.08872151
0.13551569 0.08745528
0.13018445 0.08616173
0.12494447 0.08484129
0.11979702 0.08349439
0.11474338 0.08212138
0.10978480 0.08072260
0.10492249 0.07929834
0.10015767 0.07784887
0.09549150 0.07637443
0.09092514 0.07487523
0.08645971 0.07335145
0.08209632 0.07180325
0.07783604 0.07023080
0.07367992 0.06863421
0.06962899 0.06701362
0.06568424 0.06536916
0.06184666 0.06370094
0.05811718 0.06200910
0.05449674 0.06029378
0.05098621 0.05855513
0.04758647 0.05679332
0.04429836 0.05500855
0.04112269 0.05320104
0.03806023 0.05137105
0.03511176 0.04951887
0.03227798 0.04764482
0.02955962 0.04574929
0.02695732 0.04383268
0.02447174 0.04189547
0.02210349 0.03993817
0.01985316 0.03796135
0.01772129 0.03596564
0.01570842 0.03395170
0.01381504 0.03192027
0.01204162 0.02987213
0.01038859 0.02780812
0.00885637 0.02572914
0.00744534 0.02363612
0.00615583 0.02153007
0.00498817 0.01941201
0.00394265 0.01728303
0.00301952 0.01514426
0.00221902 0.01299687
0.00154133 0.01084203
0.00098664 0.00868099
0.00055506 0.00651499
0.00024672 0.00434530
0.00006168 0.00217320
0.00000000 0.00000000
0.00006168 -0.00126172
0.00024672 -0.00252124
0.00055506 -0.00377638
0.00098664 -0.00502496
0.00154133 -0.00626484
0.00221902 -0.00749389
0.00301952 -0.00871005
0.00394265 -0.00991128
0.00498817 -0.01109562
0.00615583 -0.01226115
0.00744534 -0.01340604
0.00885637 -0.01452851
0.01038859 -0.01562690
0.01204162 -0.01669959
0.01381504 -0.01774510
0.01570842 -0.01876201
0.01772129 -0.01974903
0.01985316 -0.02070495
0.02210349 -0.02162867
0.02447174 -0.02251923
0.02695732 -0.02337575
0.02955962 -0.02419747
0.03227798 -0.02498376
0.03511176 -0.02573409
0.03806023 -0.02644805
0.04112269 -0.02712534
0.04429836 -0.02776578
0.04758647 -0.02836930
0.05098621 -0.02893592
0.05449674 -0.02946578
0.05811718 -0.02995914
0.06184666 -0.03041632
0.06568424 -0.03083776
0.06962899 -0.03122399
0.07367992 -0.03157560
0.07783604 -0.03189329
0.08209632 -0.03217781
0.08645971 -0.03242999
0.09092514 -0.03265072
0.09549150 -0.03284093
0.10015767 -0.03300164
0.10492249 -0.03313386
0.10978480 -0.03323867
0.11474338 -0.03331718
0.11979702 -0.03337050
0.12494447 -0.03339979
0.13018445 -0.03340619
0.13551569 -0.03339087
0.14093685 -0.03335497
0.14644661 -0.03329966
0.15204360 -0.03322607
0.15772645 -0.03313532
0.16349374 -0.03302851
0.16934407 -0.03290671
0.17527598 -0.03277096
0.18128801 -0.03262227
0.18737867 -0.03246159
0.19354647 -0.03228987
0.19978989 -0.03210797
0.20610737 -0.03191674
0.21249737 -0.03171695
0.21895831 -0.03150934
0.22548859 -0.03129460
0.23208660 -0.03107336
0.23875072 -0.03084620
0.24547929 -0.03061365
0.25227067 -0.03037618
0.25912316 -0.03013423
0.26603509 -0.02988817
0.27300475 -0.02963833
0.28003042 -0.02938500
0.28711035 -0.02912842
0.29424282 -0.02886880
0.30142605 -0.02860629
0.30865828 -0.02834104
0.31593772 -0.02807312
0.32326258 -0.02780263
0.33063104 -0.02752958
0.33804129 -0.02725402
0.34549150 -0.02697594
0.35297984 -0.02669532
0.36050445 -0.02641215
0.36806348 -0.02612640
0.37565506 -0.02583803
0.38327732 -0.02554701
0.39092838 -0.02525329
0.39860635 -0.02495686
0.40630934 -0.02465769
0.41403545 -0.02435577
0.42178277 -0.02405110
0.42954938 -0.02374371
0.43733338 -0.02343363
0.44513284 -0.02312092
0.45294584 -0.02280564
0.46077045 -0.02248791
0.46860474 -0.02216783
0.47644677 -0.02184556
0.48429462 -0.02152125
0.49214634 -0.02119511
0.50000000 -0.02086733
0.50785366 -0.02053817
0.51570538 -0.02020787
0.52355323 -0.01987670
0.53139526 -0.01954498
0.53922955 -0.01921300
0.54705416 -0.01888110
0.55486716 -0.01854962
0.56266662 -0.01821891
0.57045062 -0.01788932
0.57821723 -0.01756124
0.58596455 -0.01723501
0.59369066 -0.01691103
0.60139365 -0.01658964
0.60907162 -0.01627122
0.61672268 -0.01595611
0.62434494 -0.01564467
0.63193652 -0.01533721
0.63949555 -0.01503405
0.64702016 -0.01473549
0.65450850 -0.01444178
0.66195871 -0.01415319
0.66936896 -0.01386994
0.67673742 -0.01359220
0.68406228 -0.01332016
0.69134172 -0.01305393
0.69857395 -0.01279362
0.70575718 -0.01253929
0.71288965 -0.01229097
0.71996958 -0.01204867
0.72699525 -0.01181232
0.73396491 -0.01158188
0.74087684 -0.01135721
0.74772933 -0.01113819
0.75452071 -0.01092463
0.76124928 -0.01071632
0.76791340 -0.01051303
0.77451141 -0.01031449
0.78104169 -0.01012041
0.78750263 -0.00993048
0.79389263 -0.00974434
0.80021011 -0.00956166
0.80645353 -0.00938205
0.81262133 -0.00920513
0.81871199 -0.00903050
0.82472402 -0.00885778
0.83065593 -0.00868655
0.83650626 -0.00851641
0.84227355 -0.00834697
0.84795640 -0.00817784
0.85355339 -0.00800863
0.85906315 -0.00783899
0.86448431 -0.00766858
0.86981555 -0.00749706
0.87505553 -0.00732415
0.88020298 -0.00714957
0.88525662 -0.00697308
0.89021520 -0.00679447
0.89507751 -0.00661357
0.89984233 -0.00643026
0.90450850 -0.00624442
0.90907486 -0.00605602
0.91354029 -0.00586503
0.91790368 -0.00567148
0.92216396 -0.00547546
0.92632008 -0.00527708
0.93037101 -0.00507650
0.93431576 -0.00487393
0.93815334 -0.00466961
0.94188282 -0.00446384
0.94550326 -0.00425694
0.94901379 -0.00404928
0.95241353 -0.00384128
0.95570164 -0.00363336
0.95887731 -0.00342600
0.96193977 -0.00321970
0.96488824 -0.00301498
0.96772202 -0.00281240
0.97044038 -0.00261252
0.97304268 -0.00241592
0.97552826 -0.00222321
0.97789651 -0.00203498
0.98014684 -0.00185184
0.98227871 -0.00167440
0.98429158 -0.00150326
0.98618496 -0.00133902
0.98795838 -0.00118226
0.98961141 -0.00103353
0.99114363 -0.00089340
0.99255466 -0.00076239
0.99384417 -0.00064098
0.99501183 -0.00052964
0.99605735 -0.00042881
0.99698048 -0.00033888
0.99778098 -0.00026020
0.99845867 -0.00019308
0.99901336 -0.00013779
0.99944494 -0.00009456
0.99975328 -0.00006355
0.99993832 -0.00004490
1.00000000 -0.00003867
