sample_770
1.00000000 0.00155748
0.99993832 0.00157508
0.99975328 0.00162787
0.99944494 0.00171583
0.99901336 0.00183893
0.99845867 0.00199711
0.99778098 0.00219030
0.99698048 0.00241842
0.99605735 0.00268136
0.99501183 0.00297901
0.99384417 0.00331122
0.99255466 0.00367783
0.99114363 0.00407865
0.98961141 0.00451347
0.98795838 0.00498204
0.98618496 0.00548411
0.98429158 0.00601938
0.98227871 0.00658752
0.98014684 0.00718816
0.97789651 0.00782092
0.97552826 0.00848537
0.97304268 0.00918104
0.97044038 0.00990742
0.96772202 0.01066398
0.96488824 0.01145014
0.96193977 0.01226527
0.95887731 0.01310872
0.95570164 0.01397980
0.95241353 0.01487776
0.94901379 0.01580185
0.94550326 0.01675124
0.94188282 0.01772509
0.93815334 0.01872254
0.93431576 0.01974267
0.93037101 0.02078454
0.92632008 0.02184720
0.92216396 0.02292966
0.91790368 0.02403091
0.91354029 0.02514993
0.90907486 0.02628568
0.90450850 0.02743711
0.89984233 0.02860317
0.89507751 0.02978280
0.89021520 0.03097495
0.88525662 0.03217855
0.88020298 0.03339258
0.87505553 0.03461600
0.86981555 0.03584779
0.86448431 0.03708697
0.85906315 0.03833256
0.85355339 0.03958362
0.84795640 0.04083925
0.84227355 0.04209855
0.83650626 0.04336069
0.83065593 0.04462486
0.82472402 0.04589029
0.81871199 0.04715626
0.81262133 0.04842209
0.80645353 0.04968712
0.80021011 0.05095078
0.79389263 0.05221249
0.78750263 0.05347175
0.78104169 0.05472809
0.77451141 0.05598107
0.76791340 0.05723030
0.76124928 0.05847542
0.75452071 0.05971610
0.74772933 0.06095205
0.74087684 0.06218299
0.73396491 0.06340867
0.72699525 0.06462886
0.71996958 0.06584333
0.71288965 0.06705188
0.70575718 0.06825429
0.69857395 0.06945035
0.69134172 0.07063985
0.68406228 0.07182254
0.67673742 0.07299818
0.66936896 0.07416650
0.66195871 0.07532719
0.65450850 0.07647991
0.64702016 0.07762430
0.63949555 0.07875993
0.63193652 0.07988633
0.62434494 0.08100300
0.61672268 0.08210935
0.60907162 0.08320476
0.60139365 0.08428853
0.59369066 0.08535990
0.58596455 0.08641806
0.57821723 0.08746210
0.57045062 0.08849107
0.56266662 0.08950395
0.55486716 0.09049963
0.54705416 0.09147697
0.53922955 0.09243473
0.53139526 0.09337163
0.52355323 0.09428632
0.51570538 0.09517739
0.50785366 0.09604340
0.50000000 0.09688283
0.49214634 0.09769416
0.48429462 0.09847578
0.47644677 0.09922610
0.46860474 0.09994349
0.46077045 0.10062628
0.45294584 0.10127282
0.44513284 0.10188146
0.43733338 0.10245053
0.42954938 0.10297840
0.42178277 0.10346346
0.41403545 0.10390411
0.40630934 0.10429881
0.39860635 0.10464607
0.39092838 0.10494445
0.38327732 0.10519257
0.37565506 0.10538912
0.36806348 0.10553289
0.36050445 0.10562274
0.35297984 0.10565763
0.34549150 0.10563661
0.33804129 0.10555886
0.33063104 0.10542364
0.32326258 0.10523037
0.31593772 0.10497856
0.30865828 0.10466784
0.30142605 0.10429800
0.29424282 0.10386894
0.28711035 0.10338070
0.28003042 0.10283344
0.27300475 0.10222748
0.26603509 0.10156326
0.25912316 0.10084136
0.25227067 0.10006248
0.24547929 0.09922746
0.23875072 0.09833727
0.23208660 0.09739299
0.22548859 0.09639583
0.21895831 0.09534711
0.21249737 0.09424826
0.20610737 0.09310082
0.19978989 0.09190641
0.19354647 0.09066675
0.18737867 0.08938365
0.18128801 0.08805897
0.17527598 0.08669467
0.16934407 0.08529275
0.16349374 0.08385525
0.15772645 0.08238428
0.15204360 0.08088196
0.14644661 0.07935044
0.14093685 0.07779191
0.13551569 0.07620852
0.13018445 0.07460247
0.12494447 0.07297592
0.11979702 0.07133102
0.11474338 0.06966990
0.10978480 0.06799465
0.10492249 0.06630732
0.10015767 0.06460992
0.09549150 0.06290440
0.09092514 0.06119265
0.08645971 0.05947650
0.08209632 0.05775769
0.07783604 0.05603791
0.07367992 0.05431874
0.06962899 0.05260170
0.06568424 0.05088821
0.06184666 0.04917959
0.05811718 0.04747708
0.05449674 0.04578180
0.05098621 0.04409480
0.04758647 0.04241701
0.04429836 0.04074927
0.04112269 0.03909230
0.03806023 0.03744673
0.03511176 0.03581310
0.03227798 0.03419183
0.02955962 0.03258326
0.02695732 0.03098762
0.02447174 0.02940504
0.02210349 0.02783557
0.01985316 0.02627916
0.01772129 0.02473569
0.01570842 0.02320493
0.01381504 0.02168659
0.01204162 0.02018029
0.01038859 0.01868559
0.00885637 0.01720197
0.00744534 0.01572884
0.00615583 0.01426557
0.00498817 0.01281145
0.00394265 0.01136575
0.00301952 0.00992765
0.00221902 0.00849634
0.00154133 0.00707093
0.00098664 0.00565052
0.00055506 0.00423418
0.00024672 0.00282096
0.00006168 0.00140989
0.00000000 0.00000000
0.00006168 -0.00059295
0.00024672 -0.00118550
0.00055506 -0.00177724
0.00098664 -0.00236778
0.00154133 -0.00295671
0.00221902 -0.00354361
0.00301952 -0.00412807
0.00394265 -0.00470968
0.00498817 -0.00528800
0.00615583 -0.00586263
0.00744534 -0.00643313
0.00885637 -0.00699906
0.01038859 -0.00755999
0.01204162 -0.00811548
0.01381504 -0.00866507
0.01570842 -0.00920832
0.01772129 -0.00974479
0.01985316 -0.01027401
0.02210349 -0.01079555
0.02447174 -0.01130893
0.02695732 -0.01181373
0.02955962 -0.01230948
0.03227798 -0.01279576
0.03511176 -0.01327213
0.03806023 -0.01373816
0.04112269 -0.01419345
0.04429836 -0.01463758
0.04758647 -0.01507018
0.05098621 -0.01549086
0.05449674 -0.01589928
0.05811718 -0.01629510
0.06184666 -0.01667800
0.06568424 -0.01704770
0.06962899 -0.01740392
0.07367992 -0.01774642
0.07783604 -0.01807499
0.08209632 -0.01838943
0.08645971 -0.01868960
0.09092514 -0.01897535
0.09549150 -0.01924659
0.10015767 -0.01950325
0.10492249 -0.01974528
0.10978480 -0.01997268
0.11474338 -0.02018547
0.11979702 -0.02038368
0.12494447 -0.02056741
0.13018445 -0.02073675
0.13551569 -0.02089184
0.14093685 -0.02103281
0.14644661 -0.02115986
0.15204360 -0.02127318
0.15772645 -0.02137298
0.16349374 -0.02145949
0.16934407 -0.02153296
0.17527598 -0.02159364
0.18128801 -0.02164181
0.18737867 -0.02167774
0.19354647 -0.02170170
0.19978989 -0.02171397
0.20610737 -0.02171484
0.21249737 -0.02170457
0.21895831 -0.02168343
0.22548859 -0.02165170
0.23208660 -0.02160961
0.23875072 -0.02155740
0.24547929 -0.02149531
0.25227067 -0.02142353
0.25912316 -0.02134227
0.26603509 -0.02125170
0.27300475 -0.02115197
0.28003042 -0.02104322
0.28711035 -0.02092556
0.29424282 -0.02079910
0.30142605 -0.02066391
0.30865828 -0.02052005
0.31593772 -0.02036756
0.32326258 -0.02020647
0.33063104 -0.02003679
0.33804129 -0.01985851
0.34549150 -0.01967162
0.35297984 -0.01947610
0.36050445 -0.01927192
0.36806348 -0.01905904
0.37565506 -0.01883743
0.38327732 -0.01860705
0.39092838 -0.01836788
0.39860635 -0.01811990
0.40630934 -0.01786311
0.41403545 -0.01759750
0.42178277 -0.01732310
0.42954938 -0.01703996
0.43733338 -0.01674815
0.44513284 -0.01644775
0.45294584 -0.01613891
0.46077045 -0.01582177
0.46860474 -0.01549654
0.47644677 -0.01516342
0.48429462 -0.01482270
0.49214634 -0.01447468
0.50000000 -0.01411970
0.50785366 -0.01375816
0.51570538 -0.01339047
0.52355323 -0.01301712
0.53139526 -0.01263861
0.53922955 -0.01225550
0.54705416 -0.01186837
0.55486716 -0.01147785
0.56266662 -0.01108461
0.57045062 -0.01068933
0.57821723 -0.01029276
0.58596455 -0.00989562
0.59369066 -0.00949871
0.60139365 -0.00910281
0.60907162 -0.00870872
0.61672268 -0.00831727
0.62434494 -0.00792929
0.63193652 -0.00754559
0.63949555 -0.00716699
0.64702016 -0.00679431
0.65450850 -0.00642835
0.66195871 -0.00606988
0.66936896 -0.00571966
0.67673742 -0.00537841
0.68406228 -0.00504682
0.69134172 -0.00472555
0.69857395 -0.00441521
0.70575718 -0.00411635
0.71288965 -0.00382949
0.71996958 -0.00355507
0.72699525 -0.00329351
0.73396491 -0.00304513
0.74087684 -0.00281020
0.74772933 -0.00258894
0.75452071 -0.00238149
0.76124928 -0.00218791
0.76791340 -0.00200821
0.77451141 -0.00184233
0.78104169 -0.00169014
0.78750263 -0.00155144
0.79389263 -0.00142597
0.80021011 -0.00131341
0.80645353 -0.00121336
0.81262133 -0.00112539
0.81871199 -0.00104900
0.82472402 -0.00098364
0.83065593 -0.00092873
0.83650626 -0.00088364
0.84227355 -0.00084770
0.84795640 -0.00082020
0.85355339 -0.00080044
0.85906315 -0.00078766
0.86448431 -0.00078112
0.86981555 -0.00078005
0.87505553 -0.00078368
0.88020298 -0.00079125
0.88525662 -0.00080202
0.89021520 -0.00081525
0.89507751 -0.00083022
0.89984233 -0.00084624
0.90450850 -0.00086265
0.90907486 -0.00087884
0.91354029 -0.00089422
0.91790368 -0.00090826
0.92216396 -0.00092045
0.92632008 -0.00093037
0.93037101 -0.00093762
0.93431576 -0.00094187
0.93815334 -0.00094285
0.94188282 -0.00094034
0.94550326 -0.00093418
0.94901379 -0.00092427
0.95241353 -0.00091056
0.95570164 -0.00089308
0.95887731 -0.00087188
0.96193977 -0.00084708
0.96488824 -0.00081887
0.96772202 -0.00078746
0.97044038 -0.00075310
0.97304268 -0.00071611
0.97552826 -0.00067681
0.97789651 -0.00063559
0.98014684 -0.00059283
0.98227871 -0.00054895
0.98429158 -0.00050439
0.98618496 -0.00045960
0.98795838 -0.00041502
0.98961141 -0.00037111
0.99114363 -0.00032831
0.99255466 -0.00028707
0.99384417 -0.00024782
0.99501183 -0.00021094
0.99605735 -0.00017684
0.99698048 -0.00014586
0.99778098 -0.00011833
0.99845867 -0.00009452
0.99901336 -0.00007470
0.99944494 -0.00005906
0.99975328 -0.00004777
0.99993832 -0.00004095
1.00000000 -0.00003867
