sample_1051
1.00000000 0.00155748
0.99993832 0.00157104
0.99975328 0.00161172
0.99944494 0.00167961
0.99901336 0.00177480
0.99845867 0.00189743
0.99778098 0.00204769
0.99698048 0.00222579
0.99605735 0.00243199
0.99501183 0.00266657
0.99384417 0.00292983
0.99255466 0.00322209
0.99114363 0.00354371
0.98961141 0.00389503
0.98795838 0.00427641
0.98618496 0.00468822
0.98429158 0.00513082
0.98227871 0.00560454
0.98014684 0.00610973
0.97789651 0.00664668
0.97552826 0.00721569
0.97304268 0.00781700
0.97044038 0.00845081
0.96772202 0.00911731
0.96488824 0.00981660
0.96193977 0.01054875
0.95887731 0.01131377
0.95570164 0.01211161
0.95241353 0.01294214
0.94901379 0.01380518
0.94550326 0.01470048
0.94188282 0.01562770
0.93815334 0.01658643
0.93431576 0.01757621
0.93037101 0.01859648
0.92632008 0.01964661
0.92216396 0.02072589
0.91790368 0.02183355
0.91354029 0.02296874
0.90907486 0.02413054
0.90450850 0.02531797
0.89984233 0.02652999
0.89507751 0.02776547
0.89021520 0.02902327
0.88525662 0.03030217
0.88020298 0.03160090
0.87505553 0.03291817
0.86981555 0.03425264
0.86448431 0.03560293
0.85906315 0.03696766
0.85355339 0.03834541
0.84795640 0.03973475
0.84227355 0.04113424
0.83650626 0.04254244
0.83065593 0.04395793
0.82472402 0.04537925
0.81871199 0.04680501
0.81262133 0.04823379
0.80645353 0.04966422
0.80021011 0.05109494
0.79389263 0.05252464
0.78750263 0.05395201
0.78104169 0.05537581
0.77451141 0.05679482
0.76791340 0.05820786
0.76124928 0.05961379
0.75452071 0.06101153
0.74772933 0.06240002
0.74087684 0.06377826
0.73396491 0.06514528
0.72699525 0.06650017
0.71996958 0.06784205
0.71288965 0.06917008
0.70575718 0.07048346
0.69857395 0.07178142
0.69134172 0.07306323
0.68406228 0.07432818
0.67673742 0.07557561
0.66936896 0.07680485
0.66195871 0.07801527
0.65450850 0.07920625
0.64702016 0.08037720
0.63949555 0.08152751
0.63193652 0.08265659
0.62434494 0.08376386
0.61672268 0.08484872
0.60907162 0.08591058
0.60139365 0.08694883
0.59369066 0.08796287
0.58596455 0.08895206
0.57821723 0.08991576
0.57045062 0.09085331
0.56266662 0.09176403
0.55486716 0.09264723
0.54705416 0.09350218
0.53922955 0.09432814
0.53139526 0.09512435
0.52355323 0.09589004
0.51570538 0.09662440
0.50785366 0.09732662
0.50000000 0.09799586
0.49214634 0.09863128
0.48429462 0.09923203
0.47644677 0.09979724
0.46860474 0.10032605
0.46077045 0.10081759
0.45294584 0.10127100
0.44513284 0.10168544
0.43733338 0.10206006
0.42954938 0.10239404
0.42178277 0.10268658
0.41403545 0.10293692
0.40630934 0.10314431
0.39860635 0.10330806
0.39092838 0.10342751
0.38327732 0.10350204
0.37565506 0.10353111
0.36806348 0.10351420
0.36050445 0.10345088
0.35297984 0.10334077
0.34549150 0.10318356
0.33804129 0.10297900
0.33063104 0.10272695
0.32326258 0.10242730
0.31593772 0.10208006
0.30865828 0.10168529
0.30142605 0.10124315
0.29424282 0.10075388
0.28711035 0.10021778
0.28003042 0.09963526
0.27300475 0.09900681
0.26603509 0.09833298
0.25912316 0.09761441
0.25227067 0.09685183
0.24547929 0.09604600
0.23875072 0.09519781
0.23208660 0.09430816
0.22548859 0.09337806
0.21895831 0.09240854
0.21249737 0.09140071
0.20610737 0.09035572
0.19978989 0.08927477
0.19354647 0.08815908
0.18737867 0.08700993
0.18128801 0.08582862
0.17527598 0.08461645
0.16934407 0.08337478
0.16349374 0.08210495
0.15772645 0.08080831
0.15204360 0.07948622
0.14644661 0.07814003
0.14093685 0.07677109
0.13551569 0.07538071
0.13018445 0.07397021
0.12494447 0.07254088
0.11979702 0.07109396
0.11474338 0.06963068
0.10978480 0.06815225
0.10492249 0.06665979
0.10015767 0.06515444
0.09549150 0.06363725
0.09092514 0.06210924
0.08645971 0.06057140
0.08209632 0.05902464
0.07783604 0.05746985
0.07367992 0.05590784
0.06962899 0.05433941
0.06568424 0.05276526
0.06184666 0.05118608
0.05811718 0.04960250
0.05449674 0.04801508
0.05098621 0.04642436
0.04758647 0.04483083
0.04429836 0.04323493
0.04112269 0.04163705
0.03806023 0.04003755
0.03511176 0.03843676
0.03227798 0.03683494
0.02955962 0.03523237
0.02695732 0.03362924
0.02447174 0.03202576
0.02210349 0.03042208
0.01985316 0.02881834
0.01772129 0.02721465
0.01570842 0.02561111
0.01381504 0.02400779
0.01204162 0.02240475
0.01038859 0.02080204
0.00885637 0.01919970
0.00744534 0.01759773
0.00615583 0.01599615
0.00498817 0.01439497
0.00394265 0.01279418
0.00301952 0.01119377
0.00221902 0.00959373
0.00154133 0.00799405
0.00098664 0.00639468
0.00055506 0.00479562
0.00024672 0.00319684
0.00006168 0.00159831
0.00000000 0.00000000
0.00006168 -0.00082267
0.00024672 -0.00164483
0.00055506 -0.00246597
0.00098664 -0.00328558
0.00154133 -0.00410315
0.00221902 -0.00491817
0.00301952 -0.00573012
0.00394265 -0.00653849
0.00498817 -0.00734279
0.00615583 -0.00814249
0.00744534 -0.00893709
0.00885637 -0.00972609
0.01038859 -0.01050899
0.01204162 -0.01128527
0.01381504 -0.01205443
0.01570842 -0.01281598
0.01772129 -0.01356942
0.01985316 -0.01431424
0.02210349 -0.01504996
0.02447174 -0.01577608
0.02695732 -0.01649211
0.02955962 -0.01719756
0.03227798 -0.01789194
0.03511176 -0.01857476
0.03806023 -0.01924556
0.04112269 -0.01990384
0.04429836 -0.02054914
0.04758647 -0.02118098
0.05098621 -0.02179890
0.05449674 -0.02240242
0.05811718 -0.02299110
0.06184666 -0.02356449
0.06568424 -0.02412213
0.06962899 -0.02466358
0.07367992 -0.02518841
0.07783604 -0.02569620
0.08209632 -0.02618652
0.08645971 -0.02665897
0.09092514 -0.02711315
0.09549150 -0.02754867
0.10015767 -0.02796516
0.10492249 -0.02836225
0.10978480 -0.02873959
0.11474338 -0.02909685
0.11979702 -0.02943370
0.12494447 -0.02974986
0.13018445 -0.03004502
0.13551569 -0.03031894
0.14093685 -0.03057136
0.14644661 -0.03080205
0.15204360 -0.03101083
0.15772645 -0.03119752
0.16349374 -0.03136196
0.16934407 -0.03150403
0.17527598 -0.03162364
0.18128801 -0.03172071
0.18737867 -0.03179521
0.19354647 -0.03184713
0.19978989 -0.03187650
0.20610737 -0.03188337
0.21249737 -0.03186782
0.21895831 -0.03182999
0.22548859 -0.03177003
0.23208660 -0.03168813
0.23875072 -0.03158452
0.24547929 -0.03145946
0.25227067 -0.03131326
0.25912316 -0.03114623
0.26603509 -0.03095876
0.27300475 -0.03075125
0.28003042 -0.03052413
0.28711035 -0.03027788
0.29424282 -0.03001300
0.30142605 -0.02973003
0.30865828 -0.02942954
0.31593772 -0.02911212
0.32326258 -0.02877842
0.33063104 -0.02842907
0.33804129 -0.02806476
0.34549150 -0.02768620
0.35297984 -0.02729411
0.36050445 -0.02688924
0.36806348 -0.02647235
0.37565506 -0.02604422
0.38327732 -0.02560565
0.39092838 -0.02515745
0.39860635 -0.02470042
0.40630934 -0.02423540
0.41403545 -0.02376320
0.42178277 -0.02328465
0.42954938 -0.02280058
0.43733338 -0.02231182
0.44513284 -0.02181918
0.45294584 -0.02132347
0.46077045 -0.02082549
0.46860474 -0.02032603
0.47644677 -0.01982585
0.48429462 -0.01932572
0.49214634 -0.01882636
0.50000000 -0.01832848
0.50785366 -0.01783279
0.51570538 -0.01733994
0.52355323 -0.01685057
0.53139526 -0.01636529
0.53922955 -0.01588468
0.54705416 -0.01540929
0.55486716 -0.01493964
0.56266662 -0.01447621
0.57045062 -0.01401946
0.57821723 -0.01356980
0.58596455 -0.01312762
0.59369066 -0.01269327
0.60139365 -0.01226707
0.60907162 -0.01184929
0.61672268 -0.01144018
0.62434494 -0.01103996
0.63193652 -0.01064881
0.63949555 -0.01026687
0.64702016 -0.00989427
0.65450850 -0.00953109
0.66195871 -0.00917740
0.66936896 -0.00883321
0.67673742 -0.00849853
0.68406228 -0.00817335
0.69134172 -0.00785761
0.69857395 -0.00755125
0.70575718 -0.00725418
0.71288965 -0.00696629
0.71996958 -0.00668746
0.72699525 -0.00641754
0.73396491 -0.00615637
0.74087684 -0.00590380
0.74772933 -0.00565964
0.75452071 -0.00542371
0.76124928 -0.00519579
0.76791340 -0.00497571
0.77451141 -0.00476324
0.78104169 -0.00455818
0.78750263 -0.00436031
0.79389263 -0.00416942
0.80021011 -0.00398529
0.80645353 -0.00380772
0.81262133 -0.00363650
0.81871199 -0.00347141
0.82472402 -0.00331226
0.83065593 -0.00315884
0.83650626 -0.00301097
0.84227355 -0.00286846
0.84795640 -0.00273113
0.85355339 -0.00259881
0.85906315 -0.00247132
0.86448431 -0.00234851
0.86981555 -0.00223022
0.87505553 -0.00211631
0.88020298 -0.00200664
0.88525662 -0.00190108
0.89021520 -0.00179950
0.89507751 -0.00170179
0.89984233 -0.00160782
0.90450850 -0.00151749
0.90907486 -0.00143071
0.91354029 -0.00134737
0.91790368 -0.00126738
0.92216396 -0.00119065
0.92632008 -0.00111711
0.93037101 -0.00104666
0.93431576 -0.00097923
0.93815334 -0.00091476
0.94188282 -0.00085316
0.94550326 -0.00079436
0.94901379 -0.00073830
0.95241353 -0.00068491
0.95570164 -0.00063413
0.95887731 -0.00058589
0.96193977 -0.00054013
0.96488824 -0.00049678
0.96772202 -0.00045579
0.97044038 -0.00041709
0.97304268 -0.00038062
0.97552826 -0.00034633
0.97789651 -0.00031415
0.98014684 -0.00028403
0.98227871 -0.00025591
0.98429158 -0.00022974
0.98618496 -0.00020545
0.98795838 -0.00018301
0.98961141 -0.00016236
0.99114363 -0.00014345
0.99255466 -0.00012624
0.99384417 -0.00011068
0.99501183 -0.00009672
0.99605735 -0.00008435
0.99698048 -0.00007351
0.99778098 -0.00006418
0.99845867 -0.00005634
0.99901336 -0.00004995
0.99944494 -0.00004500
0.99975328 -0.00004148
0.99993832 -0.00003937
1.00000000 -0.00003867
