sample_257
1.00000000 0.00155748
0.99993832 0.00157426
0.99975328 0.00162460
0.99944494 0.00170850
0.99901336 0.00182599
0.99845867 0.00197707
0.99778098 0.00216177
0.99698048 0.00238010
0.99605735 0.00263207
0.99501183 0.00291769
0.99384417 0.00323697
0.99255466 0.00358989
0.99114363 0.00397642
0.98961141 0.00439651
0.98795838 0.00485010
0.98618496 0.00533708
0.98429158 0.00585733
0.98227871 0.00641067
0.98014684 0.00699690
0.97789651 0.00761577
0.97552826 0.00826697
0.97304268 0.00895016
0.97044038 0.00966492
0.96772202 0.01041079
0.96488824 0.01118725
0.96193977 0.01199371
0.95887731 0.01282950
0.95570164 0.01369392
0.95241353 0.01458618
0.94901379 0.01550541
0.94550326 0.01645071
0.94188282 0.01742107
0.93815334 0.01841546
0.93431576 0.01943276
0.93037101 0.02047179
0.92632008 0.02153133
0.92216396 0.02261008
0.91790368 0.02370672
0.91354029 0.02481987
0.90907486 0.02594811
0.90450850 0.02709000
0.89984233 0.02824406
0.89507751 0.02940879
0.89021520 0.03058268
0.88525662 0.03176421
0.88020298 0.03295185
0.87505553 0.03414409
0.86981555 0.03533942
0.86448431 0.03653637
0.85906315 0.03773348
0.85355339 0.03892932
0.84795640 0.04012250
0.84227355 0.04131170
0.83650626 0.04249563
0.83065593 0.04367305
0.82472402 0.04484281
0.81871199 0.04600379
0.81262133 0.04715498
0.80645353 0.04829543
0.80021011 0.04942424
0.79389263 0.05054063
0.78750263 0.05164387
0.78104169 0.05273334
0.77451141 0.05380847
0.76791340 0.05486879
0.76124928 0.05591391
0.75452071 0.05694350
0.74772933 0.05795733
0.74087684 0.05895523
0.73396491 0.05993709
0.72699525 0.06090287
0.71996958 0.06185260
0.71288965 0.06278634
0.70575718 0.06370421
0.69857395 0.06460638
0.69134172 0.06549304
0.68406228 0.06636441
0.67673742 0.06722074
0.66936896 0.06806229
0.66195871 0.06888931
0.65450850 0.06970208
0.64702016 0.07050084
0.63949555 0.07128585
0.63193652 0.07205731
0.62434494 0.07281544
0.61672268 0.07356038
0.60907162 0.07429225
0.60139365 0.07501115
0.59369066 0.07571709
0.58596455 0.07641005
0.57821723 0.07708996
0.57045062 0.07775667
0.56266662 0.07840998
0.55486716 0.07904963
0.54705416 0.07967530
0.53922955 0.08028659
0.53139526 0.08088304
0.52355323 0.08146415
0.51570538 0.08202933
0.50785366 0.08257794
0.50000000 0.08310931
0.49214634 0.08362268
0.48429462 0.08411726
0.47644677 0.08459224
0.46860474 0.08504673
0.46077045 0.08547984
0.45294584 0.08589065
0.44513284 0.08627821
0.43733338 0.08664157
0.42954938 0.08697977
0.42178277 0.08729184
0.41403545 0.08757684
0.40630934 0.08783382
0.39860635 0.08806188
0.39092838 0.08826012
0.38327732 0.08842770
0.37565506 0.08856379
0.36806348 0.08866764
0.36050445 0.08873852
0.35297984 0.08877579
0.34549150 0.08877885
0.33804129 0.08874716
0.33063104 0.08868026
0.32326258 0.08857775
0.31593772 0.08843933
0.30865828 0.08826474
0.30142605 0.08805382
0.29424282 0.08780647
0.28711035 0.08752268
0.28003042 0.08720250
0.27300475 0.08684606
0.26603509 0.08645357
0.25912316 0.08602528
0.25227067 0.08556154
0.24547929 0.08506273
0.23875072 0.08452931
0.23208660 0.08396177
0.22548859 0.08336067
0.21895831 0.08272659
0.21249737 0.08206016
0.20610737 0.08136204
0.19978989 0.08063290
0.19354647 0.07987345
0.18737867 0.07908439
0.18128801 0.07826645
0.17527598 0.07742035
0.16934407 0.07654680
0.16349374 0.07564650
0.15772645 0.07472017
0.15204360 0.07376845
0.14644661 0.07279202
0.14093685 0.07179148
0.13551569 0.07076744
0.13018445 0.06972046
0.12494447 0.06865105
0.11979702 0.06755972
0.11474338 0.06644691
0.10978480 0.06531303
0.10492249 0.06415846
0.10015767 0.06298352
0.09549150 0.06178853
0.09092514 0.06057373
0.08645971 0.05933936
0.08209632 0.05808561
0.07783604 0.05681265
0.07367992 0.05552063
0.06962899 0.05420966
0.06568424 0.05287985
0.06184666 0.05153130
0.05811718 0.05016409
0.05449674 0.04877830
0.05098621 0.04737401
0.04758647 0.04595132
0.04429836 0.04451032
0.04112269 0.04305115
0.03806023 0.04157392
0.03511176 0.04007882
0.03227798 0.03856603
0.02955962 0.03703579
0.02695732 0.03548836
0.02447174 0.03392405
0.02210349 0.03234322
0.01985316 0.03074627
0.01772129 0.02913364
0.01570842 0.02750585
0.01381504 0.02586343
0.01204162 0.02420700
0.01038859 0.02253721
0.00885637 0.02085478
0.00744534 0.01916046
0.00615583 0.01745507
0.00498817 0.01573946
0.00394265 0.01401453
0.00301952 0.01228123
0.00221902 0.01054054
0.00154133 0.00879348
0.00098664 0.00704109
0.00055506 0.00528445
0.00024672 0.00352465
0.00006168 0.00176279
0.00000000 0.00000000
0.00006168 -0.00070568
0.00024672 -0.00141147
0.00055506 -0.00211745
0.00098664 -0.00282372
0.00154133 -0.00353034
0.00221902 -0.00423733
0.00301952 -0.00494471
0.00394265 -0.00565243
0.00498817 -0.00636043
0.00615583 -0.00706858
0.00744534 -0.00777670
0.00885637 -0.00848457
0.01038859 -0.00919188
0.01204162 -0.00989830
0.01381504 -0.01060341
0.01570842 -0.01130673
0.01772129 -0.01200773
0.01985316 -0.01270580
0.02210349 -0.01340028
0.02447174 -0.01409045
0.02695732 -0.01477553
0.02955962 -0.01545468
0.03227798 -0.01612702
0.03511176 -0.01679163
0.03806023 -0.01744753
0.04112269 -0.01809372
0.04429836 -0.01872917
0.04758647 -0.01935284
0.05098621 -0.01996364
0.05449674 -0.02056052
0.05811718 -0.02114239
0.06184666 -0.02170819
0.06568424 -0.02225688
0.06962899 -0.02278741
0.07367992 -0.02329880
0.07783604 -0.02379009
0.08209632 -0.02426036
0.08645971 -0.02470874
0.09092514 -0.02513444
0.09549150 -0.02553671
0.10015767 -0.02591487
0.10492249 -0.02626834
0.10978480 -0.02659659
0.11474338 -0.02689919
0.11979702 -0.02717579
0.12494447 -0.02742613
0.13018445 -0.02765002
0.13551569 -0.02784740
0.14093685 -0.02801827
0.14644661 -0.02816272
0.15204360 -0.02828095
0.15772645 -0.02837322
0.16349374 -0.02843990
0.16934407 -0.02848143
0.17527598 -0.02849831
0.18128801 -0.02849113
0.18737867 -0.02846056
0.19354647 -0.02840729
0.19978989 -0.02833209
0.20610737 -0.02823579
0.21249737 -0.02811924
0.21895831 -0.02798333
0.22548859 -0.02782897
0.23208660 -0.02765711
0.23875072 -0.02746870
0.24547929 -0.02726469
0.25227067 -0.02704604
0.25912316 -0.02681368
0.26603509 -0.02656855
0.27300475 -0.02631156
0.28003042 -0.02604358
0.28711035 -0.02576546
0.29424282 -0.02547800
0.30142605 -0.02518197
0.30865828 -0.02487808
0.31593772 -0.02456699
0.32326258 -0.02424933
0.33063104 -0.02392565
0.33804129 -0.02359645
0.34549150 -0.02326217
0.35297984 -0.02292320
0.36050445 -0.02257988
0.36806348 -0.02223248
0.37565506 -0.02188122
0.38327732 -0.02152629
0.39092838 -0.02116780
0.39860635 -0.02080584
0.40630934 -0.02044047
0.41403545 -0.02007168
0.42178277 -0.01969947
0.42954938 -0.01932378
0.43733338 -0.01894458
0.44513284 -0.01856178
0.45294584 -0.01817530
0.46077045 -0.01778507
0.46860474 -0.01739102
0.47644677 -0.01699309
0.48429462 -0.01659123
0.49214634 -0.01618542
0.50000000 -0.01577567
0.50785366 -0.01536203
0.51570538 -0.01494456
0.52355323 -0.01452338
0.53139526 -0.01409866
0.53922955 -0.01367061
0.54705416 -0.01323948
0.55486716 -0.01280558
0.56266662 -0.01236928
0.57045062 -0.01193099
0.57821723 -0.01149118
0.58596455 -0.01105036
0.59369066 -0.01060910
0.60139365 -0.01016802
0.60907162 -0.00972777
0.61672268 -0.00928906
0.62434494 -0.00885263
0.63193652 -0.00841924
0.63949555 -0.00798969
0.64702016 -0.00756480
0.65450850 -0.00714540
0.66195871 -0.00673234
0.66936896 -0.00632647
0.67673742 -0.00592862
0.68406228 -0.00553964
0.69134172 -0.00516034
0.69857395 -0.00479151
0.70575718 -0.00443391
0.71288965 -0.00408827
0.71996958 -0.00375528
0.72699525 -0.00343555
0.73396491 -0.00312968
0.74087684 -0.00283817
0.74772933 -0.00256147
0.75452071 -0.00229998
0.76124928 -0.00205400
0.76791340 -0.00182376
0.77451141 -0.00160942
0.78104169 -0.00141105
0.78750263 -0.00122864
0.79389263 -0.00106212
0.80021011 -0.00091130
0.80645353 -0.00077595
0.81262133 -0.00065573
0.81871199 -0.00055024
0.82472402 -0.00045902
0.83065593 -0.00038150
0.83650626 -0.00031710
0.84227355 -0.00026514
0.84795640 -0.00022491
0.85355339 -0.00019563
0.85906315 -0.00017650
0.86448431 -0.00016669
0.86981555 -0.00016531
0.87505553 -0.00017148
0.88020298 -0.00018431
0.88525662 -0.00020288
0.89021520 -0.00022628
0.89507751 -0.00025363
0.89984233 -0.00028404
0.90450850 -0.00031667
0.90907486 -0.00035068
0.91354029 -0.00038529
0.91790368 -0.00041975
0.92216396 -0.00045337
0.92632008 -0.00048551
0.93037101 -0.00051558
0.93431576 -0.00054305
0.93815334 -0.00056747
0.94188282 -0.00058844
0.94550326 -0.00060563
0.94901379 -0.00061880
0.95241353 -0.00062776
0.95570164 -0.00063240
0.95887731 -0.00063266
0.96193977 -0.00062858
0.96488824 -0.00062023
0.96772202 -0.00060776
0.97044038 -0.00059138
0.97304268 -0.00057134
0.97552826 -0.00054796
0.97789651 -0.00052159
0.98014684 -0.00049262
0.98227871 -0.00046146
0.98429158 -0.00042858
0.98618496 -0.00039444
0.98795838 -0.00035952
0.98961141 -0.00032432
0.99114363 -0.00028932
0.99255466 -0.00025501
0.99384417 -0.00022187
0.99501183 -0.00019034
0.99605735 -0.00016086
0.99698048 -0.00013384
0.99778098 -0.00010963
0.99845867 -0.00008856
0.99901336 -0.00007093
0.99944494 -0.00005696
0.99975328 -0.00004684
0.99993832 -0.00004072
1.00000000 -0.00003867
