sample_829
1.00000000 0.00155748
0.99993832 0.00157079
0.99975328 0.00161075
0.99944494 0.00167740
0.99901336 0.00177083
0.99845867 0.00189117
0.99778098 0.00203856
0.99698048 0.00221319
0.99605735 0.00241525
0.99501183 0.00264499
0.99384417 0.00290264
0.99255466 0.00318847
0.99114363 0.00350274
0.98961141 0.00384573
0.98795838 0.00421772
0.98618496 0.00461898
0.98429158 0.00504976
0.98227871 0.00551031
0.98014684 0.00600085
0.97789651 0.00652158
0.97552826 0.00707264
0.97304268 0.00765417
0.97044038 0.00826625
0.96772202 0.00890890
0.96488824 0.00958211
0.96193977 0.01028579
0.95887731 0.01101981
0.95570164 0.01178397
0.95241353 0.01257800
0.94901379 0.01340156
0.94550326 0.01425424
0.94188282 0.01513557
0.93815334 0.01604499
0.93431576 0.01698186
0.93037101 0.01794551
0.92632008 0.01893515
0.92216396 0.01994994
0.91790368 0.02098898
0.91354029 0.02205129
0.90907486 0.02313583
0.90450850 0.02424152
0.89984233 0.02536720
0.89507751 0.02651168
0.89021520 0.02767370
0.88525662 0.02885200
0.88020298 0.03004524
0.87505553 0.03125209
0.86981555 0.03247117
0.86448431 0.03370110
0.85906315 0.03494049
0.85355339 0.03618792
0.84795640 0.03744201
0.84227355 0.03870135
0.83650626 0.03996458
0.83065593 0.04123032
0.82472402 0.04249725
0.81871199 0.04376406
0.81262133 0.04502947
0.80645353 0.04629224
0.80021011 0.04755119
0.79389263 0.04880517
0.78750263 0.05005307
0.78104169 0.05129384
0.77451141 0.05252650
0.76791340 0.05375009
0.76124928 0.05496372
0.75452071 0.05616657
0.74772933 0.05735786
0.74087684 0.05853685
0.73396491 0.05970289
0.72699525 0.06085535
0.71996958 0.06199365
0.71288965 0.06311728
0.70575718 0.06422575
0.69857395 0.06531863
0.69134172 0.06639550
0.68406228 0.06745601
0.67673742 0.06849980
0.66936896 0.06952657
0.66195871 0.07053600
0.65450850 0.07152783
0.64702016 0.07250178
0.63949555 0.07345759
0.63193652 0.07439500
0.62434494 0.07531375
0.61672268 0.07621358
0.60907162 0.07709420
0.60139365 0.07795532
0.59369066 0.07879666
0.58596455 0.07961787
0.57821723 0.08041863
0.57045062 0.08119856
0.56266662 0.08195727
0.55486716 0.08269435
0.54705416 0.08340936
0.53922955 0.08410183
0.53139526 0.08477127
0.52355323 0.08541715
0.51570538 0.08603893
0.50785366 0.08663606
0.50000000 0.08720793
0.49214634 0.08775395
0.48429462 0.08827349
0.47644677 0.08876593
0.46860474 0.08923063
0.46077045 0.08966694
0.45294584 0.09007421
0.44513284 0.09045181
0.43733338 0.09079911
0.42954938 0.09111547
0.42178277 0.09140030
0.41403545 0.09165302
0.40630934 0.09187305
0.39860635 0.09205988
0.39092838 0.09221302
0.38327732 0.09233200
0.37565506 0.09241640
0.36806348 0.09246587
0.36050445 0.09248007
0.35297984 0.09245873
0.34549150 0.09240163
0.33804129 0.09230861
0.33063104 0.09217955
0.32326258 0.09201442
0.31593772 0.09181320
0.30865828 0.09157596
0.30142605 0.09130283
0.29424282 0.09099398
0.28711035 0.09064963
0.28003042 0.09027008
0.27300475 0.08985566
0.26603509 0.08940674
0.25912316 0.08892375
0.25227067 0.08840717
0.24547929 0.08785750
0.23875072 0.08727526
0.23208660 0.08666104
0.22548859 0.08601542
0.21895831 0.08533901
0.21249737 0.08463244
0.20610737 0.08389634
0.19978989 0.08313135
0.19354647 0.08233812
0.18737867 0.08151728
0.18128801 0.08066945
0.17527598 0.07979526
0.16934407 0.07889530
0.16349374 0.07797013
0.15772645 0.07702033
0.15204360 0.07604639
0.14644661 0.07504883
0.14093685 0.07402809
0.13551569 0.07298459
0.13018445 0.07191874
0.12494447 0.07083087
0.11979702 0.06972129
0.11474338 0.06859029
0.10978480 0.06743809
0.10492249 0.06626491
0.10015767 0.06507090
0.09549150 0.06385620
0.09092514 0.06262091
0.08645971 0.06136512
0.08209632 0.06008888
0.07783604 0.05879222
0.07367992 0.05747515
0.06962899 0.05613770
0.06568424 0.05477985
0.06184666 0.05340161
0.05811718 0.05200298
0.05449674 0.05058395
0.05098621 0.04914456
0.04758647 0.04768484
0.04429836 0.04620486
0.04112269 0.04470469
0.03806023 0.04318446
0.03511176 0.04164433
0.03227798 0.04008449
0.02955962 0.03850518
0.02695732 0.03690669
0.02447174 0.03528935
0.02210349 0.03365357
0.01985316 0.03199978
0.01772129 0.03032849
0.01570842 0.02864027
0.01381504 0.02693573
0.01204162 0.02521556
0.01038859 0.02348049
0.00885637 0.02173132
0.00744534 0.01996891
0.00615583 0.01819416
0.00498817 0.01640803
0.00394265 0.01461153
0.00301952 0.01280571
0.00221902 0.01099167
0.00154133 0.00917053
0.00098664 0.00734346
0.00055506 0.00551165
0.00024672 0.00367632
0.00006168 0.00183869
0.00000000 0.00000000
0.00006168 -0.00155341
0.00024672 -0.00310385
0.00055506 -0.00464834
0.00098664 -0.00618392
0.00154133 -0.00770767
0.00221902 -0.00921667
0.00301952 -0.01070809
0.00394265 -0.01217909
0.00498817 -0.01362692
0.00615583 -0.01504888
0.00744534 -0.01644237
0.00885637 -0.01780481
0.01038859 -0.01913377
0.01204162 -0.02042686
0.01381504 -0.02168181
0.01570842 -0.02289647
0.01772129 -0.02406877
0.01985316 -0.02519679
0.02210349 -0.02627870
0.02447174 -0.02731284
0.02695732 -0.02829764
0.02955962 -0.02923171
0.03227798 -0.03011377
0.03511176 -0.03094270
0.03806023 -0.03171755
0.04112269 -0.03243749
0.04429836 -0.03310187
0.04758647 -0.03371019
0.05098621 -0.03426211
0.05449674 -0.03475747
0.05811718 -0.03519624
0.06184666 -0.03557857
0.06568424 -0.03590477
0.06962899 -0.03617532
0.07367992 -0.03639083
0.07783604 -0.03655210
0.08209632 -0.03666006
0.08645971 -0.03671580
0.09092514 -0.03672054
0.09549150 -0.03667566
0.10015767 -0.03658266
0.10492249 -0.03644317
0.10978480 -0.03625894
0.11474338 -0.03603185
0.11979702 -0.03576387
0.12494447 -0.03545707
0.13018445 -0.03511362
0.13551569 -0.03473576
0.14093685 -0.03432580
0.14644661 -0.03388613
0.15204360 -0.03341917
0.15772645 -0.03292739
0.16349374 -0.03241330
0.16934407 -0.03187941
0.17527598 -0.03132825
0.18128801 -0.03076237
0.18737867 -0.03018426
0.19354647 -0.02959643
0.19978989 -0.02900133
0.20610737 -0.02840139
0.21249737 -0.02779897
0.21895831 -0.02719636
0.22548859 -0.02659581
0.23208660 -0.02599944
0.23875072 -0.02540932
0.24547929 -0.02482740
0.25227067 -0.02425553
0.25912316 -0.02369546
0.26603509 -0.02314880
0.27300475 -0.02261705
0.28003042 -0.02210157
0.28711035 -0.02160360
0.29424282 -0.02112423
0.30142605 -0.02066442
0.30865828 -0.02022499
0.31593772 -0.01980661
0.32326258 -0.01940982
0.33063104 -0.01903500
0.33804129 -0.01868241
0.34549150 -0.01835217
0.35297984 -0.01804425
0.36050445 -0.01775851
0.36806348 -0.01749466
0.37565506 -0.01725231
0.38327732 -0.01703094
0.39092838 -0.01682993
0.39860635 -0.01664855
0.40630934 -0.01648597
0.41403545 -0.01634129
0.42178277 -0.01621350
0.42954938 -0.01610156
0.43733338 -0.01600433
0.44513284 -0.01592063
0.45294584 -0.01584923
0.46077045 -0.01578888
0.46860474 -0.01573828
0.47644677 -0.01569613
0.48429462 -0.01566111
0.49214634 -0.01563190
0.50000000 -0.01560719
0.50785366 -0.01558570
0.51570538 -0.01556614
0.52355323 -0.01554729
0.53139526 -0.01552795
0.53922955 -0.01550696
0.54705416 -0.01548322
0.55486716 -0.01545569
0.56266662 -0.01542339
0.57045062 -0.01538540
0.57821723 -0.01534089
0.58596455 -0.01528907
0.59369066 -0.01522926
0.60139365 -0.01516085
0.60907162 -0.01508330
0.61672268 -0.01499615
0.62434494 -0.01489905
0.63193652 -0.01479169
0.63949555 -0.01467388
0.64702016 -0.01454547
0.65450850 -0.01440641
0.66195871 -0.01425672
0.66936896 -0.01409650
0.67673742 -0.01392589
0.68406228 -0.01374513
0.69134172 -0.01355449
0.69857395 -0.01335431
0.70575718 -0.01314498
0.71288965 -0.01292694
0.71996958 -0.01270065
0.72699525 -0.01246664
0.73396491 -0.01222544
0.74087684 -0.01197762
0.74772933 -0.01172378
0.75452071 -0.01146452
0.76124928 -0.01120045
0.76791340 -0.01093221
0.77451141 -0.01066040
0.78104169 -0.01038566
0.78750263 -0.01010859
0.79389263 -0.00982980
0.80021011 -0.00954989
0.80645353 -0.00926942
0.81262133 -0.00898893
0.81871199 -0.00870897
0.82472402 -0.00843003
0.83065593 -0.00815259
0.83650626 -0.00787709
0.84227355 -0.00760395
0.84795640 -0.00733355
0.85355339 -0.00706626
0.85906315 -0.00680239
0.86448431 -0.00654224
0.86981555 -0.00628606
0.87505553 -0.00603410
0.88020298 -0.00578656
0.88525662 -0.00554361
0.89021520 -0.00530540
0.89507751 -0.00507205
0.89984233 -0.00484368
0.90450850 -0.00462036
0.90907486 -0.00440216
0.91354029 -0.00418913
0.91790368 -0.00398129
0.92216396 -0.00377867
0.92632008 -0.00358127
0.93037101 -0.00338910
0.93431576 -0.00320216
0.93815334 -0.00302043
0.94188282 -0.00284390
0.94550326 -0.00267256
0.94901379 -0.00250639
0.95241353 -0.00234539
0.95570164 -0.00218955
0.95887731 -0.00203886
0.96193977 -0.00189332
0.96488824 -0.00175295
0.96772202 -0.00161775
0.97044038 -0.00148774
0.97304268 -0.00136295
0.97552826 -0.00124342
0.97789651 -0.00112917
0.98014684 -0.00102026
0.98227871 -0.00091673
0.98429158 -0.00081865
0.98618496 -0.00072606
0.98795838 -0.00063903
0.98961141 -0.00055762
0.99114363 -0.00048191
0.99255466 -0.00041195
0.99384417 -0.00034781
0.99501183 -0.00028956
0.99605735 -0.00023725
0.99698048 -0.00019095
0.99778098 -0.00015070
0.99845867 -0.00011656
0.99901336 -0.00008857
0.99944494 -0.00006676
0.99975328 -0.00005116
0.99993832 -0.00004179
1.00000000 -0.00003867
