sample_1232
1.00000000 0.00155748
0.99993832 0.00156983
0.99975328 0.00160689
0.99944494 0.00166872
0.99901336 0.00175538
0.99845867 0.00186699
0.99778098 0.00200367
0.99698048 0.00216559
0.99605735 0.00235292
0.99501183 0.00256587
0.99384417 0.00280466
0.99255466 0.00306953
0.99114363 0.00336073
0.98961141 0.00367853
0.98795838 0.00402317
0.98618496 0.00439494
0.98429158 0.00479409
0.98227871 0.00522088
0.98014684 0.00567556
0.97789651 0.00615837
0.97552826 0.00666950
0.97304268 0.00720917
0.97044038 0.00777753
0.96772202 0.00837473
0.96488824 0.00900086
0.96193977 0.00965600
0.95887731 0.01034019
0.95570164 0.01105341
0.95241353 0.01179561
0.94901379 0.01256670
0.94550326 0.01336654
0.94188282 0.01419493
0.93815334 0.01505163
0.93431576 0.01593637
0.93037101 0.01684880
0.92632008 0.01778855
0.92216396 0.01875518
0.91790368 0.01974821
0.91354029 0.02076713
0.90907486 0.02181135
0.90450850 0.02288029
0.89984233 0.02397328
0.89507751 0.02508964
0.89021520 0.02622865
0.88525662 0.02738956
0.88020298 0.02857158
0.87505553 0.02977390
0.86981555 0.03099569
0.86448431 0.03223610
0.85906315 0.03349424
0.85355339 0.03476924
0.84795640 0.03606020
0.84227355 0.03736620
0.83650626 0.03868633
0.83065593 0.04001967
0.82472402 0.04136529
0.81871199 0.04272227
0.81262133 0.04408968
0.80645353 0.04546660
0.80021011 0.04685212
0.79389263 0.04824531
0.78750263 0.04964526
0.78104169 0.05105106
0.77451141 0.05246181
0.76791340 0.05387661
0.76124928 0.05529456
0.75452071 0.05671476
0.74772933 0.05813631
0.74087684 0.05955832
0.73396491 0.06097989
0.72699525 0.06240011
0.71996958 0.06381807
0.71288965 0.06523284
0.70575718 0.06664350
0.69857395 0.06804910
0.69134172 0.06944868
0.68406228 0.07084126
0.67673742 0.07222585
0.66936896 0.07360142
0.66195871 0.07496695
0.65450850 0.07632135
0.64702016 0.07766354
0.63949555 0.07899241
0.63193652 0.08030681
0.62434494 0.08160556
0.61672268 0.08288748
0.60907162 0.08415134
0.60139365 0.08539588
0.59369066 0.08661983
0.58596455 0.08782189
0.57821723 0.08900075
0.57045062 0.09015508
0.56266662 0.09128351
0.55486716 0.09238470
0.54705416 0.09345727
0.53922955 0.09449985
0.53139526 0.09551108
0.52355323 0.09648959
0.51570538 0.09743404
0.50785366 0.09834308
0.50000000 0.09921541
0.49214634 0.10004975
0.48429462 0.10084486
0.47644677 0.10159952
0.46860474 0.10231259
0.46077045 0.10298294
0.45294584 0.10360955
0.44513284 0.10419142
0.43733338 0.10472764
0.42954938 0.10521737
0.42178277 0.10565986
0.41403545 0.10605442
0.40630934 0.10640048
0.39860635 0.10669754
0.39092838 0.10694519
0.38327732 0.10714313
0.37565506 0.10729115
0.36806348 0.10738916
0.36050445 0.10743715
0.35297984 0.10743521
0.34549150 0.10738353
0.33804129 0.10728242
0.33063104 0.10713225
0.32326258 0.10693351
0.31593772 0.10668678
0.30865828 0.10639271
0.30142605 0.10605204
0.29424282 0.10566558
0.28711035 0.10523422
0.28003042 0.10475890
0.27300475 0.10424062
0.26603509 0.10368043
0.25912316 0.10307943
0.25227067 0.10243875
0.24547929 0.10175953
0.23875072 0.10104294
0.23208660 0.10029016
0.22548859 0.09950237
0.21895831 0.09868073
0.21249737 0.09782641
0.20610737 0.09694053
0.19978989 0.09602418
0.19354647 0.09507844
0.18737867 0.09410430
0.18128801 0.09310275
0.17527598 0.09207467
0.16934407 0.09102091
0.16349374 0.08994224
0.15772645 0.08883937
0.15204360 0.08771291
0.14644661 0.08656343
0.14093685 0.08539139
0.13551569 0.08419717
0.13018445 0.08298110
0.12494447 0.08174339
0.11979702 0.08048421
0.11474338 0.07920363
0.10978480 0.07790166
0.10492249 0.07657824
0.10015767 0.07523324
0.09549150 0.07386647
0.09092514 0.07247771
0.08645971 0.07106667
0.08209632 0.06963304
0.07783604 0.06817645
0.07367992 0.06669654
0.06962899 0.06519292
0.06568424 0.06366520
0.06184666 0.06211298
0.05811718 0.06053588
0.05449674 0.05893354
0.05098621 0.05730563
0.04758647 0.05565186
0.04429836 0.05397196
0.04112269 0.05226576
0.03806023 0.05053311
0.03511176 0.04877395
0.03227798 0.04698827
0.02955962 0.04517618
0.02695732 0.04333785
0.02447174 0.04147354
0.02210349 0.03958362
0.01985316 0.03766854
0.01772129 0.03572885
0.01570842 0.03376523
0.01381504 0.03177844
0.01204162 0.02976932
0.01038859 0.02773887
0.00885637 0.02568812
0.00744534 0.02361826
0.00615583 0.02153052
0.00498817 0.01942624
0.00394265 0.01730685
0.00301952 0.01517385
0.00221902 0.01302880
0.00154133 0.01087332
0.00098664 0.00870911
0.00055506 0.00653790
0.00024672 0.00436144
0.00006168 0.00218153
0.00000000 0.00000000
0.00006168 -0.00127595
0.00024672 -0.00254991
0.00055506 -0.00381988
0.00098664 -0.00508389
0.00154133 -0.00633996
0.00221902 -0.00758615
0.00301952 -0.00882051
0.00394265 -0.01004114
0.00498817 -0.01124616
0.00615583 -0.01243374
0.00744534 -0.01360205
0.00885637 -0.01474934
0.01038859 -0.01587389
0.01204162 -0.01697403
0.01381504 -0.01804814
0.01570842 -0.01909466
0.01772129 -0.02011210
0.01985316 -0.02109902
0.02210349 -0.02205407
0.02447174 -0.02297594
0.02695732 -0.02386342
0.02955962 -0.02471537
0.03227798 -0.02553074
0.03511176 -0.02630855
0.03806023 -0.02704791
0.04112269 -0.02774803
0.04429836 -0.02840820
0.04758647 -0.02902780
0.05098621 -0.02960633
0.05449674 -0.03014334
0.05811718 -0.03063853
0.06184666 -0.03109167
0.06568424 -0.03150263
0.06962899 -0.03187137
0.07367992 -0.03219798
0.07783604 -0.03248263
0.08209632 -0.03272557
0.08645971 -0.03292719
0.09092514 -0.03308793
0.09549150 -0.03320835
0.10015767 -0.03328910
0.10492249 -0.03333092
0.10978480 -0.03333462
0.11474338 -0.03330110
0.11979702 -0.03323136
0.12494447 -0.03312645
0.13018445 -0.03298751
0.13551569 -0.03281572
0.14093685 -0.03261236
0.14644661 -0.03237874
0.15204360 -0.03211623
0.15772645 -0.03182625
0.16349374 -0.03151026
0.16934407 -0.03116977
0.17527598 -0.03080628
0.18128801 -0.03042136
0.18737867 -0.03001658
0.19354647 -0.02959352
0.19978989 -0.02915377
0.20610737 -0.02869892
0.21249737 -0.02823056
0.21895831 -0.02775025
0.22548859 -0.02725957
0.23208660 -0.02676004
0.23875072 -0.02625318
0.24547929 -0.02574047
0.25227067 -0.02522334
0.25912316 -0.02470320
0.26603509 -0.02418140
0.27300475 -0.02365925
0.28003042 -0.02313800
0.28711035 -0.02261884
0.29424282 -0.02210291
0.30142605 -0.02159128
0.30865828 -0.02108498
0.31593772 -0.02058493
0.32326258 -0.02009202
0.33063104 -0.01960706
0.33804129 -0.01913078
0.34549150 -0.01866387
0.35297984 -0.01820693
0.36050445 -0.01776049
0.36806348 -0.01732503
0.37565506 -0.01690093
0.38327732 -0.01648856
0.39092838 -0.01608817
0.39860635 -0.01569998
0.40630934 -0.01532416
0.41403545 -0.01496081
0.42178277 -0.01460997
0.42954938 -0.01427164
0.43733338 -0.01394579
0.44513284 -0.01363231
0.45294584 -0.01333107
0.46077045 -0.01304192
0.46860474 -0.01276465
0.47644677 -0.01249903
0.48429462 -0.01224480
0.49214634 -0.01200168
0.50000000 -0.01176938
0.50785366 -0.01154757
0.51570538 -0.01133593
0.52355323 -0.01113410
0.53139526 -0.01094176
0.53922955 -0.01075852
0.54705416 -0.01058404
0.55486716 -0.01041796
0.56266662 -0.01025991
0.57045062 -0.01010953
0.57821723 -0.00996647
0.58596455 -0.00983037
0.59369066 -0.00970090
0.60139365 -0.00957771
0.60907162 -0.00946046
0.61672268 -0.00934885
0.62434494 -0.00924254
0.63193652 -0.00914123
0.63949555 -0.00904462
0.64702016 -0.00895240
0.65450850 -0.00886430
0.66195871 -0.00878003
0.66936896 -0.00869930
0.67673742 -0.00862184
0.68406228 -0.00854740
0.69134172 -0.00847568
0.69857395 -0.00840644
0.70575718 -0.00833940
0.71288965 -0.00827429
0.71996958 -0.00821086
0.72699525 -0.00814884
0.73396491 -0.00808795
0.74087684 -0.00802792
0.74772933 -0.00796849
0.75452071 -0.00790937
0.76124928 -0.00785027
0.76791340 -0.00779093
0.77451141 -0.00773104
0.78104169 -0.00767033
0.78750263 -0.00760850
0.79389263 -0.00754526
0.80021011 -0.00748032
0.80645353 -0.00741339
0.81262133 -0.00734418
0.81871199 -0.00727241
0.82472402 -0.00719780
0.83065593 -0.00712008
0.83650626 -0.00703898
0.84227355 -0.00695426
0.84795640 -0.00686568
0.85355339 -0.00677301
0.85906315 -0.00667605
0.86448431 -0.00657462
0.86981555 -0.00646854
0.87505553 -0.00635769
0.88020298 -0.00624194
0.88525662 -0.00612120
0.89021520 -0.00599542
0.89507751 -0.00586457
0.89984233 -0.00572865
0.90450850 -0.00558771
0.90907486 -0.00544181
0.91354029 -0.00529108
0.91790368 -0.00513566
0.92216396 -0.00497573
0.92632008 -0.00481152
0.93037101 -0.00464329
0.93431576 -0.00447134
0.93815334 -0.00429601
0.94188282 -0.00411766
0.94550326 -0.00393670
0.94901379 -0.00375359
0.95241353 -0.00356877
0.95570164 -0.00338277
0.95887731 -0.00319611
0.96193977 -0.00300934
0.96488824 -0.00282303
0.96772202 -0.00263780
0.97044038 -0.00245423
0.97304268 -0.00227297
0.97552826 -0.00209464
0.97789651 -0.00191989
0.98014684 -0.00174934
0.98227871 -0.00158365
0.98429158 -0.00142343
0.98618496 -0.00126932
0.98795838 -0.00112192
0.98961141 -0.00098181
0.99114363 -0.00084957
0.99255466 -0.00072574
0.99384417 -0.00061084
0.99501183 -0.00050533
0.99605735 -0.00040968
0.99698048 -0.00032428
0.99778098 -0.00024950
0.99845867 -0.00018567
0.99901336 -0.00013306
0.99944494 -0.00009190
0.99975328 -0.00006237
0.99993832 -0.00004460
1.00000000 -0.00003867
