sample_1053
1.00000000 0.00155748
0.99993832 0.00157679
0.99975328 0.00163470
0.99944494 0.00173115
0.99901336 0.00186605
0.99845867 0.00203926
0.99778098 0.00225059
0.99698048 0.00249985
0.99605735 0.00278677
0.99501183 0.00311106
0.99384417 0.00347241
0.99255466 0.00387044
0.99114363 0.00430475
0.98961141 0.00477492
0.98795838 0.00528047
0.98618496 0.00582090
0.98429158 0.00639567
0.98227871 0.00700422
0.98014684 0.00764594
0.97789651 0.00832020
0.97552826 0.00902635
0.97304268 0.00976370
0.97044038 0.01053154
0.96772202 0.01132912
0.96488824 0.01215569
0.96193977 0.01301045
0.95887731 0.01389260
0.95570164 0.01480131
0.95241353 0.01573573
0.94901379 0.01669500
0.94550326 0.01767822
0.94188282 0.01868451
0.93815334 0.01971296
0.93431576 0.02076263
0.93037101 0.02183261
0.92632008 0.02292194
0.92216396 0.02402968
0.91790368 0.02515488
0.91354029 0.02629656
0.90907486 0.02745378
0.90450850 0.02862557
0.89984233 0.02981097
0.89507751 0.03100901
0.89021520 0.03221873
0.88525662 0.03343918
0.88020298 0.03466942
0.87505553 0.03590849
0.86981555 0.03715548
0.86448431 0.03840945
0.85906315 0.03966949
0.85355339 0.04093471
0.84795640 0.04220421
0.84227355 0.04347712
0.83650626 0.04475259
0.83065593 0.04602978
0.82472402 0.04730785
0.81871199 0.04858600
0.81262133 0.04986344
0.80645353 0.05113941
0.80021011 0.05241314
0.79389263 0.05368391
0.78750263 0.05495100
0.78104169 0.05621374
0.77451141 0.05747143
0.76791340 0.05872343
0.76124928 0.05996911
0.75452071 0.06120786
0.74772933 0.06243909
0.74087684 0.06366222
0.73396491 0.06487670
0.72699525 0.06608199
0.71996958 0.06727757
0.71288965 0.06846295
0.70575718 0.06963764
0.69857395 0.07080116
0.69134172 0.07195307
0.68406228 0.07309290
0.67673742 0.07422024
0.66936896 0.07533467
0.66195871 0.07643575
0.65450850 0.07752311
0.64702016 0.07859632
0.63949555 0.07965501
0.63193652 0.08069878
0.62434494 0.08172725
0.61672268 0.08274003
0.60907162 0.08373673
0.60139365 0.08471696
0.59369066 0.08568034
0.58596455 0.08662646
0.57821723 0.08755493
0.57045062 0.08846533
0.56266662 0.08935725
0.55486716 0.09023025
0.54705416 0.09108391
0.53922955 0.09191776
0.53139526 0.09273135
0.52355323 0.09352419
0.51570538 0.09429581
0.50785366 0.09504568
0.50000000 0.09577331
0.49214634 0.09647814
0.48429462 0.09715962
0.47644677 0.09781720
0.46860474 0.09845028
0.46077045 0.09905828
0.45294584 0.09964057
0.44513284 0.10019654
0.43733338 0.10072554
0.42954938 0.10122693
0.42178277 0.10170004
0.41403545 0.10214419
0.40630934 0.10255871
0.39860635 0.10294290
0.39092838 0.10329607
0.38327732 0.10361752
0.37565506 0.10390655
0.36806348 0.10416246
0.36050445 0.10438455
0.35297984 0.10457211
0.34549150 0.10472447
0.33804129 0.10484094
0.33063104 0.10492085
0.32326258 0.10496354
0.31593772 0.10496838
0.30865828 0.10493475
0.30142605 0.10486203
0.29424282 0.10474966
0.28711035 0.10459709
0.28003042 0.10440379
0.27300475 0.10416927
0.26603509 0.10389306
0.25912316 0.10357476
0.25227067 0.10321397
0.24547929 0.10281034
0.23875072 0.10236358
0.23208660 0.10187342
0.22548859 0.10133964
0.21895831 0.10076207
0.21249737 0.10014060
0.20610737 0.09947514
0.19978989 0.09876568
0.19354647 0.09801224
0.18737867 0.09721491
0.18128801 0.09637380
0.17527598 0.09548911
0.16934407 0.09456107
0.16349374 0.09358995
0.15772645 0.09257611
0.15204360 0.09151992
0.14644661 0.09042182
0.14093685 0.08928230
0.13551569 0.08810188
0.13018445 0.08688115
0.12494447 0.08562073
0.11979702 0.08432128
0.11474338 0.08298350
0.10978480 0.08160815
0.10492249 0.08019599
0.10015767 0.07874785
0.09549150 0.07726456
0.09092514 0.07574700
0.08645971 0.07419607
0.08209632 0.07261269
0.07783604 0.07099781
0.07367992 0.06935239
0.06962899 0.06767740
0.06568424 0.06597384
0.06184666 0.06424270
0.05811718 0.06248500
0.05449674 0.06070174
0.05098621 0.05889394
0.04758647 0.05706260
0.04429836 0.05520876
0.04112269 0.05333339
0.03806023 0.05143752
0.03511176 0.04952212
0.03227798 0.04758817
0.02955962 0.04563665
0.02695732 0.04366849
0.02447174 0.04168465
0.02210349 0.03968603
0.01985316 0.03767355
0.01772129 0.03564809
0.01570842 0.03361051
0.01381504 0.03156166
0.01204162 0.02950238
0.01038859 0.02743348
0.00885637 0.02535573
0.00744534 0.02326993
0.00615583 0.02117683
0.00498817 0.01907715
0.00394265 0.01697164
0.00301952 0.01486100
0.00221902 0.01274592
0.00154133 0.01062710
0.00098664 0.00850519
0.00055506 0.00638087
0.00024672 0.00425480
0.00006168 0.00212763
0.00000000 0.00000000
0.00006168 -0.00148384
0.00024672 -0.00296567
0.00055506 -0.00444349
0.00098664 -0.00591532
0.00154133 -0.00737916
0.00221902 -0.00883307
0.00301952 -0.01027512
0.00394265 -0.01170341
0.00498817 -0.01311608
0.00615583 -0.01451132
0.00744534 -0.01588735
0.00885637 -0.01724245
0.01038859 -0.01857495
0.01204162 -0.01988326
0.01381504 -0.02116583
0.01570842 -0.02242119
0.01772129 -0.02364793
0.01985316 -0.02484473
0.02210349 -0.02601032
0.02447174 -0.02714354
0.02695732 -0.02824330
0.02955962 -0.02930858
0.03227798 -0.03033847
0.03511176 -0.03133213
0.03806023 -0.03228880
0.04112269 -0.03320785
0.04429836 -0.03408868
0.04758647 -0.03493083
0.05098621 -0.03573389
0.05449674 -0.03649757
0.05811718 -0.03722164
0.06184666 -0.03790598
0.06568424 -0.03855054
0.06962899 -0.03915535
0.07367992 -0.03972052
0.07783604 -0.04024625
0.08209632 -0.04073280
0.08645971 -0.04118051
0.09092514 -0.04158979
0.09549150 -0.04196111
0.10015767 -0.04229500
0.10492249 -0.04259204
0.10978480 -0.04285288
0.11474338 -0.04307821
0.11979702 -0.04326876
0.12494447 -0.04342531
0.13018445 -0.04354866
0.13551569 -0.04363966
0.14093685 -0.04369917
0.14644661 -0.04372807
0.15204360 -0.04372728
0.15772645 -0.04369770
0.16349374 -0.04364027
0.16934407 -0.04355590
0.17527598 -0.04344554
0.18128801 -0.04331010
0.18737867 -0.04315050
0.19354647 -0.04296764
0.19978989 -0.04276241
0.20610737 -0.04253568
0.21249737 -0.04228831
0.21895831 -0.04202111
0.22548859 -0.04173489
0.23208660 -0.04143043
0.23875072 -0.04110846
0.24547929 -0.04076971
0.25227067 -0.04041484
0.25912316 -0.04004451
0.26603509 -0.03965934
0.27300475 -0.03925992
0.28003042 -0.03884679
0.28711035 -0.03842048
0.29424282 -0.03798147
0.30142605 -0.03753023
0.30865828 -0.03706720
0.31593772 -0.03659278
0.32326258 -0.03610735
0.33063104 -0.03561128
0.33804129 -0.03510492
0.34549150 -0.03458859
0.35297984 -0.03406260
0.36050445 -0.03352726
0.36806348 -0.03298286
0.37565506 -0.03242969
0.38327732 -0.03186805
0.39092838 -0.03129822
0.39860635 -0.03072049
0.40630934 -0.03013518
0.41403545 -0.02954258
0.42178277 -0.02894303
0.42954938 -0.02833687
0.43733338 -0.02772446
0.44513284 -0.02710617
0.45294584 -0.02648240
0.46077045 -0.02585359
0.46860474 -0.02522018
0.47644677 -0.02458264
0.48429462 -0.02394149
0.49214634 -0.02329726
0.50000000 -0.02265050
0.50785366 -0.02200181
0.51570538 -0.02135179
0.52355323 -0.02070111
0.53139526 -0.02005042
0.53922955 -0.01940042
0.54705416 -0.01875182
0.55486716 -0.01810537
0.56266662 -0.01746182
0.57045062 -0.01682194
0.57821723 -0.01618651
0.58596455 -0.01555633
0.59369066 -0.01493219
0.60139365 -0.01431490
0.60907162 -0.01370525
0.61672268 -0.01310405
0.62434494 -0.01251207
0.63193652 -0.01193010
0.63949555 -0.01135889
0.64702016 -0.01079916
0.65450850 -0.01025164
0.66195871 -0.00971700
0.66936896 -0.00919589
0.67673742 -0.00868891
0.68406228 -0.00819664
0.69134172 -0.00771959
0.69857395 -0.00725826
0.70575718 -0.00681307
0.71288965 -0.00638438
0.71996958 -0.00597253
0.72699525 -0.00557778
0.73396491 -0.00520033
0.74087684 -0.00484033
0.74772933 -0.00449785
0.75452071 -0.00417294
0.76124928 -0.00386554
0.76791340 -0.00357557
0.77451141 -0.00330286
0.78104169 -0.00304719
0.78750263 -0.00280830
0.79389263 -0.00258584
0.80021011 -0.00237945
0.80645353 -0.00218868
0.81262133 -0.00201305
0.81871199 -0.00185203
0.82472402 -0.00170507
0.83065593 -0.00157155
0.83650626 -0.00145084
0.84227355 -0.00134228
0.84795640 -0.00124517
0.85355339 -0.00115880
0.85906315 -0.00108246
0.86448431 -0.00101540
0.86981555 -0.00095689
0.87505553 -0.00090618
0.88020298 -0.00086254
0.88525662 -0.00082523
0.89021520 -0.00079355
0.89507751 -0.00076679
0.89984233 -0.00074428
0.90450850 -0.00072537
0.90907486 -0.00070942
0.91354029 -0.00069585
0.91790368 -0.00068410
0.92216396 -0.00067366
0.92632008 -0.00066404
0.93037101 -0.00065480
0.93431576 -0.00064556
0.93815334 -0.00063597
0.94188282 -0.00062572
0.94550326 -0.00061456
0.94901379 -0.00060228
0.95241353 -0.00058871
0.95570164 -0.00057374
0.95887731 -0.00055728
0.96193977 -0.00053931
0.96488824 -0.00051983
0.96772202 -0.00049889
0.97044038 -0.00047656
0.97304268 -0.00045297
0.97552826 -0.00042826
0.97789651 -0.00040259
0.98014684 -0.00037617
0.98227871 -0.00034920
0.98429158 -0.00032193
0.98618496 -0.00029458
0.98795838 -0.00026742
0.98961141 -0.00024071
0.99114363 -0.00021469
0.99255466 -0.00018963
0.99384417 -0.00016578
0.99501183 -0.00014338
0.99605735 -0.00012266
0.99698048 -0.00010384
0.99778098 -0.00008710
0.99845867 -0.00007263
0.99901336 -0.00006058
0.99944494 -0.00005107
0.99975328 -0.00004421
0.99993832 -0.00004006
1.00000000 -0.00003867
