sample_099
1.00000000 0.00155748
0.99993832 0.00157328
0.99975328 0.00162069
0.99944494 0.00169969
0.99901336 0.00181029
0.99845867 0.00195246
0.99778098 0.00212618
0.99698048 0.00233144
0.99605735 0.00256818
0.99501183 0.00283638
0.99384417 0.00313596
0.99255466 0.00346686
0.99114363 0.00382899
0.98961141 0.00422223
0.98795838 0.00464646
0.98618496 0.00510152
0.98429158 0.00558722
0.98227871 0.00610336
0.98014684 0.00664969
0.97789651 0.00722593
0.97552826 0.00783175
0.97304268 0.00846681
0.97044038 0.00913071
0.96772202 0.00982300
0.96488824 0.01054319
0.96193977 0.01129076
0.95887731 0.01206512
0.95570164 0.01286565
0.95241353 0.01369168
0.94901379 0.01454247
0.94550326 0.01541726
0.94188282 0.01631524
0.93815334 0.01723555
0.93431576 0.01817727
0.93037101 0.01913948
0.92632008 0.02012117
0.92216396 0.02112134
0.91790368 0.02213892
0.91354029 0.02317285
0.90907486 0.02422201
0.90450850 0.02528527
0.89984233 0.02636148
0.89507751 0.02744949
0.89021520 0.02854813
0.88525662 0.02965623
0.88020298 0.03077261
0.87505553 0.03189612
0.86981555 0.03302560
0.86448431 0.03415992
0.85906315 0.03529795
0.85355339 0.03643862
0.84795640 0.03758085
0.84227355 0.03872362
0.83650626 0.03986594
0.83065593 0.04100687
0.82472402 0.04214549
0.81871199 0.04328095
0.81262133 0.04441245
0.80645353 0.04553922
0.80021011 0.04666057
0.79389263 0.04777586
0.78750263 0.04888448
0.78104169 0.04998591
0.77451141 0.05107965
0.76791340 0.05216529
0.76124928 0.05324245
0.75452071 0.05431080
0.74772933 0.05537007
0.74087684 0.05642002
0.73396491 0.05746048
0.72699525 0.05849128
0.71996958 0.05951230
0.71288965 0.06052348
0.70575718 0.06152473
0.69857395 0.06251602
0.69134172 0.06349733
0.68406228 0.06446863
0.67673742 0.06542991
0.66936896 0.06638115
0.66195871 0.06732233
0.65450850 0.06825342
0.64702016 0.06917435
0.63949555 0.07008504
0.63193652 0.07098539
0.62434494 0.07187525
0.61672268 0.07275444
0.60907162 0.07362272
0.60139365 0.07447983
0.59369066 0.07532543
0.58596455 0.07615915
0.57821723 0.07698055
0.57045062 0.07778913
0.56266662 0.07858433
0.55486716 0.07936554
0.54705416 0.08013207
0.53922955 0.08088317
0.53139526 0.08161805
0.52355323 0.08233583
0.51570538 0.08303560
0.50785366 0.08371638
0.50000000 0.08437712
0.49214634 0.08501677
0.48429462 0.08563418
0.47644677 0.08622819
0.46860474 0.08679761
0.46077045 0.08734120
0.45294584 0.08785772
0.44513284 0.08834589
0.43733338 0.08880443
0.42954938 0.08923206
0.42178277 0.08962749
0.41403545 0.08998946
0.40630934 0.09031672
0.39860635 0.09060802
0.39092838 0.09086219
0.38327732 0.09107805
0.37565506 0.09125450
0.36806348 0.09139048
0.36050445 0.09148498
0.35297984 0.09153708
0.34549150 0.09154591
0.33804129 0.09151069
0.33063104 0.09143071
0.32326258 0.09130536
0.31593772 0.09113411
0.30865828 0.09091653
0.30142605 0.09065228
0.29424282 0.09034114
0.28711035 0.08998298
0.28003042 0.08957776
0.27300475 0.08912557
0.26603509 0.08862658
0.25912316 0.08808109
0.25227067 0.08748948
0.24547929 0.08685224
0.23875072 0.08616997
0.23208660 0.08544334
0.22548859 0.08467314
0.21895831 0.08386023
0.21249737 0.08300557
0.20610737 0.08211019
0.19978989 0.08117521
0.19354647 0.08020180
0.18737867 0.07919120
0.18128801 0.07814472
0.17527598 0.07706372
0.16934407 0.07594959
0.16349374 0.07480378
0.15772645 0.07362776
0.15204360 0.07242303
0.14644661 0.07119111
0.14093685 0.06993353
0.13551569 0.06865183
0.13018445 0.06734756
0.12494447 0.06602225
0.11979702 0.06467742
0.11474338 0.06331458
0.10978480 0.06193521
0.10492249 0.06054076
0.10015767 0.05913266
0.09549150 0.05771229
0.09092514 0.05628100
0.08645971 0.05484007
0.08209632 0.05339076
0.07783604 0.05193426
0.07367992 0.05047172
0.06962899 0.04900421
0.06568424 0.04753275
0.06184666 0.04605833
0.05811718 0.04458182
0.05449674 0.04310408
0.05098621 0.04162588
0.04758647 0.04014793
0.04429836 0.03867088
0.04112269 0.03719531
0.03806023 0.03572175
0.03511176 0.03425066
0.03227798 0.03278244
0.02955962 0.03131745
0.02695732 0.02985596
0.02447174 0.02839821
0.02210349 0.02694438
0.01985316 0.02549460
0.01772129 0.02404895
0.01570842 0.02260747
0.01381504 0.02117015
0.01204162 0.01973694
0.01038859 0.01830775
0.00885637 0.01688246
0.00744534 0.01546090
0.00615583 0.01404290
0.00498817 0.01262823
0.00394265 0.01121666
0.00301952 0.00980791
0.00221902 0.00840171
0.00154133 0.00699774
0.00098664 0.00559570
0.00055506 0.00419525
0.00024672 0.00279605
0.00006168 0.00139775
0.00000000 0.00000000
0.00006168 -0.00127667
0.00024672 -0.00255093
0.00055506 -0.00382036
0.00098664 -0.00508257
0.00154133 -0.00633520
0.00221902 -0.00757589
0.00301952 -0.00880236
0.00394265 -0.01001236
0.00498817 -0.01120370
0.00615583 -0.01237425
0.00744534 -0.01352196
0.00885637 -0.01464484
0.01038859 -0.01574100
0.01204162 -0.01680862
0.01381504 -0.01784600
0.01570842 -0.01885152
0.01772129 -0.01982367
0.01985316 -0.02076104
0.02210349 -0.02166235
0.02447174 -0.02252641
0.02695732 -0.02335216
0.02955962 -0.02413866
0.03227798 -0.02488508
0.03511176 -0.02559073
0.03806023 -0.02625501
0.04112269 -0.02687747
0.04429836 -0.02745776
0.04758647 -0.02799567
0.05098621 -0.02849108
0.05449674 -0.02894401
0.05811718 -0.02935457
0.06184666 -0.02972300
0.06568424 -0.03004963
0.06962899 -0.03033491
0.07367992 -0.03057937
0.07783604 -0.03078363
0.08209632 -0.03094842
0.08645971 -0.03107455
0.09092514 -0.03116289
0.09549150 -0.03121440
0.10015767 -0.03123010
0.10492249 -0.03121107
0.10978480 -0.03115846
0.11474338 -0.03107345
0.11979702 -0.03095729
0.12494447 -0.03081124
0.13018445 -0.03063662
0.13551569 -0.03043475
0.14093685 -0.03020699
0.14644661 -0.02995471
0.15204360 -0.02967930
0.15772645 -0.02938213
0.16349374 -0.02906460
0.16934407 -0.02872808
0.17527598 -0.02837395
0.18128801 -0.02800357
0.18737867 -0.02761828
0.19354647 -0.02721939
0.19978989 -0.02680820
0.20610737 -0.02638597
0.21249737 -0.02595393
0.21895831 -0.02551329
0.22548859 -0.02506521
0.23208660 -0.02461080
0.23875072 -0.02415115
0.24547929 -0.02368729
0.25227067 -0.02322024
0.25912316 -0.02275092
0.26603509 -0.02228026
0.27300475 -0.02180910
0.28003042 -0.02133827
0.28711035 -0.02086853
0.29424282 -0.02040060
0.30142605 -0.01993516
0.30865828 -0.01947284
0.31593772 -0.01901422
0.32326258 -0.01855984
0.33063104 -0.01811022
0.33804129 -0.01766580
0.34549150 -0.01722701
0.35297984 -0.01679423
0.36050445 -0.01636781
0.36806348 -0.01594804
0.37565506 -0.01553521
0.38327732 -0.01512956
0.39092838 -0.01473130
0.39860635 -0.01434061
0.40630934 -0.01395765
0.41403545 -0.01358254
0.42178277 -0.01321539
0.42954938 -0.01285628
0.43733338 -0.01250527
0.44513284 -0.01216239
0.45294584 -0.01182767
0.46077045 -0.01150112
0.46860474 -0.01118271
0.47644677 -0.01087242
0.48429462 -0.01057021
0.49214634 -0.01027602
0.50000000 -0.00998979
0.50785366 -0.00971143
0.51570538 -0.00944087
0.52355323 -0.00917800
0.53139526 -0.00892272
0.53922955 -0.00867491
0.54705416 -0.00843446
0.55486716 -0.00820123
0.56266662 -0.00797510
0.57045062 -0.00775591
0.57821723 -0.00754354
0.58596455 -0.00733782
0.59369066 -0.00713860
0.60139365 -0.00694573
0.60907162 -0.00675904
0.61672268 -0.00657836
0.62434494 -0.00640352
0.63193652 -0.00623435
0.63949555 -0.00607068
0.64702016 -0.00591232
0.65450850 -0.00575910
0.66195871 -0.00561083
0.66936896 -0.00546733
0.67673742 -0.00532841
0.68406228 -0.00519389
0.69134172 -0.00506358
0.69857395 -0.00493729
0.70575718 -0.00481485
0.71288965 -0.00469605
0.71996958 -0.00458073
0.72699525 -0.00446869
0.73396491 -0.00435975
0.74087684 -0.00425374
0.74772933 -0.00415048
0.75452071 -0.00404979
0.76124928 -0.00395151
0.76791340 -0.00385548
0.77451141 -0.00376153
0.78104169 -0.00366951
0.78750263 -0.00357927
0.79389263 -0.00349066
0.80021011 -0.00340356
0.80645353 -0.00331782
0.81262133 -0.00323333
0.81871199 -0.00314997
0.82472402 -0.00306763
0.83065593 -0.00298621
0.83650626 -0.00290562
0.84227355 -0.00282578
0.84795640 -0.00274661
0.85355339 -0.00266805
0.85906315 -0.00259003
0.86448431 -0.00251251
0.86981555 -0.00243545
0.87505553 -0.00235882
0.88020298 -0.00228259
0.88525662 -0.00220676
0.89021520 -0.00213131
0.89507751 -0.00205625
0.89984233 -0.00198160
0.90450850 -0.00190736
0.90907486 -0.00183358
0.91354029 -0.00176027
0.91790368 -0.00168749
0.92216396 -0.00161527
0.92632008 -0.00154368
0.93037101 -0.00147277
0.93431576 -0.00140261
0.93815334 -0.00133326
0.94188282 -0.00126480
0.94550326 -0.00119731
0.94901379 -0.00113087
0.95241353 -0.00106555
0.95570164 -0.00100146
0.95887731 -0.00093868
0.96193977 -0.00087729
0.96488824 -0.00081739
0.96772202 -0.00075906
0.97044038 -0.00070241
0.97304268 -0.00064752
0.97552826 -0.00059448
0.97789651 -0.00054339
0.98014684 -0.00049432
0.98227871 -0.00044736
0.98429158 -0.00040261
0.98618496 -0.00036013
0.98795838 -0.00032000
0.98961141 -0.00028230
0.99114363 -0.00024710
0.99255466 -0.00021446
0.99384417 -0.00018444
0.99501183 -0.00015711
0.99605735 -0.00013251
0.99698048 -0.00011069
0.99778098 -0.00009170
0.99845867 -0.00007556
0.99901336 -0.00006231
0.99944494 -0.00005198
0.99975328 -0.00004459
0.99993832 -0.00004015
1.00000000 -0.00003867
