sample_1133
1.00000000 0.00155748
0.99993832 0.00157395
0.99975328 0.00162337
0.99944494 0.00170578
0.99901336 0.00182122
0.99845867 0.00196978
0.99778098 0.00215155
0.99698048 0.00236663
0.99605735 0.00261516
0.99501183 0.00289726
0.99384417 0.00321307
0.99255466 0.00356274
0.99114363 0.00394640
0.98961141 0.00436419
0.98795838 0.00481623
0.98618496 0.00530264
0.98429158 0.00582348
0.98227871 0.00637884
0.98014684 0.00696872
0.97789651 0.00759314
0.97552826 0.00825203
0.97304268 0.00894531
0.97044038 0.00967282
0.96772202 0.01043438
0.96488824 0.01122972
0.96193977 0.01205852
0.95887731 0.01292039
0.95570164 0.01381489
0.95241353 0.01474148
0.94901379 0.01569957
0.94550326 0.01668848
0.94188282 0.01770748
0.93815334 0.01875574
0.93431576 0.01983238
0.93037101 0.02093642
0.92632008 0.02206684
0.92216396 0.02322252
0.91790368 0.02440230
0.91354029 0.02560495
0.90907486 0.02682918
0.90450850 0.02807364
0.89984233 0.02933696
0.89507751 0.03061768
0.89021520 0.03191435
0.88525662 0.03322547
0.88020298 0.03454949
0.87505553 0.03588489
0.86981555 0.03723011
0.86448431 0.03858359
0.85906315 0.03994376
0.85355339 0.04130910
0.84795640 0.04267807
0.84227355 0.04404916
0.83650626 0.04542090
0.83065593 0.04679186
0.82472402 0.04816064
0.81871199 0.04952590
0.81262133 0.05088635
0.80645353 0.05224077
0.80021011 0.05358798
0.79389263 0.05492689
0.78750263 0.05625648
0.78104169 0.05757579
0.77451141 0.05888396
0.76791340 0.06018018
0.76124928 0.06146375
0.75452071 0.06273401
0.74772933 0.06399043
0.74087684 0.06523251
0.73396491 0.06645985
0.72699525 0.06767212
0.71996958 0.06886907
0.71288965 0.07005050
0.70575718 0.07121629
0.69857395 0.07236636
0.69134172 0.07350069
0.68406228 0.07461934
0.67673742 0.07572235
0.66936896 0.07680986
0.66195871 0.07788199
0.65450850 0.07893892
0.64702016 0.07998081
0.63949555 0.08100786
0.63193652 0.08202025
0.62434494 0.08301818
0.61672268 0.08400182
0.60907162 0.08497131
0.60139365 0.08592679
0.59369066 0.08686836
0.58596455 0.08779607
0.57821723 0.08870994
0.57045062 0.08960995
0.56266662 0.09049601
0.55486716 0.09136797
0.54705416 0.09222564
0.53922955 0.09306875
0.53139526 0.09389696
0.52355323 0.09470989
0.51570538 0.09550704
0.50785366 0.09628790
0.50000000 0.09705183
0.49214634 0.09779818
0.48429462 0.09852617
0.47644677 0.09923500
0.46860474 0.09992379
0.46077045 0.10059159
0.45294584 0.10123741
0.44513284 0.10186020
0.43733338 0.10245884
0.42954938 0.10303221
0.42178277 0.10357910
0.41403545 0.10409832
0.40630934 0.10458860
0.39860635 0.10504870
0.39092838 0.10547734
0.38327732 0.10587323
0.37565506 0.10623509
0.36806348 0.10656165
0.36050445 0.10685164
0.35297984 0.10710383
0.34549150 0.10731700
0.33804129 0.10748998
0.33063104 0.10762163
0.32326258 0.10771085
0.31593772 0.10775661
0.30865828 0.10775792
0.30142605 0.10771388
0.29424282 0.10762363
0.28711035 0.10748639
0.28003042 0.10730147
0.27300475 0.10706823
0.26603509 0.10678615
0.25912316 0.10645477
0.25227067 0.10607372
0.24547929 0.10564271
0.23875072 0.10516156
0.23208660 0.10463016
0.22548859 0.10404851
0.21895831 0.10341666
0.21249737 0.10273478
0.20610737 0.10200312
0.19978989 0.10122200
0.19354647 0.10039183
0.18737867 0.09951309
0.18128801 0.09858636
0.17527598 0.09761225
0.16934407 0.09659148
0.16349374 0.09552479
0.15772645 0.09441301
0.15204360 0.09325701
0.14644661 0.09205773
0.14093685 0.09081612
0.13551569 0.08953321
0.13018445 0.08821004
0.12494447 0.08684768
0.11979702 0.08544724
0.11474338 0.08400985
0.10978480 0.08253665
0.10492249 0.08102880
0.10015767 0.07948747
0.09549150 0.07791381
0.09092514 0.07630902
0.08645971 0.07467425
0.08209632 0.07301067
0.07783604 0.07131943
0.07367992 0.06960167
0.06962899 0.06785852
0.06568424 0.06609109
0.06184666 0.06430047
0.05811718 0.06248772
0.05449674 0.06065390
0.05098621 0.05880003
0.04758647 0.05692710
0.04429836 0.05503608
0.04112269 0.05312792
0.03806023 0.05120353
0.03511176 0.04926381
0.03227798 0.04730962
0.02955962 0.04534179
0.02695732 0.04336114
0.02447174 0.04136844
0.02210349 0.03936446
0.01985316 0.03734992
0.01772129 0.03532554
0.01570842 0.03329201
0.01381504 0.03124998
0.01204162 0.02920011
0.01038859 0.02714301
0.00885637 0.02507930
0.00744534 0.02300956
0.00615583 0.02093436
0.00498817 0.01885427
0.00394265 0.01676983
0.00301952 0.01468158
0.00221902 0.01259003
0.00154133 0.01049571
0.00098664 0.00839912
0.00055506 0.00630076
0.00024672 0.00420113
0.00006168 0.00210071
0.00000000 0.00000000
0.00006168 -0.00137005
0.00024672 -0.00273860
0.00055506 -0.00410415
0.00098664 -0.00546521
0.00154133 -0.00682029
0.00221902 -0.00816791
0.00301952 -0.00950662
0.00394265 -0.01083497
0.00498817 -0.01215154
0.00615583 -0.01345492
0.00744534 -0.01474374
0.00885637 -0.01601665
0.01038859 -0.01727232
0.01204162 -0.01850947
0.01381504 -0.01972685
0.01570842 -0.02092324
0.01772129 -0.02209745
0.01985316 -0.02324835
0.02210349 -0.02437484
0.02447174 -0.02547587
0.02695732 -0.02655043
0.02955962 -0.02759755
0.03227798 -0.02861633
0.03511176 -0.02960589
0.03806023 -0.03056543
0.04112269 -0.03149418
0.04429836 -0.03239142
0.04758647 -0.03325650
0.05098621 -0.03408880
0.05449674 -0.03488778
0.05811718 -0.03565293
0.06184666 -0.03638380
0.06568424 -0.03708000
0.06962899 -0.03774117
0.07367992 -0.03836703
0.07783604 -0.03895734
0.08209632 -0.03951191
0.08645971 -0.04003059
0.09092514 -0.04051330
0.09549150 -0.04095999
0.10015767 -0.04137067
0.10492249 -0.04174539
0.10978480 -0.04208425
0.11474338 -0.04238738
0.11979702 -0.04265496
0.12494447 -0.04288721
0.13018445 -0.04308440
0.13551569 -0.04324682
0.14093685 -0.04337480
0.14644661 -0.04346872
0.15204360 -0.04352897
0.15772645 -0.04355599
0.16349374 -0.04355024
0.16934407 -0.04351221
0.17527598 -0.04344241
0.18128801 -0.04334140
0.18737867 -0.04320973
0.19354647 -0.04304800
0.19978989 -0.04285682
0.20610737 -0.04263682
0.21249737 -0.04238864
0.21895831 -0.04211296
0.22548859 -0.04181047
0.23208660 -0.04148185
0.23875072 -0.04112783
0.24547929 -0.04074914
0.25227067 -0.04034652
0.25912316 -0.03992073
0.26603509 -0.03947254
0.27300475 -0.03900272
0.28003042 -0.03851207
0.28711035 -0.03800139
0.29424282 -0.03747150
0.30142605 -0.03692321
0.30865828 -0.03635737
0.31593772 -0.03577482
0.32326258 -0.03517641
0.33063104 -0.03456301
0.33804129 -0.03393549
0.34549150 -0.03329473
0.35297984 -0.03264162
0.36050445 -0.03197706
0.36806348 -0.03130197
0.37565506 -0.03061726
0.38327732 -0.02992386
0.39092838 -0.02922269
0.39860635 -0.02851470
0.40630934 -0.02780083
0.41403545 -0.02708204
0.42178277 -0.02635929
0.42954938 -0.02563352
0.43733338 -0.02490571
0.44513284 -0.02417682
0.45294584 -0.02344782
0.46077045 -0.02271967
0.46860474 -0.02199334
0.47644677 -0.02126977
0.48429462 -0.02054994
0.49214634 -0.01983477
0.50000000 -0.01912522
0.50785366 -0.01842219
0.51570538 -0.01772661
0.52355323 -0.01703936
0.53139526 -0.01636132
0.53922955 -0.01569336
0.54705416 -0.01503629
0.55486716 -0.01439093
0.56266662 -0.01375805
0.57045062 -0.01313840
0.57821723 -0.01253270
0.58596455 -0.01194162
0.59369066 -0.01136580
0.60139365 -0.01080584
0.60907162 -0.01026230
0.61672268 -0.00973568
0.62434494 -0.00922646
0.63193652 -0.00873503
0.63949555 -0.00826177
0.64702016 -0.00780699
0.65450850 -0.00737093
0.66195871 -0.00695380
0.66936896 -0.00655575
0.67673742 -0.00617685
0.68406228 -0.00581714
0.69134172 -0.00547658
0.69857395 -0.00515509
0.70575718 -0.00485251
0.71288965 -0.00456865
0.71996958 -0.00430325
0.72699525 -0.00405598
0.73396491 -0.00382648
0.74087684 -0.00361432
0.74772933 -0.00341904
0.75452071 -0.00324011
0.76124928 -0.00307696
0.76791340 -0.00292899
0.77451141 -0.00279555
0.78104169 -0.00267594
0.78750263 -0.00256947
0.79389263 -0.00247537
0.80021011 -0.00239287
0.80645353 -0.00232119
0.81262133 -0.00225951
0.81871199 -0.00220701
0.82472402 -0.00216285
0.83065593 -0.00212621
0.83650626 -0.00209625
0.84227355 -0.00207213
0.84795640 -0.00205303
0.85355339 -0.00203816
0.85906315 -0.00202671
0.86448431 -0.00201793
0.86981555 -0.00201107
0.87505553 -0.00200542
0.88020298 -0.00200031
0.88525662 -0.00199509
0.89021520 -0.00198916
0.89507751 -0.00198197
0.89984233 -0.00197302
0.90450850 -0.00196182
0.90907486 -0.00194798
0.91354029 -0.00193112
0.91790368 -0.00191095
0.92216396 -0.00188721
0.92632008 -0.00185969
0.93037101 -0.00182826
0.93431576 -0.00179282
0.93815334 -0.00175334
0.94188282 -0.00170982
0.94550326 -0.00166235
0.94901379 -0.00161103
0.95241353 -0.00155603
0.95570164 -0.00149756
0.95887731 -0.00143588
0.96193977 -0.00137128
0.96488824 -0.00130409
0.96772202 -0.00123468
0.97044038 -0.00116344
0.97304268 -0.00109079
0.97552826 -0.00101718
0.97789651 -0.00094306
0.98014684 -0.00086890
0.98227871 -0.00079520
0.98429158 -0.00072243
0.98618496 -0.00065109
0.98795838 -0.00058165
0.98961141 -0.00051461
0.99114363 -0.00045041
0.99255466 -0.00038951
0.99384417 -0.00033234
0.99501183 -0.00027930
0.99605735 -0.00023077
0.99698048 -0.00018709
0.99778098 -0.00014857
0.99845867 -0.00011550
0.99901336 -0.00008811
0.99944494 -0.00006660
0.99975328 -0.00005112
0.99993832 -0.00004179
1.00000000 -0.00003867
