sample_1410
1.00000000 0.00155748
0.99993832 0.00157333
0.99975328 0.00162087
0.99944494 0.00170009
0.99901336 0.00181099
0.99845867 0.00195353
0.99778098 0.00212771
0.99698048 0.00233348
0.99605735 0.00257080
0.99501183 0.00283962
0.99384417 0.00313989
0.99255466 0.00347151
0.99114363 0.00383441
0.98961141 0.00422848
0.98795838 0.00465360
0.98618496 0.00510961
0.98429158 0.00559636
0.98227871 0.00611366
0.98014684 0.00666130
0.97789651 0.00723902
0.97552826 0.00784657
0.97304268 0.00848364
0.97044038 0.00914989
0.96772202 0.00984496
0.96488824 0.01056844
0.96193977 0.01131989
0.95887731 0.01209884
0.95570164 0.01290477
0.95241353 0.01373712
0.94901379 0.01459529
0.94550326 0.01547866
0.94188282 0.01638654
0.93815334 0.01731823
0.93431576 0.01827296
0.93037101 0.01924996
0.92632008 0.02024838
0.92216396 0.02126737
0.91790368 0.02230603
0.91354029 0.02336342
0.90907486 0.02443858
0.90450850 0.02553052
0.89984233 0.02663823
0.89507751 0.02776066
0.89021520 0.02889676
0.88525662 0.03004542
0.88020298 0.03120557
0.87505553 0.03237609
0.86981555 0.03355586
0.86448431 0.03474375
0.85906315 0.03593863
0.85355339 0.03713936
0.84795640 0.03834481
0.84227355 0.03955386
0.83650626 0.04076539
0.83065593 0.04197829
0.82472402 0.04319145
0.81871199 0.04440381
0.81262133 0.04561430
0.80645353 0.04682187
0.80021011 0.04802551
0.79389263 0.04922421
0.78750263 0.05041700
0.78104169 0.05160294
0.77451141 0.05278111
0.76791340 0.05395062
0.76124928 0.05511061
0.75452071 0.05626024
0.74772933 0.05739873
0.74087684 0.05852530
0.73396491 0.05963921
0.72699525 0.06073976
0.71996958 0.06182626
0.71288965 0.06289807
0.70575718 0.06395457
0.69857395 0.06499516
0.69134172 0.06601928
0.68406228 0.06702638
0.67673742 0.06801596
0.66936896 0.06898751
0.66195871 0.06994056
0.65450850 0.07087467
0.64702016 0.07178941
0.63949555 0.07268436
0.63193652 0.07355912
0.62434494 0.07441332
0.61672268 0.07524659
0.60907162 0.07605859
0.60139365 0.07684896
0.59369066 0.07761740
0.58596455 0.07836357
0.57821723 0.07908718
0.57045062 0.07978794
0.56266662 0.08046555
0.55486716 0.08111975
0.54705416 0.08175027
0.53922955 0.08235686
0.53139526 0.08293927
0.52355323 0.08349726
0.51570538 0.08403062
0.50785366 0.08453912
0.50000000 0.08502257
0.49214634 0.08548077
0.48429462 0.08591356
0.47644677 0.08632076
0.46860474 0.08670222
0.46077045 0.08705782
0.45294584 0.08738743
0.44513284 0.08769095
0.43733338 0.08796830
0.42954938 0.08821940
0.42178277 0.08844421
0.41403545 0.08864269
0.40630934 0.08881483
0.39860635 0.08896064
0.39092838 0.08908013
0.38327732 0.08917335
0.37565506 0.08924037
0.36806348 0.08928124
0.36050445 0.08929608
0.35297984 0.08928498
0.34549150 0.08924806
0.33804129 0.08918547
0.33063104 0.08909735
0.32326258 0.08898385
0.31593772 0.08884514
0.30865828 0.08868138
0.30142605 0.08849275
0.29424282 0.08827942
0.28711035 0.08804156
0.28003042 0.08777934
0.27300475 0.08749292
0.26603509 0.08718245
0.25912316 0.08684807
0.25227067 0.08648991
0.24547929 0.08610807
0.23875072 0.08570264
0.23208660 0.08527369
0.22548859 0.08482125
0.21895831 0.08434535
0.21249737 0.08384596
0.20610737 0.08332304
0.19978989 0.08277651
0.19354647 0.08220626
0.18737867 0.08161215
0.18128801 0.08099400
0.17527598 0.08035158
0.16934407 0.07968466
0.16349374 0.07899293
0.15772645 0.07827609
0.15204360 0.07753378
0.14644661 0.07676562
0.14093685 0.07597118
0.13551569 0.07515004
0.13018445 0.07430172
0.12494447 0.07342574
0.11979702 0.07252159
0.11474338 0.07158875
0.10978480 0.07062670
0.10492249 0.06963490
0.10015767 0.06861282
0.09549150 0.06755992
0.09092514 0.06647569
0.08645971 0.06535961
0.08209632 0.06421121
0.07783604 0.06303002
0.07367992 0.06181562
0.06962899 0.06056761
0.06568424 0.05928565
0.06184666 0.05796944
0.05811718 0.05661874
0.05449674 0.05523336
0.05098621 0.05381318
0.04758647 0.05235815
0.04429836 0.05086831
0.04112269 0.04934374
0.03806023 0.04778465
0.03511176 0.04619130
0.03227798 0.04456406
0.02955962 0.04290338
0.02695732 0.04120980
0.02447174 0.03948398
0.02210349 0.03772664
0.01985316 0.03593864
0.01772129 0.03412091
0.01570842 0.03227447
0.01381504 0.03040045
0.01204162 0.02850007
0.01038859 0.02657464
0.00885637 0.02462556
0.00744534 0.02265430
0.00615583 0.02066244
0.00498817 0.01865160
0.00394265 0.01662349
0.00301952 0.01457988
0.00221902 0.01252261
0.00154133 0.01045354
0.00098664 0.00837462
0.00055506 0.00628779
0.00024672 0.00419507
0.00006168 0.00209846
0.00000000 0.00000000
0.00006168 -0.00125270
0.00024672 -0.00250347
0.00055506 -0.00375035
0.00098664 -0.00499142
0.00154133 -0.00622475
0.00221902 -0.00744842
0.00301952 -0.00866053
0.00394265 -0.00985919
0.00498817 -0.01104256
0.00615583 -0.01220877
0.00744534 -0.01335604
0.00885637 -0.01448256
0.01038859 -0.01558660
0.01204162 -0.01666645
0.01381504 -0.01772044
0.01570842 -0.01874694
0.01772129 -0.01974439
0.01985316 -0.02071127
0.02210349 -0.02164612
0.02447174 -0.02254753
0.02695732 -0.02341418
0.02955962 -0.02424481
0.03227798 -0.02503823
0.03511176 -0.02579334
0.03806023 -0.02650911
0.04112269 -0.02718461
0.04429836 -0.02781900
0.04758647 -0.02841152
0.05098621 -0.02896154
0.05449674 -0.02946850
0.05811718 -0.02993196
0.06184666 -0.03035160
0.06568424 -0.03072720
0.06962899 -0.03105864
0.07367992 -0.03134595
0.07783604 -0.03158923
0.08209632 -0.03178875
0.08645971 -0.03194485
0.09092514 -0.03205802
0.09549150 -0.03212885
0.10015767 -0.03215806
0.10492249 -0.03214647
0.10978480 -0.03209501
0.11474338 -0.03200474
0.11979702 -0.03187682
0.12494447 -0.03171248
0.13018445 -0.03151310
0.13551569 -0.03128011
0.14093685 -0.03101504
0.14644661 -0.03071951
0.15204360 -0.03039520
0.15772645 -0.03004387
0.16349374 -0.02966733
0.16934407 -0.02926745
0.17527598 -0.02884613
0.18128801 -0.02840531
0.18737867 -0.02794698
0.19354647 -0.02747312
0.19978989 -0.02698572
0.20610737 -0.02648678
0.21249737 -0.02597830
0.21895831 -0.02546224
0.22548859 -0.02494055
0.23208660 -0.02441513
0.23875072 -0.02388785
0.24547929 -0.02336051
0.25227067 -0.02283486
0.25912316 -0.02231259
0.26603509 -0.02179530
0.27300475 -0.02128450
0.28003042 -0.02078164
0.28711035 -0.02028806
0.29424282 -0.01980498
0.30142605 -0.01933355
0.30865828 -0.01887480
0.31593772 -0.01842964
0.32326258 -0.01799887
0.33063104 -0.01758318
0.33804129 -0.01718315
0.34549150 -0.01679923
0.35297984 -0.01643176
0.36050445 -0.01608097
0.36806348 -0.01574698
0.37565506 -0.01542977
0.38327732 -0.01512926
0.39092838 -0.01484523
0.39860635 -0.01457737
0.40630934 -0.01432530
0.41403545 -0.01408851
0.42178277 -0.01386645
0.42954938 -0.01365846
0.43733338 -0.01346383
0.44513284 -0.01328179
0.45294584 -0.01311150
0.46077045 -0.01295209
0.46860474 -0.01280263
0.47644677 -0.01266220
0.48429462 -0.01252980
0.49214634 -0.01240445
0.50000000 -0.01228517
0.50785366 -0.01217095
0.51570538 -0.01206081
0.52355323 -0.01195377
0.53139526 -0.01184889
0.53922955 -0.01174523
0.54705416 -0.01164191
0.55486716 -0.01153807
0.56266662 -0.01143292
0.57045062 -0.01132569
0.57821723 -0.01121568
0.58596455 -0.01110225
0.59369066 -0.01098482
0.60139365 -0.01086285
0.60907162 -0.01073591
0.61672268 -0.01060360
0.62434494 -0.01046560
0.63193652 -0.01032166
0.63949555 -0.01017159
0.64702016 -0.01001529
0.65450850 -0.00985269
0.66195871 -0.00968382
0.66936896 -0.00950874
0.67673742 -0.00932760
0.68406228 -0.00914058
0.69134172 -0.00894792
0.69857395 -0.00874993
0.70575718 -0.00854693
0.71288965 -0.00833931
0.71996958 -0.00812748
0.72699525 -0.00791189
0.73396491 -0.00769301
0.74087684 -0.00747134
0.74772933 -0.00724740
0.75452071 -0.00702170
0.76124928 -0.00679478
0.76791340 -0.00656719
0.77451141 -0.00633946
0.78104169 -0.00611212
0.78750263 -0.00588570
0.79389263 -0.00566071
0.80021011 -0.00543764
0.80645353 -0.00521696
0.81262133 -0.00499913
0.81871199 -0.00478458
0.82472402 -0.00457370
0.83065593 -0.00436686
0.83650626 -0.00416441
0.84227355 -0.00396664
0.84795640 -0.00377384
0.85355339 -0.00358623
0.85906315 -0.00340404
0.86448431 -0.00322742
0.86981555 -0.00305652
0.87505553 -0.00289144
0.88020298 -0.00273225
0.88525662 -0.00257900
0.89021520 -0.00243171
0.89507751 -0.00229035
0.89984233 -0.00215489
0.90450850 -0.00202527
0.90907486 -0.00190140
0.91354029 -0.00178317
0.91790368 -0.00167047
0.92216396 -0.00156316
0.92632008 -0.00146108
0.93037101 -0.00136408
0.93431576 -0.00127199
0.93815334 -0.00118464
0.94188282 -0.00110184
0.94550326 -0.00102342
0.94901379 -0.00094920
0.95241353 -0.00087899
0.95570164 -0.00081262
0.95887731 -0.00074992
0.96193977 -0.00069072
0.96488824 -0.00063486
0.96772202 -0.00058220
0.97044038 -0.00053259
0.97304268 -0.00048589
0.97552826 -0.00044199
0.97789651 -0.00040076
0.98014684 -0.00036212
0.98227871 -0.00032595
0.98429158 -0.00029217
0.98618496 -0.00026072
0.98795838 -0.00023152
0.98961141 -0.00020452
0.99114363 -0.00017966
0.99255466 -0.00015690
0.99384417 -0.00013622
0.99501183 -0.00011757
0.99605735 -0.00010093
0.99698048 -0.00008629
0.99778098 -0.00007363
0.99845867 -0.00006293
0.99901336 -0.00005419
0.99944494 -0.00004740
0.99975328 -0.00004255
0.99993832 -0.00003964
1.00000000 -0.00003867
