sample_1188
1.00000000 0.00155748
0.99993832 0.00157231
0.99975328 0.00161682
0.99944494 0.00169102
0.99901336 0.00179494
0.99845867 0.00192861
0.99778098 0.00209209
0.99698048 0.00228543
0.99605735 0.00250870
0.99501183 0.00276196
0.99384417 0.00304529
0.99255466 0.00335877
0.99114363 0.00370246
0.98961141 0.00407644
0.98795838 0.00448078
0.98618496 0.00491553
0.98429158 0.00538076
0.98227871 0.00587649
0.98014684 0.00640275
0.97789651 0.00695954
0.97552826 0.00754685
0.97304268 0.00816463
0.97044038 0.00881282
0.96772202 0.00949132
0.96488824 0.01020001
0.96193977 0.01093871
0.95887731 0.01170724
0.95570164 0.01250536
0.95241353 0.01333278
0.94901379 0.01418919
0.94550326 0.01507421
0.94188282 0.01598743
0.93815334 0.01692840
0.93431576 0.01789659
0.93037101 0.01889145
0.92632008 0.01991238
0.92216396 0.02095870
0.91790368 0.02202970
0.91354029 0.02312461
0.90907486 0.02424263
0.90450850 0.02538289
0.89984233 0.02654445
0.89507751 0.02772638
0.89021520 0.02892764
0.88525662 0.03014718
0.88020298 0.03138390
0.87505553 0.03263665
0.86981555 0.03390424
0.86448431 0.03518546
0.85906315 0.03647904
0.85355339 0.03778369
0.84795640 0.03909808
0.84227355 0.04042086
0.83650626 0.04175066
0.83065593 0.04308608
0.82472402 0.04442571
0.81871199 0.04576811
0.81262133 0.04711184
0.80645353 0.04845545
0.80021011 0.04979749
0.79389263 0.05113649
0.78750263 0.05247100
0.78104169 0.05379957
0.77451141 0.05512075
0.76791340 0.05643310
0.76124928 0.05773522
0.75452071 0.05902569
0.74772933 0.06030313
0.74087684 0.06156619
0.73396491 0.06281353
0.72699525 0.06404385
0.71996958 0.06525588
0.71288965 0.06644838
0.70575718 0.06762014
0.69857395 0.06877000
0.69134172 0.06989683
0.68406228 0.07099956
0.67673742 0.07207715
0.66936896 0.07312861
0.66195871 0.07415299
0.65450850 0.07514940
0.64702016 0.07611699
0.63949555 0.07705498
0.63193652 0.07796262
0.62434494 0.07883923
0.61672268 0.07968418
0.60907162 0.08049689
0.60139365 0.08127685
0.59369066 0.08202358
0.58596455 0.08273668
0.57821723 0.08341580
0.57045062 0.08406064
0.56266662 0.08467097
0.55486716 0.08524661
0.54705416 0.08578742
0.53922955 0.08629334
0.53139526 0.08676435
0.52355323 0.08720048
0.51570538 0.08760183
0.50785366 0.08796854
0.50000000 0.08830080
0.49214634 0.08859885
0.48429462 0.08886298
0.47644677 0.08909352
0.46860474 0.08929085
0.46077045 0.08945539
0.45294584 0.08958761
0.44513284 0.08968799
0.43733338 0.08975706
0.42954938 0.08979541
0.42178277 0.08980361
0.41403545 0.08978229
0.40630934 0.08973209
0.39860635 0.08965369
0.39092838 0.08954776
0.38327732 0.08941500
0.37565506 0.08925612
0.36806348 0.08907183
0.36050445 0.08886285
0.35297984 0.08862991
0.34549150 0.08837371
0.33804129 0.08809497
0.33063104 0.08779438
0.32326258 0.08747261
0.31593772 0.08713034
0.30865828 0.08676819
0.30142605 0.08638679
0.29424282 0.08598671
0.28711035 0.08556850
0.28003042 0.08513268
0.27300475 0.08467972
0.26603509 0.08421005
0.25912316 0.08372404
0.25227067 0.08322205
0.24547929 0.08270435
0.23875072 0.08217117
0.23208660 0.08162270
0.22548859 0.08105904
0.21895831 0.08048028
0.21249737 0.07988642
0.20610737 0.07927739
0.19978989 0.07865310
0.19354647 0.07801336
0.18737867 0.07735797
0.18128801 0.07668662
0.17527598 0.07599897
0.16934407 0.07529465
0.16349374 0.07457319
0.15772645 0.07383411
0.15204360 0.07307686
0.14644661 0.07230087
0.14093685 0.07150550
0.13551569 0.07069011
0.13018445 0.06985400
0.12494447 0.06899647
0.11979702 0.06811677
0.11474338 0.06721417
0.10978480 0.06628789
0.10492249 0.06533717
0.10015767 0.06436126
0.09549150 0.06335940
0.09092514 0.06233084
0.08645971 0.06127488
0.08209632 0.06019080
0.07783604 0.05907795
0.07367992 0.05793571
0.06962899 0.05676349
0.06568424 0.05556077
0.06184666 0.05432708
0.05811718 0.05306200
0.05449674 0.05176519
0.05098621 0.05043639
0.04758647 0.04907540
0.04429836 0.04768211
0.04112269 0.04625649
0.03806023 0.04479861
0.03511176 0.04330862
0.03227798 0.04178677
0.02955962 0.04023341
0.02695732 0.03864899
0.02447174 0.03703405
0.02210349 0.03538925
0.01985316 0.03371531
0.01772129 0.03201311
0.01570842 0.03028356
0.01381504 0.02852773
0.01204162 0.02674675
0.01038859 0.02494184
0.00885637 0.02311432
0.00744534 0.02126560
0.00615583 0.01939714
0.00498817 0.01751052
0.00394265 0.01560736
0.00301952 0.01368935
0.00221902 0.01175824
0.00154133 0.00981582
0.00098664 0.00786395
0.00055506 0.00590451
0.00024672 0.00393941
0.00006168 0.00197059
0.00000000 0.00000000
0.00006168 -0.00115882
0.00024672 -0.00231610
0.00055506 -0.00347026
0.00098664 -0.00461978
0.00154133 -0.00576310
0.00221902 -0.00689871
0.00301952 -0.00802507
0.00394265 -0.00914070
0.00498817 -0.01024411
0.00615583 -0.01133384
0.00744534 -0.01240847
0.00885637 -0.01346657
0.01038859 -0.01450677
0.01204162 -0.01552774
0.01381504 -0.01652815
0.01570842 -0.01750675
0.01772129 -0.01846230
0.01985316 -0.01939363
0.02210349 -0.02029959
0.02447174 -0.02117911
0.02695732 -0.02203114
0.02955962 -0.02285473
0.03227798 -0.02364894
0.03511176 -0.02441294
0.03806023 -0.02514593
0.04112269 -0.02584718
0.04429836 -0.02651604
0.04758647 -0.02715194
0.05098621 -0.02775435
0.05449674 -0.02832284
0.05811718 -0.02885706
0.06184666 -0.02935673
0.06568424 -0.02982163
0.06962899 -0.03025164
0.07367992 -0.03064673
0.07783604 -0.03100691
0.08209632 -0.03133232
0.08645971 -0.03162314
0.09092514 -0.03187964
0.09549150 -0.03210218
0.10015767 -0.03229118
0.10492249 -0.03244713
0.10978480 -0.03257061
0.11474338 -0.03266226
0.11979702 -0.03272278
0.12494447 -0.03275295
0.13018445 -0.03275358
0.13551569 -0.03272558
0.14093685 -0.03266987
0.14644661 -0.03258743
0.15204360 -0.03247931
0.15772645 -0.03234656
0.16349374 -0.03219028
0.16934407 -0.03201161
0.17527598 -0.03181170
0.18128801 -0.03159171
0.18737867 -0.03135284
0.19354647 -0.03109628
0.19978989 -0.03082321
0.20610737 -0.03053484
0.21249737 -0.03023235
0.21895831 -0.02991691
0.22548859 -0.02958967
0.23208660 -0.02925177
0.23875072 -0.02890431
0.24547929 -0.02854836
0.25227067 -0.02818497
0.25912316 -0.02781514
0.26603509 -0.02743983
0.27300475 -0.02705994
0.28003042 -0.02667636
0.28711035 -0.02628989
0.29424282 -0.02590130
0.30142605 -0.02551132
0.30865828 -0.02512060
0.31593772 -0.02472974
0.32326258 -0.02433931
0.33063104 -0.02394979
0.33804129 -0.02356164
0.34549150 -0.02317526
0.35297984 -0.02279098
0.36050445 -0.02240909
0.36806348 -0.02202985
0.37565506 -0.02165346
0.38327732 -0.02128008
0.39092838 -0.02090983
0.39860635 -0.02054281
0.40630934 -0.02017906
0.41403545 -0.01981861
0.42178277 -0.01946146
0.42954938 -0.01910759
0.43733338 -0.01875697
0.44513284 -0.01840953
0.45294584 -0.01806523
0.46077045 -0.01772399
0.46860474 -0.01738574
0.47644677 -0.01705041
0.48429462 -0.01671792
0.49214634 -0.01638823
0.50000000 -0.01606127
0.50785366 -0.01573701
0.51570538 -0.01541542
0.52355323 -0.01509648
0.53139526 -0.01478022
0.53922955 -0.01446665
0.54705416 -0.01415583
0.55486716 -0.01384781
0.56266662 -0.01354269
0.57045062 -0.01324057
0.57821723 -0.01294159
0.58596455 -0.01264588
0.59369066 -0.01235362
0.60139365 -0.01206499
0.60907162 -0.01178018
0.61672268 -0.01149941
0.62434494 -0.01122289
0.63193652 -0.01095086
0.63949555 -0.01068355
0.64702016 -0.01042119
0.65450850 -0.01016402
0.66195871 -0.00991228
0.66936896 -0.00966619
0.67673742 -0.00942597
0.68406228 -0.00919182
0.69134172 -0.00896393
0.69857395 -0.00874248
0.70575718 -0.00852760
0.71288965 -0.00831943
0.71996958 -0.00811807
0.72699525 -0.00792357
0.73396491 -0.00773598
0.74087684 -0.00755531
0.74772933 -0.00738152
0.75452071 -0.00721456
0.76124928 -0.00705432
0.76791340 -0.00690067
0.77451141 -0.00675344
0.78104169 -0.00661242
0.78750263 -0.00647738
0.79389263 -0.00634803
0.80021011 -0.00622407
0.80645353 -0.00610517
0.81262133 -0.00599095
0.81871199 -0.00588103
0.82472402 -0.00577500
0.83065593 -0.00567243
0.83650626 -0.00557286
0.84227355 -0.00547584
0.84795640 -0.00538089
0.85355339 -0.00528755
0.85906315 -0.00519534
0.86448431 -0.00510378
0.86981555 -0.00501243
0.87505553 -0.00492082
0.88020298 -0.00482853
0.88525662 -0.00473514
0.89021520 -0.00464026
0.89507751 -0.00454354
0.89984233 -0.00444464
0.90450850 -0.00434329
0.90907486 -0.00423921
0.91354029 -0.00413220
0.91790368 -0.00402209
0.92216396 -0.00390877
0.92632008 -0.00379215
0.93037101 -0.00367221
0.93431576 -0.00354898
0.93815334 -0.00342253
0.94188282 -0.00329299
0.94550326 -0.00316055
0.94901379 -0.00302541
0.95241353 -0.00288786
0.95570164 -0.00274823
0.95887731 -0.00260687
0.96193977 -0.00246419
0.96488824 -0.00232064
0.96772202 -0.00217669
0.97044038 -0.00203287
0.97304268 -0.00188971
0.97552826 -0.00174777
0.97789651 -0.00160764
0.98014684 -0.00146991
0.98227871 -0.00133519
0.98429158 -0.00120409
0.98618496 -0.00107722
0.98795838 -0.00095518
0.98961141 -0.00083858
0.99114363 -0.00072797
0.99255466 -0.00062393
0.99384417 -0.00052698
0.99501183 -0.00043764
0.99605735 -0.00035635
0.99698048 -0.00028357
0.99778098 -0.00021967
0.99845867 -0.00016500
0.99901336 -0.00011985
0.99944494 -0.00008448
0.99975328 -0.00005908
0.99993832 -0.00004378
1.00000000 -0.00003867
