sample_516
1.00000000 0.00155748
0.99993832 0.00157054
0.99975328 0.00160972
0.99944494 0.00167508
0.99901336 0.00176666
0.99845867 0.00188456
0.99778098 0.00202888
0.99698048 0.00219976
0.99605735 0.00239735
0.99501183 0.00262181
0.99384417 0.00287334
0.99255466 0.00315212
0.99114363 0.00345837
0.98961141 0.00379230
0.98795838 0.00415414
0.98618496 0.00454411
0.98429158 0.00496244
0.98227871 0.00540934
0.98014684 0.00588502
0.97789651 0.00638968
0.97552826 0.00692350
0.97304268 0.00748666
0.97044038 0.00807928
0.96772202 0.00870150
0.96488824 0.00935340
0.96193977 0.01003503
0.95887731 0.01074642
0.95570164 0.01148756
0.95241353 0.01225838
0.94901379 0.01305878
0.94550326 0.01388863
0.94188282 0.01474772
0.93815334 0.01563581
0.93431576 0.01655261
0.93037101 0.01749777
0.92632008 0.01847089
0.92216396 0.01947151
0.91790368 0.02049913
0.91354029 0.02155318
0.90907486 0.02263303
0.90450850 0.02373801
0.89984233 0.02486739
0.89507751 0.02602040
0.89021520 0.02719618
0.88525662 0.02839387
0.88020298 0.02961252
0.87505553 0.03085115
0.86981555 0.03210874
0.86448431 0.03338423
0.85906315 0.03467649
0.85355339 0.03598440
0.84795640 0.03730678
0.84227355 0.03864240
0.83650626 0.03999005
0.83065593 0.04134845
0.82472402 0.04271632
0.81871199 0.04409236
0.81262133 0.04547526
0.80645353 0.04686370
0.80021011 0.04825632
0.79389263 0.04965180
0.78750263 0.05104879
0.78104169 0.05244595
0.77451141 0.05384194
0.76791340 0.05523544
0.76124928 0.05662512
0.75452071 0.05800968
0.74772933 0.05938783
0.74087684 0.06075829
0.73396491 0.06211980
0.72699525 0.06347114
0.71996958 0.06481109
0.71288965 0.06613846
0.70575718 0.06745209
0.69857395 0.06875086
0.69134172 0.07003366
0.68406228 0.07129940
0.67673742 0.07254705
0.66936896 0.07377559
0.66195871 0.07498403
0.65450850 0.07617142
0.64702016 0.07733683
0.63949555 0.07847938
0.63193652 0.07959819
0.62434494 0.08069243
0.61672268 0.08176130
0.60907162 0.08280402
0.60139365 0.08381984
0.59369066 0.08480805
0.58596455 0.08576794
0.57821723 0.08669886
0.57045062 0.08760015
0.56266662 0.08847120
0.55486716 0.08931142
0.54705416 0.09012023
0.53922955 0.09089708
0.53139526 0.09164144
0.52355323 0.09235281
0.51570538 0.09303070
0.50785366 0.09367463
0.50000000 0.09428416
0.49214634 0.09485887
0.48429462 0.09539833
0.47644677 0.09590216
0.46860474 0.09636998
0.46077045 0.09680143
0.45294584 0.09719619
0.44513284 0.09755392
0.43733338 0.09787433
0.42954938 0.09815715
0.42178277 0.09840210
0.41403545 0.09860896
0.40630934 0.09877749
0.39860635 0.09890751
0.39092838 0.09899884
0.38327732 0.09905133
0.37565506 0.09906484
0.36806348 0.09903928
0.36050445 0.09897457
0.35297984 0.09887065
0.34549150 0.09872750
0.33804129 0.09854512
0.33063104 0.09832354
0.32326258 0.09806282
0.31593772 0.09776305
0.30865828 0.09742435
0.30142605 0.09704687
0.29424282 0.09663078
0.28711035 0.09617630
0.28003042 0.09568368
0.27300475 0.09515318
0.26603509 0.09458512
0.25912316 0.09397983
0.25227067 0.09333769
0.24547929 0.09265910
0.23875072 0.09194448
0.23208660 0.09119430
0.22548859 0.09040905
0.21895831 0.08958926
0.21249737 0.08873547
0.20610737 0.08784825
0.19978989 0.08692821
0.19354647 0.08597598
0.18737867 0.08499220
0.18128801 0.08397754
0.17527598 0.08293269
0.16934407 0.08185838
0.16349374 0.08075531
0.15772645 0.07962425
0.15204360 0.07846594
0.14644661 0.07728115
0.14093685 0.07607066
0.13551569 0.07483527
0.13018445 0.07357577
0.12494447 0.07229295
0.11979702 0.07098763
0.11474338 0.06966060
0.10978480 0.06831267
0.10492249 0.06694464
0.10015767 0.06555731
0.09549150 0.06415148
0.09092514 0.06272791
0.08645971 0.06128740
0.08209632 0.05983071
0.07783604 0.05835859
0.07367992 0.05687178
0.06962899 0.05537102
0.06568424 0.05385700
0.06184666 0.05233043
0.05811718 0.05079199
0.05449674 0.04924233
0.05098621 0.04768210
0.04758647 0.04611192
0.04429836 0.04453238
0.04112269 0.04294408
0.03806023 0.04134757
0.03511176 0.03974339
0.03227798 0.03813205
0.02955962 0.03651407
0.02695732 0.03488990
0.02447174 0.03326001
0.02210349 0.03162484
0.01985316 0.02998479
0.01772129 0.02834026
0.01570842 0.02669163
0.01381504 0.02503925
0.01204162 0.02338347
0.01038859 0.02172460
0.00885637 0.02006296
0.00744534 0.01839883
0.00615583 0.01673248
0.00498817 0.01506419
0.00394265 0.01339420
0.00301952 0.01172275
0.00221902 0.01005007
0.00154133 0.00837638
0.00098664 0.00670189
0.00055506 0.00502681
0.00024672 0.00335133
0.00006168 0.00167567
0.00000000 0.00000000
0.00006168 -0.00060565
0.00024672 -0.00121110
0.00055506 -0.00181617
0.00098664 -0.00242064
0.00154133 -0.00302432
0.00221902 -0.00362698
0.00301952 -0.00422840
0.00394265 -0.00482834
0.00498817 -0.00542655
0.00615583 -0.00602276
0.00744534 -0.00661669
0.00885637 -0.00720805
0.01038859 -0.00779651
0.01204162 -0.00838175
0.01381504 -0.00896342
0.01570842 -0.00954114
0.01772129 -0.01011454
0.01985316 -0.01068320
0.02210349 -0.01124671
0.02447174 -0.01180464
0.02695732 -0.01235654
0.02955962 -0.01290195
0.03227798 -0.01344041
0.03511176 -0.01397145
0.03806023 -0.01449457
0.04112269 -0.01500931
0.04429836 -0.01551517
0.04758647 -0.01601167
0.05098621 -0.01649834
0.05449674 -0.01697472
0.05811718 -0.01744034
0.06184666 -0.01789477
0.06568424 -0.01833757
0.06962899 -0.01876834
0.07367992 -0.01918669
0.07783604 -0.01959226
0.08209632 -0.01998471
0.08645971 -0.02036374
0.09092514 -0.02072908
0.09549150 -0.02108047
0.10015767 -0.02141771
0.10492249 -0.02174062
0.10978480 -0.02204906
0.11474338 -0.02234292
0.11979702 -0.02262215
0.12494447 -0.02288670
0.13018445 -0.02313658
0.13551569 -0.02337183
0.14093685 -0.02359252
0.14644661 -0.02379876
0.15204360 -0.02399068
0.15772645 -0.02416845
0.16349374 -0.02433227
0.16934407 -0.02448234
0.17527598 -0.02461892
0.18128801 -0.02474225
0.18737867 -0.02485261
0.19354647 -0.02495029
0.19978989 -0.02503558
0.20610737 -0.02510879
0.21249737 -0.02517023
0.21895831 -0.02522021
0.22548859 -0.02525901
0.23208660 -0.02528696
0.23875072 -0.02530432
0.24547929 -0.02531138
0.25227067 -0.02530839
0.25912316 -0.02529561
0.26603509 -0.02527324
0.27300475 -0.02524150
0.28003042 -0.02520056
0.28711035 -0.02515057
0.29424282 -0.02509166
0.30142605 -0.02502392
0.30865828 -0.02494743
0.31593772 -0.02486224
0.32326258 -0.02476835
0.33063104 -0.02466577
0.33804129 -0.02455446
0.34549150 -0.02443437
0.35297984 -0.02430541
0.36050445 -0.02416748
0.36806348 -0.02402048
0.37565506 -0.02386426
0.38327732 -0.02369870
0.39092838 -0.02352363
0.39860635 -0.02333891
0.40630934 -0.02314438
0.41403545 -0.02293989
0.42178277 -0.02272528
0.42954938 -0.02250042
0.43733338 -0.02226519
0.44513284 -0.02201947
0.45294584 -0.02176320
0.46077045 -0.02149630
0.46860474 -0.02121875
0.47644677 -0.02093054
0.48429462 -0.02063172
0.49214634 -0.02032236
0.50000000 -0.02000257
0.50785366 -0.01967251
0.51570538 -0.01933239
0.52355323 -0.01898245
0.53139526 -0.01862299
0.53922955 -0.01825435
0.54705416 -0.01787693
0.55486716 -0.01749116
0.56266662 -0.01709753
0.57045062 -0.01669658
0.57821723 -0.01628888
0.58596455 -0.01587506
0.59369066 -0.01545577
0.60139365 -0.01503171
0.60907162 -0.01460362
0.61672268 -0.01417226
0.62434494 -0.01373843
0.63193652 -0.01330293
0.63949555 -0.01286660
0.64702016 -0.01243029
0.65450850 -0.01199485
0.66195871 -0.01156114
0.66936896 -0.01113002
0.67673742 -0.01070235
0.68406228 -0.01027895
0.69134172 -0.00986067
0.69857395 -0.00944829
0.70575718 -0.00904260
0.71288965 -0.00864434
0.71996958 -0.00825422
0.72699525 -0.00787291
0.73396491 -0.00750103
0.74087684 -0.00713916
0.74772933 -0.00678783
0.75452071 -0.00644750
0.76124928 -0.00611860
0.76791340 -0.00580147
0.77451141 -0.00549641
0.78104169 -0.00520366
0.78750263 -0.00492339
0.79389263 -0.00465570
0.80021011 -0.00440064
0.80645353 -0.00415821
0.81262133 -0.00392831
0.81871199 -0.00371083
0.82472402 -0.00350557
0.83065593 -0.00331228
0.83650626 -0.00313068
0.84227355 -0.00296042
0.84795640 -0.00280112
0.85355339 -0.00265236
0.85906315 -0.00251367
0.86448431 -0.00238456
0.86981555 -0.00226452
0.87505553 -0.00215301
0.88020298 -0.00204947
0.88525662 -0.00195335
0.89021520 -0.00186406
0.89507751 -0.00178103
0.89984233 -0.00170370
0.90450850 -0.00163150
0.90907486 -0.00156387
0.91354029 -0.00150030
0.91790368 -0.00144025
0.92216396 -0.00138326
0.92632008 -0.00132885
0.93037101 -0.00127659
0.93431576 -0.00122610
0.93815334 -0.00117701
0.94188282 -0.00112900
0.94550326 -0.00108179
0.94901379 -0.00103515
0.95241353 -0.00098886
0.95570164 -0.00094278
0.95887731 -0.00089678
0.96193977 -0.00085080
0.96488824 -0.00080479
0.96772202 -0.00075875
0.97044038 -0.00071272
0.97304268 -0.00066678
0.97552826 -0.00062101
0.97789651 -0.00057557
0.98014684 -0.00053059
0.98227871 -0.00048626
0.98429158 -0.00044277
0.98618496 -0.00040034
0.98795838 -0.00035919
0.98961141 -0.00031954
0.99114363 -0.00028165
0.99255466 -0.00024573
0.99384417 -0.00021202
0.99501183 -0.00018075
0.99605735 -0.00015213
0.99698048 -0.00012636
0.99778098 -0.00010362
0.99845867 -0.00008409
0.99901336 -0.00006791
0.99944494 -0.00005519
0.99975328 -0.00004603
0.99993832 -0.00004051
1.00000000 -0.00003867
