sample_305
1.00000000 0.00155748
0.99993832 0.00157118
0.99975328 0.00161231
0.99944494 0.00168093
0.99901336 0.00177715
0.99845867 0.00190110
0.99778098 0.00205296
0.99698048 0.00223296
0.99605735 0.00244133
0.99501183 0.00267834
0.99384417 0.00294431
0.99255466 0.00323953
0.99114363 0.00356435
0.98961141 0.00391909
0.98795838 0.00430409
0.98618496 0.00471971
0.98429158 0.00516626
0.98227871 0.00564405
0.98014684 0.00615339
0.97789651 0.00669453
0.97552826 0.00726771
0.97304268 0.00787310
0.97044038 0.00851087
0.96772202 0.00918111
0.96488824 0.00988384
0.96193977 0.01061904
0.95887731 0.01138662
0.95570164 0.01218642
0.95241353 0.01301820
0.94901379 0.01388163
0.94550326 0.01477633
0.94188282 0.01570181
0.93815334 0.01665751
0.93431576 0.01764277
0.93037101 0.01865686
0.92632008 0.01969896
0.92216396 0.02076815
0.91790368 0.02186344
0.91354029 0.02298376
0.90907486 0.02412796
0.90450850 0.02529481
0.89984233 0.02648301
0.89507751 0.02769119
0.89021520 0.02891792
0.88525662 0.03016171
0.88020298 0.03142103
0.87505553 0.03269429
0.86981555 0.03397986
0.86448431 0.03527609
0.85906315 0.03658129
0.85355339 0.03789376
0.84795640 0.03921178
0.84227355 0.04053364
0.83650626 0.04185761
0.83065593 0.04318198
0.82472402 0.04450506
0.81871199 0.04582518
0.81262133 0.04714069
0.80645353 0.04844999
0.80021011 0.04975150
0.79389263 0.05104371
0.78750263 0.05232515
0.78104169 0.05359440
0.77451141 0.05485012
0.76791340 0.05609100
0.76124928 0.05731584
0.75452071 0.05852347
0.74772933 0.05971283
0.74087684 0.06088290
0.73396491 0.06203276
0.72699525 0.06316155
0.71996958 0.06426850
0.71288965 0.06535291
0.70575718 0.06641415
0.69857395 0.06745167
0.69134172 0.06846498
0.68406228 0.06945368
0.67673742 0.07041743
0.66936896 0.07135593
0.66195871 0.07226898
0.65450850 0.07315641
0.64702016 0.07401811
0.63949555 0.07485403
0.63193652 0.07566415
0.62434494 0.07644850
0.61672268 0.07720714
0.60907162 0.07794018
0.60139365 0.07864774
0.59369066 0.07932998
0.58596455 0.07998706
0.57821723 0.08061917
0.57045062 0.08122651
0.56266662 0.08180928
0.55486716 0.08236771
0.54705416 0.08290201
0.53922955 0.08341238
0.53139526 0.08389904
0.52355323 0.08436218
0.51570538 0.08480201
0.50785366 0.08521871
0.50000000 0.08561244
0.49214634 0.08598336
0.48429462 0.08633161
0.47644677 0.08665732
0.46860474 0.08696061
0.46077045 0.08724155
0.45294584 0.08750024
0.44513284 0.08773674
0.43733338 0.08795109
0.42954938 0.08814333
0.42178277 0.08831347
0.41403545 0.08846152
0.40630934 0.08858748
0.39860635 0.08869132
0.39092838 0.08877302
0.38327732 0.08883255
0.37565506 0.08886986
0.36806348 0.08888489
0.36050445 0.08887760
0.35297984 0.08884793
0.34549150 0.08879581
0.33804129 0.08872117
0.33063104 0.08862394
0.32326258 0.08850406
0.31593772 0.08836145
0.30865828 0.08819605
0.30142605 0.08800776
0.29424282 0.08779653
0.28711035 0.08756227
0.28003042 0.08730490
0.27300475 0.08702433
0.26603509 0.08672049
0.25912316 0.08639328
0.25227067 0.08604261
0.24547929 0.08566836
0.23875072 0.08527044
0.23208660 0.08484872
0.22548859 0.08440307
0.21895831 0.08393335
0.21249737 0.08343941
0.20610737 0.08292108
0.19978989 0.08237818
0.19354647 0.08181050
0.18737867 0.08121785
0.18128801 0.08059997
0.17527598 0.07995664
0.16934407 0.07928757
0.16349374 0.07859249
0.15772645 0.07787109
0.15204360 0.07712305
0.14644661 0.07634804
0.14093685 0.07554571
0.13551569 0.07471569
0.13018445 0.07385761
0.12494447 0.07297107
0.11979702 0.07205569
0.11474338 0.07111106
0.10978480 0.07013679
0.10492249 0.06913247
0.10015767 0.06809770
0.09549150 0.06703210
0.09092514 0.06593528
0.08645971 0.06480690
0.08209632 0.06364661
0.07783604 0.06245409
0.07367992 0.06122906
0.06962899 0.05997127
0.06568424 0.05868050
0.06184666 0.05735659
0.05811718 0.05599941
0.05449674 0.05460890
0.05098621 0.05318504
0.04758647 0.05172788
0.04429836 0.05023755
0.04112269 0.04871421
0.03806023 0.04715812
0.03511176 0.04556962
0.03227798 0.04394912
0.02955962 0.04229709
0.02695732 0.04061412
0.02447174 0.03890085
0.02210349 0.03715804
0.01985316 0.03538649
0.01772129 0.03358713
0.01570842 0.03176095
0.01381504 0.02990902
0.01204162 0.02803252
0.01038859 0.02613267
0.00885637 0.02421081
0.00744534 0.02226832
0.00615583 0.02030667
0.00498817 0.01832739
0.00394265 0.01633208
0.00301952 0.01432239
0.00221902 0.01230002
0.00154133 0.01026671
0.00098664 0.00822428
0.00055506 0.00617452
0.00024672 0.00411931
0.00006168 0.00206050
0.00000000 0.00000000
0.00006168 -0.00089435
0.00024672 -0.00178666
0.00055506 -0.00267488
0.00098664 -0.00355698
0.00154133 -0.00443096
0.00221902 -0.00529481
0.00301952 -0.00614659
0.00394265 -0.00698438
0.00498817 -0.00780629
0.00615583 -0.00861049
0.00744534 -0.00939521
0.00885637 -0.01015873
0.01038859 -0.01089939
0.01204162 -0.01161561
0.01381504 -0.01230587
0.01570842 -0.01296874
0.01772129 -0.01360287
0.01985316 -0.01420701
0.02210349 -0.01477998
0.02447174 -0.01532071
0.02695732 -0.01582821
0.02955962 -0.01630163
0.03227798 -0.01674018
0.03511176 -0.01714321
0.03806023 -0.01751016
0.04112269 -0.01784058
0.04429836 -0.01813416
0.04758647 -0.01839066
0.05098621 -0.01861000
0.05449674 -0.01879216
0.05811718 -0.01893729
0.06184666 -0.01904560
0.06568424 -0.01911746
0.06962899 -0.01915330
0.07367992 -0.01915369
0.07783604 -0.01911930
0.08209632 -0.01905089
0.08645971 -0.01894933
0.09092514 -0.01881557
0.09549150 -0.01865066
0.10015767 -0.01845574
0.10492249 -0.01823202
0.10978480 -0.01798078
0.11474338 -0.01770337
0.11979702 -0.01740122
0.12494447 -0.01707579
0.13018445 -0.01672861
0.13551569 -0.01636124
0.14093685 -0.01597529
0.14644661 -0.01557237
0.15204360 -0.01515413
0.15772645 -0.01472225
0.16349374 -0.01427837
0.16934407 -0.01382419
0.17527598 -0.01336134
0.18128801 -0.01289147
0.18737867 -0.01241620
0.19354647 -0.01193713
0.19978989 -0.01145579
0.20610737 -0.01097371
0.21249737 -0.01049233
0.21895831 -0.01001307
0.22548859 -0.00953728
0.23208660 -0.00906623
0.23875072 -0.00860112
0.24547929 -0.00814311
0.25227067 -0.00769323
0.25912316 -0.00725248
0.26603509 -0.00682175
0.27300475 -0.00640184
0.28003042 -0.00599348
0.28711035 -0.00559730
0.29424282 -0.00521384
0.30142605 -0.00484357
0.30865828 -0.00448685
0.31593772 -0.00414397
0.32326258 -0.00381513
0.33063104 -0.00350045
0.33804129 -0.00319997
0.34549150 -0.00291366
0.35297984 -0.00264140
0.36050445 -0.00238303
0.36806348 -0.00213829
0.37565506 -0.00190691
0.38327732 -0.00168852
0.39092838 -0.00148273
0.39860635 -0.00128909
0.40630934 -0.00110713
0.41403545 -0.00093635
0.42178277 -0.00077620
0.42954938 -0.00062614
0.43733338 -0.00048559
0.44513284 -0.00035399
0.45294584 -0.00023076
0.46077045 -0.00011532
0.46860474 -0.00000712
0.47644677 0.00009440
0.48429462 0.00018978
0.49214634 0.00027951
0.50000000 0.00036409
0.50785366 0.00044396
0.51570538 0.00051955
0.52355323 0.00059124
0.53139526 0.00065938
0.53922955 0.00072426
0.54705416 0.00078616
0.55486716 0.00084530
0.56266662 0.00090185
0.57045062 0.00095596
0.57821723 0.00100772
0.58596455 0.00105718
0.59369066 0.00110437
0.60139365 0.00114926
0.60907162 0.00119179
0.61672268 0.00123189
0.62434494 0.00126943
0.63193652 0.00130428
0.63949555 0.00133626
0.64702016 0.00136520
0.65450850 0.00139090
0.66195871 0.00141316
0.66936896 0.00143175
0.67673742 0.00144648
0.68406228 0.00145713
0.69134172 0.00146348
0.69857395 0.00146536
0.70575718 0.00146258
0.71288965 0.00145498
0.71996958 0.00144242
0.72699525 0.00142479
0.73396491 0.00140201
0.74087684 0.00137401
0.74772933 0.00134079
0.75452071 0.00130236
0.76124928 0.00125877
0.76791340 0.00121011
0.77451141 0.00115652
0.78104169 0.00109815
0.78750263 0.00103523
0.79389263 0.00096799
0.80021011 0.00089673
0.80645353 0.00082175
0.81262133 0.00074343
0.81871199 0.00066213
0.82472402 0.00057828
0.83065593 0.00049232
0.83650626 0.00040472
0.84227355 0.00031595
0.84795640 0.00022652
0.85355339 0.00013694
0.85906315 0.00004773
0.86448431 -0.00004060
0.86981555 -0.00012752
0.87505553 -0.00021252
0.88020298 -0.00029509
0.88525662 -0.00037476
0.89021520 -0.00045104
0.89507751 -0.00052351
0.89984233 -0.00059173
0.90450850 -0.00065532
0.90907486 -0.00071394
0.91354029 -0.00076727
0.91790368 -0.00081504
0.92216396 -0.00085702
0.92632008 -0.00089303
0.93037101 -0.00092294
0.93431576 -0.00094667
0.93815334 -0.00096418
0.94188282 -0.00097549
0.94550326 -0.00098066
0.94901379 -0.00097982
0.95241353 -0.00097312
0.95570164 -0.00096080
0.95887731 -0.00094309
0.96193977 -0.00092032
0.96488824 -0.00089282
0.96772202 -0.00086098
0.97044038 -0.00082522
0.97304268 -0.00078597
0.97552826 -0.00074373
0.97789651 -0.00069898
0.98014684 -0.00065225
0.98227871 -0.00060405
0.98429158 -0.00055493
0.98618496 -0.00050542
0.98795838 -0.00045607
0.98961141 -0.00040740
0.99114363 -0.00035993
0.99255466 -0.00031418
0.99384417 -0.00027062
0.99501183 -0.00022970
0.99605735 -0.00019187
0.99698048 -0.00015750
0.99778098 -0.00012696
0.99845867 -0.00010057
0.99901336 -0.00007859
0.99944494 -0.00006126
0.99975328 -0.00004875
0.99993832 -0.00004120
1.00000000 -0.00003867
