sample_1159
1.00000000 0.00155748
0.99993832 0.00157632
0.99975328 0.00163282
0.99944494 0.00172697
0.99901336 0.00185876
0.99845867 0.00202814
0.99778098 0.00223507
0.99698048 0.00247949
0.99605735 0.00276132
0.99501183 0.00308049
0.99384417 0.00343687
0.99255466 0.00383034
0.99114363 0.00426075
0.98961141 0.00472793
0.98795838 0.00523167
0.98618496 0.00577174
0.98429158 0.00634787
0.98227871 0.00695977
0.98014684 0.00760708
0.97789651 0.00828943
0.97552826 0.00900640
0.97304268 0.00975752
0.97044038 0.01054227
0.96772202 0.01136009
0.96488824 0.01221036
0.96193977 0.01309241
0.95887731 0.01400552
0.95570164 0.01494892
0.95241353 0.01592177
0.94901379 0.01692318
0.94550326 0.01795223
0.94188282 0.01900791
0.93815334 0.02008918
0.93431576 0.02119493
0.93037101 0.02232404
0.92632008 0.02347529
0.92216396 0.02464746
0.91790368 0.02583926
0.91354029 0.02704938
0.90907486 0.02827645
0.90450850 0.02951911
0.89984233 0.03077595
0.89507751 0.03204552
0.89021520 0.03332638
0.88525662 0.03461708
0.88020298 0.03591615
0.87505553 0.03722211
0.86981555 0.03853350
0.86448431 0.03984887
0.85906315 0.04116677
0.85355339 0.04248578
0.84795640 0.04380450
0.84227355 0.04512156
0.83650626 0.04643562
0.83065593 0.04774538
0.82472402 0.04904959
0.81871199 0.05034704
0.81262133 0.05163657
0.80645353 0.05291709
0.80021011 0.05418754
0.79389263 0.05544693
0.78750263 0.05669435
0.78104169 0.05792893
0.77451141 0.05914986
0.76791340 0.06035643
0.76124928 0.06154795
0.75452071 0.06272384
0.74772933 0.06388354
0.74087684 0.06502659
0.73396491 0.06615257
0.72699525 0.06726112
0.71996958 0.06835195
0.71288965 0.06942482
0.70575718 0.07047952
0.69857395 0.07151592
0.69134172 0.07253389
0.68406228 0.07353338
0.67673742 0.07451435
0.66936896 0.07547679
0.66195871 0.07642072
0.65450850 0.07734617
0.64702016 0.07825318
0.63949555 0.07914182
0.63193652 0.08001214
0.62434494 0.08086419
0.61672268 0.08169802
0.60907162 0.08251365
0.60139365 0.08331110
0.59369066 0.08409036
0.58596455 0.08485140
0.57821723 0.08559414
0.57045062 0.08631849
0.56266662 0.08702429
0.55486716 0.08771138
0.54705416 0.08837952
0.53922955 0.08902843
0.53139526 0.08965781
0.52355323 0.09026729
0.51570538 0.09085644
0.50785366 0.09142479
0.50000000 0.09197185
0.49214634 0.09249703
0.48429462 0.09299973
0.47644677 0.09347930
0.46860474 0.09393503
0.46077045 0.09436619
0.45294584 0.09477200
0.44513284 0.09515166
0.43733338 0.09550432
0.42954938 0.09582913
0.42178277 0.09612519
0.41403545 0.09639162
0.40630934 0.09662749
0.39860635 0.09683191
0.39092838 0.09700394
0.38327732 0.09714269
0.37565506 0.09724724
0.36806348 0.09731673
0.36050445 0.09735030
0.35297984 0.09734710
0.34549150 0.09730635
0.33804129 0.09722729
0.33063104 0.09710920
0.32326258 0.09695142
0.31593772 0.09675334
0.30865828 0.09651440
0.30142605 0.09623411
0.29424282 0.09591205
0.28711035 0.09554786
0.28003042 0.09514125
0.27300475 0.09469202
0.26603509 0.09420004
0.25912316 0.09366525
0.25227067 0.09308767
0.24547929 0.09246742
0.23875072 0.09180468
0.23208660 0.09109972
0.22548859 0.09035289
0.21895831 0.08956462
0.21249737 0.08873541
0.20610737 0.08786585
0.19978989 0.08695658
0.19354647 0.08600835
0.18737867 0.08502194
0.18128801 0.08399821
0.17527598 0.08293809
0.16934407 0.08184255
0.16349374 0.08071263
0.15772645 0.07954941
0.15204360 0.07835400
0.14644661 0.07712758
0.14093685 0.07587134
0.13551569 0.07458652
0.13018445 0.07327436
0.12494447 0.07193613
0.11979702 0.07057313
0.11474338 0.06918664
0.10978480 0.06777797
0.10492249 0.06634842
0.10015767 0.06489928
0.09549150 0.06343184
0.09092514 0.06194735
0.08645971 0.06044709
0.08209632 0.05893226
0.07783604 0.05740407
0.07367992 0.05586369
0.06962899 0.05431225
0.06568424 0.05275085
0.06184666 0.05118056
0.05811718 0.04960237
0.05449674 0.04801727
0.05098621 0.04642617
0.04758647 0.04482994
0.04429836 0.04322941
0.04112269 0.04162535
0.03806023 0.04001848
0.03511176 0.03840946
0.03227798 0.03679889
0.02955962 0.03518735
0.02695732 0.03357532
0.02447174 0.03196327
0.02210349 0.03035159
0.01985316 0.02874062
0.01772129 0.02713067
0.01570842 0.02552199
0.01381504 0.02391477
0.01204162 0.02230916
0.01038859 0.02070530
0.00885637 0.01910323
0.00744534 0.01750300
0.00615583 0.01590461
0.00498817 0.01430801
0.00394265 0.01271313
0.00301952 0.01111989
0.00221902 0.00952815
0.00154133 0.00793777
0.00098664 0.00634858
0.00055506 0.00476041
0.00024672 0.00317306
0.00006168 0.00158633
0.00000000 0.00000000
0.00006168 -0.00141739
0.00024672 -0.00283302
0.00055506 -0.00424516
0.00098664 -0.00565204
0.00154133 -0.00705192
0.00221902 -0.00844304
0.00301952 -0.00982366
0.00394265 -0.01119202
0.00498817 -0.01254639
0.00615583 -0.01388503
0.00744534 -0.01520621
0.00885637 -0.01650821
0.01038859 -0.01778930
0.01204162 -0.01904779
0.01381504 -0.02028198
0.01570842 -0.02149021
0.01772129 -0.02267082
0.01985316 -0.02382217
0.02210349 -0.02494267
0.02447174 -0.02603075
0.02695732 -0.02708485
0.02955962 -0.02810348
0.03227798 -0.02908519
0.03511176 -0.03002856
0.03806023 -0.03093223
0.04112269 -0.03179491
0.04429836 -0.03261535
0.04758647 -0.03339239
0.05098621 -0.03412493
0.05449674 -0.03481196
0.05811718 -0.03545253
0.06184666 -0.03604580
0.06568424 -0.03659103
0.06962899 -0.03708754
0.07367992 -0.03753480
0.07783604 -0.03793236
0.08209632 -0.03827987
0.08645971 -0.03857711
0.09092514 -0.03882399
0.09549150 -0.03902051
0.10015767 -0.03916681
0.10492249 -0.03926315
0.10978480 -0.03930992
0.11474338 -0.03930761
0.11979702 -0.03925686
0.12494447 -0.03915844
0.13018445 -0.03901321
0.13551569 -0.03882219
0.14093685 -0.03858649
0.14644661 -0.03830736
0.15204360 -0.03798613
0.15772645 -0.03762428
0.16349374 -0.03722335
0.16934407 -0.03678501
0.17527598 -0.03631102
0.18128801 -0.03580320
0.18737867 -0.03526348
0.19354647 -0.03469384
0.19978989 -0.03409634
0.20610737 -0.03347308
0.21249737 -0.03282623
0.21895831 -0.03215798
0.22548859 -0.03147055
0.23208660 -0.03076620
0.23875072 -0.03004719
0.24547929 -0.02931579
0.25227067 -0.02857426
0.25912316 -0.02782484
0.26603509 -0.02706975
0.27300475 -0.02631120
0.28003042 -0.02555134
0.28711035 -0.02479226
0.29424282 -0.02403602
0.30142605 -0.02328461
0.30865828 -0.02253993
0.31593772 -0.02180384
0.32326258 -0.02107807
0.33063104 -0.02036431
0.33804129 -0.01966411
0.34549150 -0.01897896
0.35297984 -0.01831024
0.36050445 -0.01765919
0.36806348 -0.01702699
0.37565506 -0.01641468
0.38327732 -0.01582319
0.39092838 -0.01525335
0.39860635 -0.01470588
0.40630934 -0.01418135
0.41403545 -0.01368027
0.42178277 -0.01320301
0.42954938 -0.01274983
0.43733338 -0.01232089
0.44513284 -0.01191625
0.45294584 -0.01153587
0.46077045 -0.01117961
0.46860474 -0.01084724
0.47644677 -0.01053844
0.48429462 -0.01025282
0.49214634 -0.00998990
0.50000000 -0.00974913
0.50785366 -0.00952989
0.51570538 -0.00933152
0.52355323 -0.00915327
0.53139526 -0.00899438
0.53922955 -0.00885401
0.54705416 -0.00873131
0.55486716 -0.00862537
0.56266662 -0.00853529
0.57045062 -0.00846011
0.57821723 -0.00839887
0.58596455 -0.00835062
0.59369066 -0.00831436
0.60139365 -0.00828911
0.60907162 -0.00827392
0.61672268 -0.00826779
0.62434494 -0.00826977
0.63193652 -0.00827892
0.63949555 -0.00829430
0.64702016 -0.00831500
0.65450850 -0.00834014
0.66195871 -0.00836885
0.66936896 -0.00840029
0.67673742 -0.00843366
0.68406228 -0.00846818
0.69134172 -0.00850309
0.69857395 -0.00853767
0.70575718 -0.00857126
0.71288965 -0.00860318
0.71996958 -0.00863284
0.72699525 -0.00865963
0.73396491 -0.00868301
0.74087684 -0.00870246
0.74772933 -0.00871750
0.75452071 -0.00872767
0.76124928 -0.00873255
0.76791340 -0.00873176
0.77451141 -0.00872494
0.78104169 -0.00871176
0.78750263 -0.00869193
0.79389263 -0.00866518
0.80021011 -0.00863127
0.80645353 -0.00859001
0.81262133 -0.00854120
0.81871199 -0.00848470
0.82472402 -0.00842039
0.83065593 -0.00834817
0.83650626 -0.00826797
0.84227355 -0.00817976
0.84795640 -0.00808353
0.85355339 -0.00797928
0.85906315 -0.00786707
0.86448431 -0.00774696
0.86981555 -0.00761905
0.87505553 -0.00748347
0.88020298 -0.00734037
0.88525662 -0.00718994
0.89021520 -0.00703238
0.89507751 -0.00686793
0.89984233 -0.00669687
0.90450850 -0.00651949
0.90907486 -0.00633610
0.91354029 -0.00614706
0.91790368 -0.00595276
0.92216396 -0.00575359
0.92632008 -0.00554999
0.93037101 -0.00534241
0.93431576 -0.00513135
0.93815334 -0.00491730
0.94188282 -0.00470079
0.94550326 -0.00448238
0.94901379 -0.00426263
0.95241353 -0.00404214
0.95570164 -0.00382151
0.95887731 -0.00360135
0.96193977 -0.00338230
0.96488824 -0.00316499
0.96772202 -0.00295009
0.97044038 -0.00273822
0.97304268 -0.00253006
0.97552826 -0.00232625
0.97789651 -0.00212745
0.98014684 -0.00193429
0.98227871 -0.00174741
0.98429158 -0.00156743
0.98618496 -0.00139495
0.98795838 -0.00123056
0.98961141 -0.00107482
0.99114363 -0.00092828
0.99255466 -0.00079144
0.99384417 -0.00066479
0.99501183 -0.00054878
0.99605735 -0.00044382
0.99698048 -0.00035029
0.99778098 -0.00026853
0.99845867 -0.00019883
0.99901336 -0.00014146
0.99944494 -0.00009661
0.99975328 -0.00006446
0.99993832 -0.00004512
1.00000000 -0.00003867
