sample_276
1.00000000 0.00155748
0.99993832 0.00157443
0.99975328 0.00162528
0.99944494 0.00171007
0.99901336 0.00182883
0.99845867 0.00198162
0.99778098 0.00216853
0.99698048 0.00238963
0.99605735 0.00264503
0.99501183 0.00293482
0.99384417 0.00325911
0.99255466 0.00361801
0.99114363 0.00401163
0.98961141 0.00444005
0.98795838 0.00490337
0.98618496 0.00540166
0.98429158 0.00593495
0.98227871 0.00650328
0.98014684 0.00710664
0.97789651 0.00774499
0.97552826 0.00841825
0.97304268 0.00912630
0.97044038 0.00986899
0.96772202 0.01064609
0.96488824 0.01145734
0.96193977 0.01230243
0.95887731 0.01318096
0.95570164 0.01409251
0.95241353 0.01503657
0.94901379 0.01601258
0.94550326 0.01701992
0.94188282 0.01805789
0.93815334 0.01912574
0.93431576 0.02022265
0.93037101 0.02134776
0.92632008 0.02250011
0.92216396 0.02367873
0.91790368 0.02488255
0.91354029 0.02611048
0.90907486 0.02736138
0.90450850 0.02863404
0.89984233 0.02992725
0.89507751 0.03123973
0.89021520 0.03257019
0.88525662 0.03391730
0.88020298 0.03527973
0.87505553 0.03665611
0.86981555 0.03804508
0.86448431 0.03944527
0.85906315 0.04085530
0.85355339 0.04227381
0.84795640 0.04369943
0.84227355 0.04513084
0.83650626 0.04656671
0.83065593 0.04800574
0.82472402 0.04944665
0.81871199 0.05088822
0.81262133 0.05232922
0.80645353 0.05376848
0.80021011 0.05520488
0.79389263 0.05663731
0.78750263 0.05806472
0.78104169 0.05948609
0.77451141 0.06090044
0.76791340 0.06230684
0.76124928 0.06370440
0.75452071 0.06509225
0.74772933 0.06646957
0.74087684 0.06783556
0.73396491 0.06918946
0.72699525 0.07053053
0.71996958 0.07185807
0.71288965 0.07317139
0.70575718 0.07446979
0.69857395 0.07575262
0.69134172 0.07701922
0.68406228 0.07826893
0.67673742 0.07950110
0.66936896 0.08071506
0.66195871 0.08191014
0.65450850 0.08308566
0.64702016 0.08424090
0.63949555 0.08537516
0.63193652 0.08648767
0.62434494 0.08757768
0.61672268 0.08864436
0.60907162 0.08968690
0.60139365 0.09070443
0.59369066 0.09169604
0.58596455 0.09266082
0.57821723 0.09359779
0.57045062 0.09450597
0.56266662 0.09538433
0.55486716 0.09623182
0.54705416 0.09704737
0.53922955 0.09782989
0.53139526 0.09857825
0.52355323 0.09929133
0.51570538 0.09996800
0.50785366 0.10060712
0.50000000 0.10120755
0.49214634 0.10176817
0.48429462 0.10228788
0.47644677 0.10276558
0.46860474 0.10320021
0.46077045 0.10359077
0.45294584 0.10393626
0.44513284 0.10423577
0.43733338 0.10448842
0.42954938 0.10469342
0.42178277 0.10485003
0.41403545 0.10495760
0.40630934 0.10501555
0.39860635 0.10502341
0.39092838 0.10498078
0.38327732 0.10488740
0.37565506 0.10474306
0.36806348 0.10454770
0.36050445 0.10430134
0.35297984 0.10400414
0.34549150 0.10365636
0.33804129 0.10325835
0.33063104 0.10281062
0.32326258 0.10231375
0.31593772 0.10176846
0.30865828 0.10117555
0.30142605 0.10053596
0.29424282 0.09985069
0.28711035 0.09912087
0.28003042 0.09834769
0.27300475 0.09753246
0.26603509 0.09667652
0.25912316 0.09578132
0.25227067 0.09484835
0.24547929 0.09387916
0.23875072 0.09287533
0.23208660 0.09183851
0.22548859 0.09077033
0.21895831 0.08967248
0.21249737 0.08854662
0.20610737 0.08739443
0.19978989 0.08621757
0.19354647 0.08501769
0.18737867 0.08379640
0.18128801 0.08255527
0.17527598 0.08129583
0.16934407 0.08001956
0.16349374 0.07872786
0.15772645 0.07742209
0.15204360 0.07610350
0.14644661 0.07477330
0.14093685 0.07343259
0.13551569 0.07208240
0.13018445 0.07072365
0.12494447 0.06935719
0.11979702 0.06798375
0.11474338 0.06660400
0.10978480 0.06521848
0.10492249 0.06382766
0.10015767 0.06243192
0.09549150 0.06103155
0.09092514 0.05962674
0.08645971 0.05821762
0.08209632 0.05680423
0.07783604 0.05538656
0.07367992 0.05396451
0.06962899 0.05253794
0.06568424 0.05110667
0.06184666 0.04967044
0.05811718 0.04822899
0.05449674 0.04678202
0.05098621 0.04532920
0.04758647 0.04387020
0.04429836 0.04240469
0.04112269 0.04093232
0.03806023 0.03945277
0.03511176 0.03796573
0.03227798 0.03647093
0.02955962 0.03496809
0.02695732 0.03345702
0.02447174 0.03193754
0.02210349 0.03040951
0.01985316 0.02887287
0.01772129 0.02732758
0.01570842 0.02577370
0.01381504 0.02421131
0.01204162 0.02264057
0.01038859 0.02106170
0.00885637 0.01947498
0.00744534 0.01788076
0.00615583 0.01627943
0.00498817 0.01467145
0.00394265 0.01305735
0.00301952 0.01143767
0.00221902 0.00981304
0.00154133 0.00818410
0.00098664 0.00655155
0.00055506 0.00491610
0.00024672 0.00327852
0.00006168 0.00163956
0.00000000 0.00000000
0.00006168 -0.00123465
0.00024672 -0.00246804
0.00055506 -0.00369890
0.00098664 -0.00492599
0.00154133 -0.00614804
0.00221902 -0.00736380
0.00301952 -0.00857202
0.00394265 -0.00977146
0.00498817 -0.01096090
0.00615583 -0.01213910
0.00744534 -0.01330485
0.00885637 -0.01445696
0.01038859 -0.01559423
0.01204162 -0.01671550
0.01381504 -0.01781960
0.01570842 -0.01890539
0.01772129 -0.01997175
0.01985316 -0.02101758
0.02210349 -0.02204181
0.02447174 -0.02304337
0.02695732 -0.02402125
0.02955962 -0.02497443
0.03227798 -0.02590194
0.03511176 -0.02680285
0.03806023 -0.02767624
0.04112269 -0.02852123
0.04429836 -0.02933700
0.04758647 -0.03012275
0.05098621 -0.03087770
0.05449674 -0.03160115
0.05811718 -0.03229242
0.06184666 -0.03295089
0.06568424 -0.03357598
0.06962899 -0.03416716
0.07367992 -0.03472394
0.07783604 -0.03524590
0.08209632 -0.03573267
0.08645971 -0.03618393
0.09092514 -0.03659942
0.09549150 -0.03697894
0.10015767 -0.03732234
0.10492249 -0.03762953
0.10978480 -0.03790050
0.11474338 -0.03813528
0.11979702 -0.03833398
0.12494447 -0.03849674
0.13018445 -0.03862379
0.13551569 -0.03871542
0.14093685 -0.03877197
0.14644661 -0.03879386
0.15204360 -0.03878153
0.15772645 -0.03873553
0.16349374 -0.03865644
0.16934407 -0.03854490
0.17527598 -0.03840161
0.18128801 -0.03822732
0.18737867 -0.03802283
0.19354647 -0.03778900
0.19978989 -0.03752673
0.20610737 -0.03723696
0.21249737 -0.03692070
0.21895831 -0.03657896
0.22548859 -0.03621282
0.23208660 -0.03582337
0.23875072 -0.03541176
0.24547929 -0.03497913
0.25227067 -0.03452667
0.25912316 -0.03405558
0.26603509 -0.03356710
0.27300475 -0.03306244
0.28003042 -0.03254286
0.28711035 -0.03200960
0.29424282 -0.03146392
0.30142605 -0.03090705
0.30865828 -0.03034026
0.31593772 -0.02976477
0.32326258 -0.02918181
0.33063104 -0.02859258
0.33804129 -0.02799826
0.34549150 -0.02740002
0.35297984 -0.02679899
0.36050445 -0.02619628
0.36806348 -0.02559297
0.37565506 -0.02499008
0.38327732 -0.02438862
0.39092838 -0.02378955
0.39860635 -0.02319379
0.40630934 -0.02260219
0.41403545 -0.02201560
0.42178277 -0.02143478
0.42954938 -0.02086046
0.43733338 -0.02029332
0.44513284 -0.01973397
0.45294584 -0.01918300
0.46077045 -0.01864092
0.46860474 -0.01810820
0.47644677 -0.01758525
0.48429462 -0.01707243
0.49214634 -0.01657005
0.50000000 -0.01607837
0.50785366 -0.01559761
0.51570538 -0.01512792
0.52355323 -0.01466942
0.53139526 -0.01422218
0.53922955 -0.01378621
0.54705416 -0.01336151
0.55486716 -0.01294803
0.56266662 -0.01254566
0.57045062 -0.01215429
0.57821723 -0.01177375
0.58596455 -0.01140386
0.59369066 -0.01104440
0.60139365 -0.01069514
0.60907162 -0.01035581
0.61672268 -0.01002615
0.62434494 -0.00970585
0.63193652 -0.00939462
0.63949555 -0.00909213
0.64702016 -0.00879808
0.65450850 -0.00851213
0.66195871 -0.00823395
0.66936896 -0.00796322
0.67673742 -0.00769962
0.68406228 -0.00744283
0.69134172 -0.00719253
0.69857395 -0.00694843
0.70575718 -0.00671024
0.71288965 -0.00647768
0.71996958 -0.00625049
0.72699525 -0.00602842
0.73396491 -0.00581125
0.74087684 -0.00559875
0.74772933 -0.00539074
0.75452071 -0.00518705
0.76124928 -0.00498752
0.76791340 -0.00479200
0.77451141 -0.00460040
0.78104169 -0.00441260
0.78750263 -0.00422854
0.79389263 -0.00404816
0.80021011 -0.00387140
0.80645353 -0.00369825
0.81262133 -0.00352870
0.81871199 -0.00336276
0.82472402 -0.00320044
0.83065593 -0.00304178
0.83650626 -0.00288681
0.84227355 -0.00273559
0.84795640 -0.00258819
0.85355339 -0.00244466
0.85906315 -0.00230508
0.86448431 -0.00216952
0.86981555 -0.00203805
0.87505553 -0.00191076
0.88020298 -0.00178770
0.88525662 -0.00166897
0.89021520 -0.00155461
0.89507751 -0.00144469
0.89984233 -0.00133926
0.90450850 -0.00123836
0.90907486 -0.00114202
0.91354029 -0.00105028
0.91790368 -0.00096313
0.92216396 -0.00088058
0.92632008 -0.00080262
0.93037101 -0.00072920
0.93431576 -0.00066030
0.93815334 -0.00059586
0.94188282 -0.00053580
0.94550326 -0.00048004
0.94901379 -0.00042849
0.95241353 -0.00038103
0.95570164 -0.00033754
0.95887731 -0.00029788
0.96193977 -0.00026191
0.96488824 -0.00022947
0.96772202 -0.00020039
0.97044038 -0.00017449
0.97304268 -0.00015160
0.97552826 -0.00013152
0.97789651 -0.00011406
0.98014684 -0.00009903
0.98227871 -0.00008622
0.98429158 -0.00007545
0.98618496 -0.00006650
0.98795838 -0.00005919
0.98961141 -0.00005333
0.99114363 -0.00004874
0.99255466 -0.00004523
0.99384417 -0.00004264
0.99501183 -0.00004081
0.99605735 -0.00003960
0.99698048 -0.00003886
0.99778098 -0.00003847
0.99845867 -0.00003833
0.99901336 -0.00003835
0.99944494 -0.00003844
0.99975328 -0.00003856
0.99993832 -0.00003864
1.00000000 -0.00003867
