sample_499
1.00000000 0.00155748
0.99993832 0.00157080
0.99975328 0.00161076
0.99944494 0.00167745
0.99901336 0.00177094
0.99845867 0.00189137
0.99778098 0.00203892
0.99698048 0.00221378
0.99605735 0.00241620
0.99501183 0.00264642
0.99384417 0.00290472
0.99255466 0.00319141
0.99114363 0.00350678
0.98961141 0.00385116
0.98795838 0.00422487
0.98618496 0.00462822
0.98429158 0.00506151
0.98227871 0.00552504
0.98014684 0.00601907
0.97789651 0.00654384
0.97552826 0.00709958
0.97304268 0.00768645
0.97044038 0.00830457
0.96772202 0.00895403
0.96488824 0.00963486
0.96193977 0.01034703
0.95887731 0.01109044
0.95570164 0.01186494
0.95241353 0.01267030
0.94901379 0.01350623
0.94550326 0.01437237
0.94188282 0.01526826
0.93815334 0.01619341
0.93431576 0.01714721
0.93037101 0.01812900
0.92632008 0.01913806
0.92216396 0.02017357
0.91790368 0.02123466
0.91354029 0.02232039
0.90907486 0.02342976
0.90450850 0.02456170
0.89984233 0.02571512
0.89507751 0.02688883
0.89021520 0.02808165
0.88525662 0.02929233
0.88020298 0.03051959
0.87505553 0.03176213
0.86981555 0.03301864
0.86448431 0.03428779
0.85906315 0.03556825
0.85355339 0.03685867
0.84795640 0.03815773
0.84227355 0.03946413
0.83650626 0.04077655
0.83065593 0.04209375
0.82472402 0.04341448
0.81871199 0.04473755
0.81262133 0.04606180
0.80645353 0.04738611
0.80021011 0.04870943
0.79389263 0.05003076
0.78750263 0.05134914
0.78104169 0.05266368
0.77451141 0.05397355
0.76791340 0.05527799
0.76124928 0.05657628
0.75452071 0.05786778
0.74772933 0.05915191
0.74087684 0.06042813
0.73396491 0.06169598
0.72699525 0.06295504
0.71996958 0.06420496
0.71288965 0.06544540
0.70575718 0.06667610
0.69857395 0.06789683
0.69134172 0.06910737
0.68406228 0.07030755
0.67673742 0.07149722
0.66936896 0.07267624
0.66195871 0.07384447
0.65450850 0.07500179
0.64702016 0.07614807
0.63949555 0.07728318
0.63193652 0.07840694
0.62434494 0.07951919
0.61672268 0.08061971
0.60907162 0.08170827
0.60139365 0.08278459
0.59369066 0.08384833
0.58596455 0.08489914
0.57821723 0.08593657
0.57045062 0.08696015
0.56266662 0.08796934
0.55486716 0.08896352
0.54705416 0.08994203
0.53922955 0.09090414
0.53139526 0.09184904
0.52355323 0.09277587
0.51570538 0.09368370
0.50785366 0.09457154
0.50000000 0.09543832
0.49214634 0.09628293
0.48429462 0.09710421
0.47644677 0.09790093
0.46860474 0.09867182
0.46077045 0.09941558
0.45294584 0.10013085
0.44513284 0.10081627
0.43733338 0.10147044
0.42954938 0.10209192
0.42178277 0.10267931
0.41403545 0.10323118
0.40630934 0.10374608
0.39860635 0.10422263
0.39092838 0.10465941
0.38327732 0.10505508
0.37565506 0.10540831
0.36806348 0.10571780
0.36050445 0.10598232
0.35297984 0.10620070
0.34549150 0.10637182
0.33804129 0.10649465
0.33063104 0.10656821
0.32326258 0.10659161
0.31593772 0.10656407
0.30865828 0.10648488
0.30142605 0.10635343
0.29424282 0.10616921
0.28711035 0.10593180
0.28003042 0.10564091
0.27300475 0.10529635
0.26603509 0.10489801
0.25912316 0.10444591
0.25227067 0.10394018
0.24547929 0.10338106
0.23875072 0.10276886
0.23208660 0.10210403
0.22548859 0.10138711
0.21895831 0.10061873
0.21249737 0.09979961
0.20610737 0.09893058
0.19978989 0.09801252
0.19354647 0.09704642
0.18737867 0.09603334
0.18128801 0.09497438
0.17527598 0.09387074
0.16934407 0.09272366
0.16349374 0.09153442
0.15772645 0.09030435
0.15204360 0.08903484
0.14644661 0.08772728
0.14093685 0.08638309
0.13551569 0.08500373
0.13018445 0.08359065
0.12494447 0.08214531
0.11979702 0.08066918
0.11474338 0.07916371
0.10978480 0.07763035
0.10492249 0.07607054
0.10015767 0.07448567
0.09549150 0.07287715
0.09092514 0.07124632
0.08645971 0.06959451
0.08209632 0.06792301
0.07783604 0.06623306
0.07367992 0.06452588
0.06962899 0.06280263
0.06568424 0.06106442
0.06184666 0.05931233
0.05811718 0.05754739
0.05449674 0.05577056
0.05098621 0.05398278
0.04758647 0.05218492
0.04429836 0.05037781
0.04112269 0.04856223
0.03806023 0.04673892
0.03511176 0.04490855
0.03227798 0.04307178
0.02955962 0.04122920
0.02695732 0.03938137
0.02447174 0.03752879
0.02210349 0.03567195
0.01985316 0.03381129
0.01772129 0.03194721
0.01570842 0.03008008
0.01381504 0.02821025
0.01204162 0.02633803
0.01038859 0.02446370
0.00885637 0.02258753
0.00744534 0.02070975
0.00615583 0.01883059
0.00498817 0.01695024
0.00394265 0.01506889
0.00301952 0.01318671
0.00221902 0.01130385
0.00154133 0.00942046
0.00098664 0.00753667
0.00055506 0.00565261
0.00024672 0.00376840
0.00006168 0.00188416
0.00000000 0.00000000
0.00006168 -0.00062123
0.00024672 -0.00124141
0.00055506 -0.00185949
0.00098664 -0.00247442
0.00154133 -0.00308516
0.00221902 -0.00369067
0.00301952 -0.00428992
0.00394265 -0.00488190
0.00498817 -0.00546561
0.00615583 -0.00604007
0.00744534 -0.00660430
0.00885637 -0.00715737
0.01038859 -0.00769834
0.01204162 -0.00822632
0.01381504 -0.00874043
0.01570842 -0.00923983
0.01772129 -0.00972371
0.01985316 -0.01019129
0.02210349 -0.01064183
0.02447174 -0.01107463
0.02695732 -0.01148902
0.02955962 -0.01188441
0.03227798 -0.01226021
0.03511176 -0.01261590
0.03806023 -0.01295103
0.04112269 -0.01326517
0.04429836 -0.01355797
0.04758647 -0.01382913
0.05098621 -0.01407839
0.05449674 -0.01430559
0.05811718 -0.01451060
0.06184666 -0.01469336
0.06568424 -0.01485388
0.06962899 -0.01499223
0.07367992 -0.01510854
0.07783604 -0.01520302
0.08209632 -0.01527592
0.08645971 -0.01532758
0.09092514 -0.01535837
0.09549150 -0.01536876
0.10015767 -0.01535924
0.10492249 -0.01533038
0.10978480 -0.01528279
0.11474338 -0.01521716
0.11979702 -0.01513419
0.12494447 -0.01503465
0.13018445 -0.01491933
0.13551569 -0.01478909
0.14093685 -0.01464479
0.14644661 -0.01448733
0.15204360 -0.01431764
0.15772645 -0.01413666
0.16349374 -0.01394535
0.16934407 -0.01374466
0.17527598 -0.01353557
0.18128801 -0.01331904
0.18737867 -0.01309603
0.19354647 -0.01286748
0.19978989 -0.01263431
0.20610737 -0.01239744
0.21249737 -0.01215774
0.21895831 -0.01191604
0.22548859 -0.01167316
0.23208660 -0.01142986
0.23875072 -0.01118687
0.24547929 -0.01094486
0.25227067 -0.01070444
0.25912316 -0.01046620
0.26603509 -0.01023064
0.27300475 -0.00999821
0.28003042 -0.00976933
0.28711035 -0.00954432
0.29424282 -0.00932346
0.30142605 -0.00910698
0.30865828 -0.00889503
0.31593772 -0.00868771
0.32326258 -0.00848508
0.33063104 -0.00828712
0.33804129 -0.00809378
0.34549150 -0.00790494
0.35297984 -0.00772046
0.36050445 -0.00754014
0.36806348 -0.00736376
0.37565506 -0.00719105
0.38327732 -0.00702172
0.39092838 -0.00685546
0.39860635 -0.00669193
0.40630934 -0.00653079
0.41403545 -0.00637169
0.42178277 -0.00621427
0.42954938 -0.00605818
0.43733338 -0.00590307
0.44513284 -0.00574862
0.45294584 -0.00559450
0.46077045 -0.00544042
0.46860474 -0.00528612
0.47644677 -0.00513137
0.48429462 -0.00497595
0.49214634 -0.00481970
0.50000000 -0.00466251
0.50785366 -0.00450429
0.51570538 -0.00434499
0.52355323 -0.00418464
0.53139526 -0.00402329
0.53922955 -0.00386103
0.54705416 -0.00369802
0.55486716 -0.00353446
0.56266662 -0.00337059
0.57045062 -0.00320669
0.57821723 -0.00304308
0.58596455 -0.00288015
0.59369066 -0.00271827
0.60139365 -0.00255789
0.60907162 -0.00239947
0.61672268 -0.00224349
0.62434494 -0.00209045
0.63193652 -0.00194086
0.63949555 -0.00179526
0.64702016 -0.00165418
0.65450850 -0.00151813
0.66195871 -0.00138763
0.66936896 -0.00126320
0.67673742 -0.00114532
0.68406228 -0.00103445
0.69134172 -0.00093103
0.69857395 -0.00083545
0.70575718 -0.00074808
0.71288965 -0.00066923
0.71996958 -0.00059918
0.72699525 -0.00053813
0.73396491 -0.00048627
0.74087684 -0.00044369
0.74772933 -0.00041044
0.75452071 -0.00038651
0.76124928 -0.00037181
0.76791340 -0.00036622
0.77451141 -0.00036953
0.78104169 -0.00038148
0.78750263 -0.00040173
0.79389263 -0.00042991
0.80021011 -0.00046557
0.80645353 -0.00050822
0.81262133 -0.00055730
0.81871199 -0.00061223
0.82472402 -0.00067236
0.83065593 -0.00073702
0.83650626 -0.00080551
0.84227355 -0.00087710
0.84795640 -0.00095102
0.85355339 -0.00102651
0.85906315 -0.00110279
0.86448431 -0.00117908
0.86981555 -0.00125462
0.87505553 -0.00132863
0.88020298 -0.00140036
0.88525662 -0.00146911
0.89021520 -0.00153417
0.89507751 -0.00159489
0.89984233 -0.00165066
0.90450850 -0.00170092
0.90907486 -0.00174514
0.91354029 -0.00178288
0.91790368 -0.00181373
0.92216396 -0.00183737
0.92632008 -0.00185354
0.93037101 -0.00186203
0.93431576 -0.00186272
0.93815334 -0.00185557
0.94188282 -0.00184060
0.94550326 -0.00181790
0.94901379 -0.00178763
0.95241353 -0.00175005
0.95570164 -0.00170545
0.95887731 -0.00165420
0.96193977 -0.00159675
0.96488824 -0.00153357
0.96772202 -0.00146522
0.97044038 -0.00139229
0.97304268 -0.00131542
0.97552826 -0.00123528
0.97789651 -0.00115258
0.98014684 -0.00106805
0.98227871 -0.00098244
0.98429158 -0.00089652
0.98618496 -0.00081104
0.98795838 -0.00072677
0.98961141 -0.00064447
0.99114363 -0.00056487
0.99255466 -0.00048868
0.99384417 -0.00041659
0.99501183 -0.00034925
0.99605735 -0.00028726
0.99698048 -0.00023117
0.99778098 -0.00018150
0.99845867 -0.00013868
0.99901336 -0.00010311
0.99944494 -0.00007511
0.99975328 -0.00005493
0.99993832 -0.00004274
1.00000000 -0.00003867
