sample_419
1.00000000 0.00155748
0.99993832 0.00157717
0.99975328 0.00163621
0.99944494 0.00173454
0.99901336 0.00187205
0.99845867 0.00204857
0.99778098 0.00226391
0.99698048 0.00251781
0.99605735 0.00280998
0.99501183 0.00314007
0.99384417 0.00350772
0.99255466 0.00391248
0.99114363 0.00435388
0.98961141 0.00483141
0.98795838 0.00534450
0.98618496 0.00589255
0.98429158 0.00647491
0.98227871 0.00709088
0.98014684 0.00773973
0.97789651 0.00842070
0.97552826 0.00913298
0.97304268 0.00987570
0.97044038 0.01064800
0.96772202 0.01144895
0.96488824 0.01227761
0.96193977 0.01313299
0.95887731 0.01401410
0.95570164 0.01491990
0.95241353 0.01584935
0.94901379 0.01680138
0.94550326 0.01777490
0.94188282 0.01876883
0.93815334 0.01978207
0.93431576 0.02081352
0.93037101 0.02186208
0.92632008 0.02292664
0.92216396 0.02400613
0.91790368 0.02509947
0.91354029 0.02620560
0.90907486 0.02732349
0.90450850 0.02845214
0.89984233 0.02959056
0.89507751 0.03073782
0.89021520 0.03189299
0.88525662 0.03305522
0.88020298 0.03422369
0.87505553 0.03539761
0.86981555 0.03657627
0.86448431 0.03775898
0.85906315 0.03894513
0.85355339 0.04013415
0.84795640 0.04132553
0.84227355 0.04251882
0.83650626 0.04371363
0.83065593 0.04490960
0.82472402 0.04610646
0.81871199 0.04730397
0.81262133 0.04850197
0.80645353 0.04970030
0.80021011 0.05089890
0.79389263 0.05209772
0.78750263 0.05329675
0.78104169 0.05449603
0.77451141 0.05569562
0.76791340 0.05689560
0.76124928 0.05809607
0.75452071 0.05929715
0.74772933 0.06049896
0.74087684 0.06170161
0.73396491 0.06290523
0.72699525 0.06410989
0.71996958 0.06531569
0.71288965 0.06652267
0.70575718 0.06773084
0.69857395 0.06894018
0.69134172 0.07015059
0.68406228 0.07136195
0.67673742 0.07257407
0.66936896 0.07378667
0.66195871 0.07499943
0.65450850 0.07621194
0.64702016 0.07742368
0.63949555 0.07863409
0.63193652 0.07984250
0.62434494 0.08104814
0.61672268 0.08225015
0.60907162 0.08344758
0.60139365 0.08463939
0.59369066 0.08582444
0.58596455 0.08700147
0.57821723 0.08816917
0.57045062 0.08932612
0.56266662 0.09047080
0.55486716 0.09160163
0.54705416 0.09271695
0.53922955 0.09381500
0.53139526 0.09489398
0.52355323 0.09595203
0.51570538 0.09698724
0.50785366 0.09799764
0.50000000 0.09898124
0.49214634 0.09993602
0.48429462 0.10085993
0.47644677 0.10175095
0.46860474 0.10260701
0.46077045 0.10342611
0.45294584 0.10420624
0.44513284 0.10494542
0.43733338 0.10564173
0.42954938 0.10629329
0.42178277 0.10689831
0.41403545 0.10745505
0.40630934 0.10796186
0.39860635 0.10841718
0.39092838 0.10881955
0.38327732 0.10916762
0.37565506 0.10946016
0.36806348 0.10969605
0.36050445 0.10987431
0.35297984 0.10999408
0.34549150 0.11005464
0.33804129 0.11005543
0.33063104 0.10999600
0.32326258 0.10987607
0.31593772 0.10969550
0.30865828 0.10945427
0.30142605 0.10915255
0.29424282 0.10879061
0.28711035 0.10836889
0.28003042 0.10788794
0.27300475 0.10734846
0.26603509 0.10675129
0.25912316 0.10609735
0.25227067 0.10538771
0.24547929 0.10462353
0.23875072 0.10380609
0.23208660 0.10293674
0.22548859 0.10201692
0.21895831 0.10104815
0.21249737 0.10003201
0.20610737 0.09897015
0.19978989 0.09786425
0.19354647 0.09671603
0.18737867 0.09552725
0.18128801 0.09429968
0.17527598 0.09303509
0.16934407 0.09173528
0.16349374 0.09040200
0.15772645 0.08903703
0.15204360 0.08764208
0.14644661 0.08621886
0.14093685 0.08476903
0.13551569 0.08329419
0.13018445 0.08179592
0.12494447 0.08027572
0.11979702 0.07873504
0.11474338 0.07717524
0.10978480 0.07559766
0.10492249 0.07400351
0.10015767 0.07239398
0.09549150 0.07077015
0.09092514 0.06913305
0.08645971 0.06748362
0.08209632 0.06582272
0.07783604 0.06415117
0.07367992 0.06246968
0.06962899 0.06077892
0.06568424 0.05907948
0.06184666 0.05737190
0.05811718 0.05565666
0.05449674 0.05393417
0.05098621 0.05220481
0.04758647 0.05046892
0.04429836 0.04872676
0.04112269 0.04697861
0.03806023 0.04522468
0.03511176 0.04346517
0.03227798 0.04170024
0.02955962 0.03993007
0.02695732 0.03815480
0.02447174 0.03637456
0.02210349 0.03458950
0.01985316 0.03279974
0.01772129 0.03100544
0.01570842 0.02920673
0.01381504 0.02740377
0.01204162 0.02559672
0.01038859 0.02378578
0.00885637 0.02197113
0.00744534 0.02015299
0.00615583 0.01833159
0.00498817 0.01650717
0.00394265 0.01468000
0.00301952 0.01285036
0.00221902 0.01101854
0.00154133 0.00918484
0.00098664 0.00734961
0.00055506 0.00551316
0.00024672 0.00367584
0.00006168 0.00183800
0.00000000 0.00000000
0.00006168 -0.00080974
0.00024672 -0.00161800
0.00055506 -0.00242330
0.00098664 -0.00322415
0.00154133 -0.00401909
0.00221902 -0.00480665
0.00301952 -0.00558540
0.00394265 -0.00635390
0.00498817 -0.00711075
0.00615583 -0.00785456
0.00744534 -0.00858397
0.00885637 -0.00929765
0.01038859 -0.00999430
0.01204162 -0.01067265
0.01381504 -0.01133148
0.01570842 -0.01196959
0.01772129 -0.01258584
0.01985316 -0.01317913
0.02210349 -0.01374841
0.02447174 -0.01429268
0.02695732 -0.01481099
0.02955962 -0.01530247
0.03227798 -0.01576627
0.03511176 -0.01620164
0.03806023 -0.01660788
0.04112269 -0.01698436
0.04429836 -0.01733052
0.04758647 -0.01764586
0.05098621 -0.01792998
0.05449674 -0.01818253
0.05811718 -0.01840326
0.06184666 -0.01859199
0.06568424 -0.01874860
0.06962899 -0.01887310
0.07367992 -0.01896552
0.07783604 -0.01902603
0.08209632 -0.01905485
0.08645971 -0.01905230
0.09092514 -0.01901875
0.09549150 -0.01895470
0.10015767 -0.01886068
0.10492249 -0.01873735
0.10978480 -0.01858541
0.11474338 -0.01840564
0.11979702 -0.01819891
0.12494447 -0.01796615
0.13018445 -0.01770836
0.13551569 -0.01742660
0.14093685 -0.01712200
0.14644661 -0.01679573
0.15204360 -0.01644904
0.15772645 -0.01608320
0.16349374 -0.01569955
0.16934407 -0.01529945
0.17527598 -0.01488429
0.18128801 -0.01445553
0.18737867 -0.01401460
0.19354647 -0.01356298
0.19978989 -0.01310215
0.20610737 -0.01263362
0.21249737 -0.01215888
0.21895831 -0.01167942
0.22548859 -0.01119672
0.23208660 -0.01071226
0.23875072 -0.01022747
0.24547929 -0.00974379
0.25227067 -0.00926261
0.25912316 -0.00878528
0.26603509 -0.00831313
0.27300475 -0.00784742
0.28003042 -0.00738937
0.28711035 -0.00694016
0.29424282 -0.00650089
0.30142605 -0.00607261
0.30865828 -0.00565633
0.31593772 -0.00525294
0.32326258 -0.00486331
0.33063104 -0.00448822
0.33804129 -0.00412836
0.34549150 -0.00378438
0.35297984 -0.00345683
0.36050445 -0.00314620
0.36806348 -0.00285288
0.37565506 -0.00257720
0.38327732 -0.00231943
0.39092838 -0.00207974
0.39860635 -0.00185823
0.40630934 -0.00165494
0.41403545 -0.00146983
0.42178277 -0.00130279
0.42954938 -0.00115367
0.43733338 -0.00102222
0.44513284 -0.00090816
0.45294584 -0.00081113
0.46077045 -0.00073074
0.46860474 -0.00066652
0.47644677 -0.00061799
0.48429462 -0.00058461
0.49214634 -0.00056579
0.50000000 -0.00056092
0.50785366 -0.00056935
0.51570538 -0.00059042
0.52355323 -0.00062344
0.53139526 -0.00066768
0.53922955 -0.00072242
0.54705416 -0.00078692
0.55486716 -0.00086043
0.56266662 -0.00094221
0.57045062 -0.00103149
0.57821723 -0.00112752
0.58596455 -0.00122956
0.59369066 -0.00133688
0.60139365 -0.00144873
0.60907162 -0.00156442
0.61672268 -0.00168324
0.62434494 -0.00180451
0.63193652 -0.00192757
0.63949555 -0.00205178
0.64702016 -0.00217652
0.65450850 -0.00230120
0.66195871 -0.00242524
0.66936896 -0.00254811
0.67673742 -0.00266929
0.68406228 -0.00278828
0.69134172 -0.00290462
0.69857395 -0.00301789
0.70575718 -0.00312765
0.71288965 -0.00323355
0.71996958 -0.00333521
0.72699525 -0.00343232
0.73396491 -0.00352457
0.74087684 -0.00361168
0.74772933 -0.00369340
0.75452071 -0.00376950
0.76124928 -0.00383979
0.76791340 -0.00390408
0.77451141 -0.00396221
0.78104169 -0.00401405
0.78750263 -0.00405948
0.79389263 -0.00409841
0.80021011 -0.00413076
0.80645353 -0.00415648
0.81262133 -0.00417553
0.81871199 -0.00418790
0.82472402 -0.00419357
0.83065593 -0.00419258
0.83650626 -0.00418494
0.84227355 -0.00417071
0.84795640 -0.00414996
0.85355339 -0.00412276
0.85906315 -0.00408922
0.86448431 -0.00404943
0.86981555 -0.00400354
0.87505553 -0.00395169
0.88020298 -0.00389403
0.88525662 -0.00383073
0.89021520 -0.00376199
0.89507751 -0.00368800
0.89984233 -0.00360899
0.90450850 -0.00352518
0.90907486 -0.00343682
0.91354029 -0.00334418
0.91790368 -0.00324752
0.92216396 -0.00314713
0.92632008 -0.00304331
0.93037101 -0.00293638
0.93431576 -0.00282667
0.93815334 -0.00271450
0.94188282 -0.00260022
0.94550326 -0.00248420
0.94901379 -0.00236680
0.95241353 -0.00224840
0.95570164 -0.00212937
0.95887731 -0.00201011
0.96193977 -0.00189101
0.96488824 -0.00177246
0.96772202 -0.00165487
0.97044038 -0.00153863
0.97304268 -0.00142414
0.97552826 -0.00131180
0.97789651 -0.00120200
0.98014684 -0.00109513
0.98227871 -0.00099157
0.98429158 -0.00089168
0.98618496 -0.00079583
0.98795838 -0.00070438
0.98961141 -0.00061765
0.99114363 -0.00053596
0.99255466 -0.00045961
0.99384417 -0.00038890
0.99501183 -0.00032409
0.99605735 -0.00026542
0.99698048 -0.00021311
0.99778098 -0.00016737
0.99845867 -0.00012836
0.99901336 -0.00009624
0.99944494 -0.00007112
0.99975328 -0.00005312
0.99993832 -0.00004229
1.00000000 -0.00003867
