sample_1209
1.00000000 0.00155748
0.99993832 0.00157630
0.99975328 0.00163272
0.99944494 0.00172669
0.99901336 0.00185809
0.99845867 0.00202675
0.99778098 0.00223248
0.99698048 0.00247501
0.99605735 0.00275406
0.99501183 0.00306928
0.99384417 0.00342031
0.99255466 0.00380672
0.99114363 0.00422805
0.98961141 0.00468380
0.98795838 0.00517344
0.98618496 0.00569640
0.98429158 0.00625209
0.98227871 0.00683985
0.98014684 0.00745905
0.97789651 0.00810897
0.97552826 0.00878892
0.97304268 0.00949815
0.97044038 0.01023590
0.96772202 0.01100139
0.96488824 0.01179384
0.96193977 0.01261244
0.95887731 0.01345637
0.95570164 0.01432482
0.95241353 0.01521694
0.94901379 0.01613191
0.94550326 0.01706890
0.94188282 0.01802708
0.93815334 0.01900562
0.93431576 0.02000370
0.93037101 0.02102053
0.92632008 0.02205530
0.92216396 0.02310723
0.91790368 0.02417556
0.91354029 0.02525954
0.90907486 0.02635846
0.90450850 0.02747159
0.89984233 0.02859828
0.89507751 0.02973784
0.89021520 0.03088967
0.88525662 0.03205315
0.88020298 0.03322771
0.87505553 0.03441280
0.86981555 0.03560789
0.86448431 0.03681249
0.85906315 0.03802613
0.85355339 0.03924837
0.84795640 0.04047878
0.84227355 0.04171698
0.83650626 0.04296258
0.83065593 0.04421525
0.82472402 0.04547463
0.81871199 0.04674041
0.81262133 0.04801228
0.80645353 0.04928994
0.80021011 0.05057311
0.79389263 0.05186149
0.78750263 0.05315480
0.78104169 0.05445274
0.77451141 0.05575503
0.76791340 0.05706134
0.76124928 0.05837135
0.75452071 0.05968472
0.74772933 0.06100108
0.74087684 0.06232003
0.73396491 0.06364116
0.72699525 0.06496399
0.71996958 0.06628804
0.71288965 0.06761276
0.70575718 0.06893755
0.69857395 0.07026179
0.69134172 0.07158479
0.68406228 0.07290579
0.67673742 0.07422400
0.66936896 0.07553856
0.66195871 0.07684854
0.65450850 0.07815296
0.64702016 0.07945077
0.63949555 0.08074085
0.63193652 0.08202203
0.62434494 0.08329307
0.61672268 0.08455266
0.60907162 0.08579942
0.60139365 0.08703195
0.59369066 0.08824874
0.58596455 0.08944825
0.57821723 0.09062890
0.57045062 0.09178904
0.56266662 0.09292698
0.55486716 0.09404099
0.54705416 0.09512932
0.53922955 0.09619017
0.53139526 0.09722172
0.52355323 0.09822215
0.51570538 0.09918960
0.50785366 0.10012223
0.50000000 0.10101819
0.49214634 0.10187563
0.48429462 0.10269275
0.47644677 0.10346774
0.46860474 0.10419884
0.46077045 0.10488432
0.45294584 0.10552249
0.44513284 0.10611174
0.43733338 0.10665050
0.42954938 0.10713726
0.42178277 0.10757063
0.41403545 0.10794924
0.40630934 0.10827187
0.39860635 0.10853735
0.39092838 0.10874462
0.38327732 0.10889276
0.37565506 0.10898091
0.36806348 0.10900837
0.36050445 0.10897454
0.35297984 0.10887893
0.34549150 0.10872121
0.33804129 0.10850115
0.33063104 0.10821866
0.32326258 0.10787379
0.31593772 0.10746671
0.30865828 0.10699773
0.30142605 0.10646728
0.29424282 0.10587595
0.28711035 0.10522441
0.28003042 0.10451351
0.27300475 0.10374418
0.26603509 0.10291749
0.25912316 0.10203462
0.25227067 0.10109687
0.24547929 0.10010563
0.23875072 0.09906241
0.23208660 0.09796879
0.22548859 0.09682646
0.21895831 0.09563717
0.21249737 0.09440276
0.20610737 0.09312513
0.19978989 0.09180625
0.19354647 0.09044813
0.18737867 0.08905282
0.18128801 0.08762241
0.17527598 0.08615904
0.16934407 0.08466483
0.16349374 0.08314195
0.15772645 0.08159254
0.15204360 0.08001877
0.14644661 0.07842277
0.14093685 0.07680668
0.13551569 0.07517259
0.13018445 0.07352257
0.12494447 0.07185864
0.11979702 0.07018280
0.11474338 0.06849697
0.10978480 0.06680303
0.10492249 0.06510280
0.10015767 0.06339802
0.09549150 0.06169037
0.09092514 0.05998145
0.08645971 0.05827279
0.08209632 0.05656583
0.07783604 0.05486192
0.07367992 0.05316235
0.06962899 0.05146829
0.06568424 0.04978083
0.06184666 0.04810099
0.05811718 0.04642967
0.05449674 0.04476770
0.05098621 0.04311580
0.04758647 0.04147461
0.04429836 0.03984470
0.04112269 0.03822650
0.03806023 0.03662040
0.03511176 0.03502669
0.03227798 0.03344557
0.02955962 0.03187716
0.02695732 0.03032151
0.02447174 0.02877858
0.02210349 0.02724827
0.01985316 0.02573041
0.01772129 0.02422474
0.01570842 0.02273096
0.01381504 0.02124870
0.01204162 0.01977754
0.01038859 0.01831698
0.00885637 0.01686651
0.00744534 0.01542554
0.00615583 0.01399345
0.00498817 0.01256957
0.00394265 0.01115321
0.00301952 0.00974364
0.00221902 0.00834010
0.00154133 0.00694179
0.00098664 0.00554791
0.00055506 0.00415764
0.00024672 0.00277013
0.00006168 0.00138454
0.00000000 0.00000000
0.00006168 -0.00139750
0.00024672 -0.00279300
0.00055506 -0.00418451
0.00098664 -0.00557005
0.00154133 -0.00694765
0.00221902 -0.00831536
0.00301952 -0.00967126
0.00394265 -0.01101345
0.00498817 -0.01234010
0.00615583 -0.01364937
0.00744534 -0.01493951
0.00885637 -0.01620878
0.01038859 -0.01745553
0.01204162 -0.01867815
0.01381504 -0.01987508
0.01570842 -0.02104485
0.01772129 -0.02218603
0.01985316 -0.02329729
0.02210349 -0.02437734
0.02447174 -0.02542499
0.02695732 -0.02643911
0.02955962 -0.02741868
0.03227798 -0.02836272
0.03511176 -0.02927035
0.03806023 -0.03014079
0.04112269 -0.03097332
0.04429836 -0.03176730
0.04758647 -0.03252220
0.05098621 -0.03323754
0.05449674 -0.03391296
0.05811718 -0.03454814
0.06184666 -0.03514289
0.06568424 -0.03569704
0.06962899 -0.03621056
0.07367992 -0.03668345
0.07783604 -0.03711582
0.08209632 -0.03750781
0.08645971 -0.03785967
0.09092514 -0.03817170
0.09549150 -0.03844427
0.10015767 -0.03867781
0.10492249 -0.03887280
0.10978480 -0.03902981
0.11474338 -0.03914942
0.11979702 -0.03923229
0.12494447 -0.03927913
0.13018445 -0.03929068
0.13551569 -0.03926772
0.14093685 -0.03921108
0.14644661 -0.03912163
0.15204360 -0.03900026
0.15772645 -0.03884789
0.16349374 -0.03866548
0.16934407 -0.03845400
0.17527598 -0.03821445
0.18128801 -0.03794784
0.18737867 -0.03765519
0.19354647 -0.03733756
0.19978989 -0.03699599
0.20610737 -0.03663154
0.21249737 -0.03624528
0.21895831 -0.03583827
0.22548859 -0.03541158
0.23208660 -0.03496629
0.23875072 -0.03450344
0.24547929 -0.03402410
0.25227067 -0.03352933
0.25912316 -0.03302016
0.26603509 -0.03249763
0.27300475 -0.03196275
0.28003042 -0.03141654
0.28711035 -0.03085998
0.29424282 -0.03029407
0.30142605 -0.02971974
0.30865828 -0.02913796
0.31593772 -0.02854964
0.32326258 -0.02795569
0.33063104 -0.02735698
0.33804129 -0.02675440
0.34549150 -0.02614876
0.35297984 -0.02554090
0.36050445 -0.02493160
0.36806348 -0.02432163
0.37565506 -0.02371176
0.38327732 -0.02310268
0.39092838 -0.02249511
0.39860635 -0.02188970
0.40630934 -0.02128712
0.41403545 -0.02068797
0.42178277 -0.02009285
0.42954938 -0.01950232
0.43733338 -0.01891693
0.44513284 -0.01833720
0.45294584 -0.01776360
0.46077045 -0.01719659
0.46860474 -0.01663662
0.47644677 -0.01608408
0.48429462 -0.01553937
0.49214634 -0.01500283
0.50000000 -0.01447479
0.50785366 -0.01395556
0.51570538 -0.01344541
0.52355323 -0.01294460
0.53139526 -0.01245336
0.53922955 -0.01197188
0.54705416 -0.01150035
0.55486716 -0.01103893
0.56266662 -0.01058775
0.57045062 -0.01014692
0.57821723 -0.00971654
0.58596455 -0.00929667
0.59369066 -0.00888737
0.60139365 -0.00848867
0.60907162 -0.00810057
0.61672268 -0.00772309
0.62434494 -0.00735618
0.63193652 -0.00699983
0.63949555 -0.00665397
0.64702016 -0.00631855
0.65450850 -0.00599347
0.66195871 -0.00567866
0.66936896 -0.00537402
0.67673742 -0.00507941
0.68406228 -0.00479474
0.69134172 -0.00451987
0.69857395 -0.00425465
0.70575718 -0.00399895
0.71288965 -0.00375261
0.71996958 -0.00351549
0.72699525 -0.00328742
0.73396491 -0.00306824
0.74087684 -0.00285778
0.74772933 -0.00265588
0.75452071 -0.00246237
0.76124928 -0.00227707
0.76791340 -0.00209982
0.77451141 -0.00193045
0.78104169 -0.00176879
0.78750263 -0.00161466
0.79389263 -0.00146790
0.80021011 -0.00132834
0.80645353 -0.00119581
0.81262133 -0.00107016
0.81871199 -0.00095122
0.82472402 -0.00083883
0.83065593 -0.00073282
0.83650626 -0.00063304
0.84227355 -0.00053934
0.84795640 -0.00045156
0.85355339 -0.00036954
0.85906315 -0.00029314
0.86448431 -0.00022219
0.86981555 -0.00015655
0.87505553 -0.00009606
0.88020298 -0.00004058
0.88525662 0.00001006
0.89021520 0.00005599
0.89507751 0.00009739
0.89984233 0.00013440
0.90450850 0.00016718
0.90907486 0.00019589
0.91354029 0.00022070
0.91790368 0.00024175
0.92216396 0.00025923
0.92632008 0.00027329
0.93037101 0.00028410
0.93431576 0.00029184
0.93815334 0.00029669
0.94188282 0.00029881
0.94550326 0.00029838
0.94901379 0.00029559
0.95241353 0.00029062
0.95570164 0.00028365
0.95887731 0.00027486
0.96193977 0.00026444
0.96488824 0.00025258
0.96772202 0.00023945
0.97044038 0.00022524
0.97304268 0.00021013
0.97552826 0.00019431
0.97789651 0.00017795
0.98014684 0.00016122
0.98227871 0.00014430
0.98429158 0.00012736
0.98618496 0.00011055
0.98795838 0.00009402
0.98961141 0.00007794
0.99114363 0.00006244
0.99255466 0.00004765
0.99384417 0.00003370
0.99501183 0.00002071
0.99605735 0.00000879
0.99698048 -0.00000196
0.99778098 -0.00001146
0.99845867 -0.00001964
0.99901336 -0.00002642
0.99944494 -0.00003175
0.99975328 -0.00003558
0.99993832 -0.00003790
1.00000000 -0.00003867
