sample_1207
1.00000000 0.00155748
0.99993832 0.00157131
0.99975328 0.00161282
0.99944494 0.00168203
0.99901336 0.00177900
0.99845867 0.00190378
0.99778098 0.00205648
0.99698048 0.00223718
0.99605735 0.00244601
0.99501183 0.00268308
0.99384417 0.00294854
0.99255466 0.00324254
0.99114363 0.00356522
0.98961141 0.00391673
0.98795838 0.00429723
0.98618496 0.00470687
0.98429158 0.00514577
0.98227871 0.00561408
0.98014684 0.00611191
0.97789651 0.00663935
0.97552826 0.00719648
0.97304268 0.00778336
0.97044038 0.00840000
0.96772202 0.00904641
0.96488824 0.00972255
0.96193977 0.01042833
0.95887731 0.01116366
0.95570164 0.01192837
0.95241353 0.01272226
0.94901379 0.01354510
0.94550326 0.01439659
0.94188282 0.01527640
0.93815334 0.01618413
0.93431576 0.01711936
0.93037101 0.01808160
0.92632008 0.01907030
0.92216396 0.02008488
0.91790368 0.02112470
0.91354029 0.02218907
0.90907486 0.02327726
0.90450850 0.02438848
0.89984233 0.02552191
0.89507751 0.02667668
0.89021520 0.02785186
0.88525662 0.02904652
0.88020298 0.03025965
0.87505553 0.03149024
0.86981555 0.03273723
0.86448431 0.03399954
0.85906315 0.03527606
0.85355339 0.03656565
0.84795640 0.03786716
0.84227355 0.03917944
0.83650626 0.04050128
0.83065593 0.04183150
0.82472402 0.04316890
0.81871199 0.04451227
0.81262133 0.04586040
0.80645353 0.04721208
0.80021011 0.04856611
0.79389263 0.04992127
0.78750263 0.05127639
0.78104169 0.05263027
0.77451141 0.05398173
0.76791340 0.05532962
0.76124928 0.05667277
0.75452071 0.05801007
0.74772933 0.05934037
0.74087684 0.06066259
0.73396491 0.06197563
0.72699525 0.06327843
0.71996958 0.06456992
0.71288965 0.06584908
0.70575718 0.06711489
0.69857395 0.06836634
0.69134172 0.06960246
0.68406228 0.07082228
0.67673742 0.07202484
0.66936896 0.07320922
0.66195871 0.07437449
0.65450850 0.07551975
0.64702016 0.07664410
0.63949555 0.07774669
0.63193652 0.07882663
0.62434494 0.07988309
0.61672268 0.08091522
0.60907162 0.08192220
0.60139365 0.08290323
0.59369066 0.08385751
0.58596455 0.08478424
0.57821723 0.08568267
0.57045062 0.08655204
0.56266662 0.08739159
0.55486716 0.08820062
0.54705416 0.08897842
0.53922955 0.08972428
0.53139526 0.09043754
0.52355323 0.09111756
0.51570538 0.09176370
0.50785366 0.09237536
0.50000000 0.09295196
0.49214634 0.09349296
0.48429462 0.09399783
0.47644677 0.09446608
0.46860474 0.09489727
0.46077045 0.09529097
0.45294584 0.09564680
0.44513284 0.09596442
0.43733338 0.09624353
0.42954938 0.09648386
0.42178277 0.09668522
0.41403545 0.09684743
0.40630934 0.09697037
0.39860635 0.09705397
0.39092838 0.09709821
0.38327732 0.09710311
0.37565506 0.09706876
0.36806348 0.09699528
0.36050445 0.09688286
0.35297984 0.09673171
0.34549150 0.09654212
0.33804129 0.09631441
0.33063104 0.09604895
0.32326258 0.09574617
0.31593772 0.09540652
0.30865828 0.09503049
0.30142605 0.09461864
0.29424282 0.09417153
0.28711035 0.09368978
0.28003042 0.09317402
0.27300475 0.09262491
0.26603509 0.09204313
0.25912316 0.09142940
0.25227067 0.09078444
0.24547929 0.09010897
0.23875072 0.08940372
0.23208660 0.08866945
0.22548859 0.08790689
0.21895831 0.08711677
0.21249737 0.08629983
0.20610737 0.08545677
0.19978989 0.08458829
0.19354647 0.08369506
0.18737867 0.08277775
0.18128801 0.08183698
0.17527598 0.08087334
0.16934407 0.07988741
0.16349374 0.07887971
0.15772645 0.07785075
0.15204360 0.07680099
0.14644661 0.07573085
0.14093685 0.07464071
0.13551569 0.07353093
0.13018445 0.07240181
0.12494447 0.07125361
0.11979702 0.07008656
0.11474338 0.06890087
0.10978480 0.06769669
0.10492249 0.06647415
0.10015767 0.06523334
0.09549150 0.06397433
0.09092514 0.06269717
0.08645971 0.06140187
0.08209632 0.06008845
0.07783604 0.05875689
0.07367992 0.05740717
0.06962899 0.05603927
0.06568424 0.05465316
0.06184666 0.05324881
0.05811718 0.05182621
0.05449674 0.05038534
0.05098621 0.04892622
0.04758647 0.04744887
0.04429836 0.04595335
0.04112269 0.04443973
0.03806023 0.04290813
0.03511176 0.04135869
0.03227798 0.03979160
0.02955962 0.03820708
0.02695732 0.03660540
0.02447174 0.03498687
0.02210349 0.03335187
0.01985316 0.03170080
0.01772129 0.03003413
0.01570842 0.02835237
0.01381504 0.02665609
0.01204162 0.02494592
0.01038859 0.02322251
0.00885637 0.02148660
0.00744534 0.01973894
0.00615583 0.01798035
0.00498817 0.01621169
0.00394265 0.01443386
0.00301952 0.01264780
0.00221902 0.01085447
0.00154133 0.00905490
0.00098664 0.00725009
0.00055506 0.00544112
0.00024672 0.00362906
0.00006168 0.00181498
0.00000000 0.00000000
0.00006168 -0.00123191
0.00024672 -0.00246257
0.00055506 -0.00369069
0.00098664 -0.00491501
0.00154133 -0.00613424
0.00221902 -0.00734713
0.00301952 -0.00855236
0.00394265 -0.00974865
0.00498817 -0.01093471
0.00615583 -0.01210921
0.00744534 -0.01327084
0.00885637 -0.01441828
0.01038859 -0.01555019
0.01204162 -0.01666524
0.01381504 -0.01776209
0.01570842 -0.01883939
0.01772129 -0.01989579
0.01985316 -0.02092996
0.02210349 -0.02194056
0.02447174 -0.02292626
0.02695732 -0.02388574
0.02955962 -0.02481772
0.03227798 -0.02572089
0.03511176 -0.02659403
0.03806023 -0.02743589
0.04112269 -0.02824531
0.04429836 -0.02902112
0.04758647 -0.02976224
0.05098621 -0.03046762
0.05449674 -0.03113626
0.05811718 -0.03176724
0.06184666 -0.03235970
0.06568424 -0.03291286
0.06962899 -0.03342601
0.07367992 -0.03389854
0.07783604 -0.03432991
0.08209632 -0.03471969
0.08645971 -0.03506753
0.09092514 -0.03537320
0.09549150 -0.03563656
0.10015767 -0.03585759
0.10492249 -0.03603636
0.10978480 -0.03617308
0.11474338 -0.03626804
0.11979702 -0.03632167
0.12494447 -0.03633450
0.13018445 -0.03630716
0.13551569 -0.03624042
0.14093685 -0.03613512
0.14644661 -0.03599224
0.15204360 -0.03581284
0.15772645 -0.03559809
0.16349374 -0.03534925
0.16934407 -0.03506766
0.17527598 -0.03475475
0.18128801 -0.03441203
0.18737867 -0.03404106
0.19354647 -0.03364350
0.19978989 -0.03322102
0.20610737 -0.03277536
0.21249737 -0.03230831
0.21895831 -0.03182168
0.22548859 -0.03131728
0.23208660 -0.03079696
0.23875072 -0.03026257
0.24547929 -0.02971596
0.25227067 -0.02915895
0.25912316 -0.02859336
0.26603509 -0.02802096
0.27300475 -0.02744351
0.28003042 -0.02686269
0.28711035 -0.02628017
0.29424282 -0.02569752
0.30142605 -0.02511628
0.30865828 -0.02453789
0.31593772 -0.02396374
0.32326258 -0.02339511
0.33063104 -0.02283322
0.33804129 -0.02227920
0.34549150 -0.02173407
0.35297984 -0.02119876
0.36050445 -0.02067413
0.36806348 -0.02016090
0.37565506 -0.01965974
0.38327732 -0.01917119
0.39092838 -0.01869570
0.39860635 -0.01823363
0.40630934 -0.01778527
0.41403545 -0.01735077
0.42178277 -0.01693025
0.42954938 -0.01652371
0.43733338 -0.01613109
0.44513284 -0.01575224
0.45294584 -0.01538697
0.46077045 -0.01503499
0.46860474 -0.01469599
0.47644677 -0.01436958
0.48429462 -0.01405534
0.49214634 -0.01375280
0.50000000 -0.01346146
0.50785366 -0.01318080
0.51570538 -0.01291026
0.52355323 -0.01264928
0.53139526 -0.01239728
0.53922955 -0.01215368
0.54705416 -0.01191791
0.55486716 -0.01168937
0.56266662 -0.01146751
0.57045062 -0.01125178
0.57821723 -0.01104163
0.58596455 -0.01083657
0.59369066 -0.01063610
0.60139365 -0.01043975
0.60907162 -0.01024712
0.61672268 -0.01005779
0.62434494 -0.00987139
0.63193652 -0.00968761
0.63949555 -0.00950615
0.64702016 -0.00932674
0.65450850 -0.00914917
0.66195871 -0.00897323
0.66936896 -0.00879877
0.67673742 -0.00862567
0.68406228 -0.00845383
0.69134172 -0.00828319
0.69857395 -0.00811369
0.70575718 -0.00794533
0.71288965 -0.00777811
0.71996958 -0.00761206
0.72699525 -0.00744720
0.73396491 -0.00728360
0.74087684 -0.00712132
0.74772933 -0.00696044
0.75452071 -0.00680101
0.76124928 -0.00664314
0.76791340 -0.00648690
0.77451141 -0.00633236
0.78104169 -0.00617960
0.78750263 -0.00602868
0.79389263 -0.00587967
0.80021011 -0.00573261
0.80645353 -0.00558754
0.81262133 -0.00544449
0.81871199 -0.00530347
0.82472402 -0.00516449
0.83065593 -0.00502752
0.83650626 -0.00489254
0.84227355 -0.00475952
0.84795640 -0.00462839
0.85355339 -0.00449911
0.85906315 -0.00437159
0.86448431 -0.00424575
0.86981555 -0.00412150
0.87505553 -0.00399875
0.88020298 -0.00387739
0.88525662 -0.00375731
0.89021520 -0.00363842
0.89507751 -0.00352061
0.89984233 -0.00340378
0.90450850 -0.00328784
0.90907486 -0.00317269
0.91354029 -0.00305827
0.91790368 -0.00294449
0.92216396 -0.00283131
0.92632008 -0.00271870
0.93037101 -0.00260662
0.93431576 -0.00249507
0.93815334 -0.00238406
0.94188282 -0.00227362
0.94550326 -0.00216380
0.94901379 -0.00205469
0.95241353 -0.00194636
0.95570164 -0.00183892
0.95887731 -0.00173252
0.96193977 -0.00162731
0.96488824 -0.00152344
0.96772202 -0.00142112
0.97044038 -0.00132054
0.97304268 -0.00122193
0.97552826 -0.00112551
0.97789651 -0.00103154
0.98014684 -0.00094025
0.98227871 -0.00085191
0.98429158 -0.00076679
0.98618496 -0.00068515
0.98795838 -0.00060726
0.98961141 -0.00053337
0.99114363 -0.00046376
0.99255466 -0.00039866
0.99384417 -0.00033833
0.99501183 -0.00028299
0.99605735 -0.00023285
0.99698048 -0.00018812
0.99778098 -0.00014897
0.99845867 -0.00011556
0.99901336 -0.00008804
0.99944494 -0.00006651
0.99975328 -0.00005106
0.99993832 -0.00004177
1.00000000 -0.00003867
