sample_528
1.00000000 0.00155748
0.99993832 0.00157089
0.99975328 0.00161113
0.99944494 0.00167828
0.99901336 0.00177242
0.99845867 0.00189369
0.99778098 0.00204226
0.99698048 0.00221834
0.99605735 0.00242217
0.99501183 0.00265399
0.99384417 0.00291409
0.99255466 0.00320277
0.99114363 0.00352034
0.98961141 0.00386713
0.98795838 0.00424345
0.98618496 0.00464961
0.98429158 0.00508594
0.98227871 0.00555271
0.98014684 0.00605022
0.97789651 0.00657869
0.97552826 0.00713836
0.97304268 0.00772939
0.97044038 0.00835193
0.96772202 0.00900606
0.96488824 0.00969182
0.96193977 0.01040918
0.95887731 0.01115808
0.95570164 0.01193837
0.95241353 0.01274984
0.94901379 0.01359222
0.94550326 0.01446516
0.94188282 0.01536825
0.93815334 0.01630101
0.93431576 0.01726288
0.93037101 0.01825324
0.92632008 0.01927140
0.92216396 0.02031660
0.91790368 0.02138802
0.91354029 0.02248477
0.90907486 0.02360594
0.90450850 0.02475052
0.89984233 0.02591748
0.89507751 0.02710574
0.89021520 0.02831420
0.88525662 0.02954169
0.88020298 0.03078706
0.87505553 0.03204911
0.86981555 0.03332663
0.86448431 0.03461841
0.85906315 0.03592324
0.85355339 0.03723991
0.84795640 0.03856722
0.84227355 0.03990399
0.83650626 0.04124906
0.83065593 0.04260129
0.82472402 0.04395957
0.81871199 0.04532284
0.81262133 0.04669007
0.80645353 0.04806026
0.80021011 0.04943247
0.79389263 0.05080581
0.78750263 0.05217941
0.78104169 0.05355247
0.77451141 0.05492424
0.76791340 0.05629400
0.76124928 0.05766110
0.75452071 0.05902490
0.74772933 0.06038483
0.74087684 0.06174036
0.73396491 0.06309096
0.72699525 0.06443617
0.71996958 0.06577553
0.71288965 0.06710861
0.70575718 0.06843499
0.69857395 0.06975428
0.69134172 0.07106605
0.68406228 0.07236991
0.67673742 0.07366543
0.66936896 0.07495218
0.66195871 0.07622970
0.65450850 0.07749750
0.64702016 0.07875506
0.63949555 0.08000182
0.63193652 0.08123717
0.62434494 0.08246044
0.61672268 0.08367091
0.60907162 0.08486780
0.60139365 0.08605027
0.59369066 0.08721740
0.58596455 0.08836820
0.57821723 0.08950162
0.57045062 0.09061653
0.56266662 0.09171172
0.55486716 0.09278592
0.54705416 0.09383777
0.53922955 0.09486585
0.53139526 0.09586869
0.52355323 0.09684472
0.51570538 0.09779236
0.50785366 0.09870992
0.50000000 0.09959571
0.49214634 0.10044798
0.48429462 0.10126495
0.47644677 0.10204481
0.46860474 0.10278574
0.46077045 0.10348591
0.45294584 0.10414348
0.44513284 0.10475665
0.43733338 0.10532361
0.42954938 0.10584260
0.42178277 0.10631191
0.41403545 0.10672984
0.40630934 0.10709481
0.39860635 0.10740527
0.39092838 0.10765976
0.38327732 0.10785693
0.37565506 0.10799552
0.36806348 0.10807437
0.36050445 0.10809244
0.35297984 0.10804884
0.34549150 0.10794279
0.33804129 0.10777365
0.33063104 0.10754092
0.32326258 0.10724427
0.31593772 0.10688351
0.30865828 0.10645860
0.30142605 0.10596966
0.29424282 0.10541699
0.28711035 0.10480102
0.28003042 0.10412236
0.27300475 0.10338177
0.26603509 0.10258015
0.25912316 0.10171859
0.25227067 0.10079827
0.24547929 0.09982057
0.23875072 0.09878698
0.23208660 0.09769910
0.22548859 0.09655868
0.21895831 0.09536759
0.21249737 0.09412776
0.20610737 0.09284127
0.19978989 0.09151026
0.19354647 0.09013694
0.18737867 0.08872360
0.18128801 0.08727258
0.17527598 0.08578626
0.16934407 0.08426707
0.16349374 0.08271745
0.15772645 0.08113986
0.15204360 0.07953675
0.14644661 0.07791057
0.14093685 0.07626376
0.13551569 0.07459872
0.13018445 0.07291781
0.12494447 0.07122336
0.11979702 0.06951762
0.11474338 0.06780281
0.10978480 0.06608104
0.10492249 0.06435437
0.10015767 0.06262476
0.09549150 0.06089410
0.09092514 0.05916417
0.08645971 0.05743666
0.08209632 0.05571314
0.07783604 0.05399510
0.07367992 0.05228390
0.06962899 0.05058081
0.06568424 0.04888697
0.06184666 0.04720343
0.05811718 0.04553111
0.05449674 0.04387084
0.05098621 0.04222331
0.04758647 0.04058914
0.04429836 0.03896883
0.04112269 0.03736277
0.03806023 0.03577125
0.03511176 0.03419448
0.03227798 0.03263256
0.02955962 0.03108552
0.02695732 0.02955328
0.02447174 0.02803571
0.02210349 0.02653257
0.01985316 0.02504357
0.01772129 0.02356835
0.01570842 0.02210648
0.01381504 0.02065747
0.01204162 0.01922078
0.01038859 0.01779581
0.00885637 0.01638193
0.00744534 0.01497845
0.00615583 0.01358465
0.00498817 0.01219978
0.00394265 0.01082305
0.00301952 0.00945363
0.00221902 0.00809071
0.00154133 0.00673340
0.00098664 0.00538083
0.00055506 0.00403212
0.00024672 0.00268635
0.00006168 0.00134262
0.00000000 0.00000000
0.00006168 -0.00117419
0.00024672 -0.00234633
0.00055506 -0.00351437
0.00098664 -0.00467627
0.00154133 -0.00583003
0.00221902 -0.00697366
0.00301952 -0.00810522
0.00394265 -0.00922281
0.00498817 -0.01032458
0.00615583 -0.01140873
0.00744534 -0.01247354
0.00885637 -0.01351735
0.01038859 -0.01453856
0.01204162 -0.01553569
0.01381504 -0.01650731
0.01570842 -0.01745208
0.01772129 -0.01836878
0.01985316 -0.01925627
0.02210349 -0.02011351
0.02447174 -0.02093955
0.02695732 -0.02173358
0.02955962 -0.02249487
0.03227798 -0.02322280
0.03511176 -0.02391686
0.03806023 -0.02457667
0.04112269 -0.02520192
0.04429836 -0.02579244
0.04758647 -0.02634814
0.05098621 -0.02686906
0.05449674 -0.02735532
0.05811718 -0.02780715
0.06184666 -0.02822488
0.06568424 -0.02860892
0.06962899 -0.02895977
0.07367992 -0.02927802
0.07783604 -0.02956434
0.08209632 -0.02981947
0.08645971 -0.03004421
0.09092514 -0.03023945
0.09549150 -0.03040610
0.10015767 -0.03054515
0.10492249 -0.03065762
0.10978480 -0.03074459
0.11474338 -0.03080713
0.11979702 -0.03084639
0.12494447 -0.03086350
0.13018445 -0.03085961
0.13551569 -0.03083590
0.14093685 -0.03079352
0.14644661 -0.03073364
0.15204360 -0.03065740
0.15772645 -0.03056594
0.16349374 -0.03046036
0.16934407 -0.03034175
0.17527598 -0.03021116
0.18128801 -0.03006961
0.18737867 -0.02991807
0.19354647 -0.02975747
0.19978989 -0.02958869
0.20610737 -0.02941256
0.21249737 -0.02922986
0.21895831 -0.02904131
0.22548859 -0.02884757
0.23208660 -0.02864925
0.23875072 -0.02844689
0.24547929 -0.02824098
0.25227067 -0.02803194
0.25912316 -0.02782013
0.26603509 -0.02760586
0.27300475 -0.02738938
0.28003042 -0.02717086
0.28711035 -0.02695046
0.29424282 -0.02672825
0.30142605 -0.02650427
0.30865828 -0.02627850
0.31593772 -0.02605089
0.32326258 -0.02582135
0.33063104 -0.02558973
0.33804129 -0.02535588
0.34549150 -0.02511961
0.35297984 -0.02488070
0.36050445 -0.02463891
0.36806348 -0.02439401
0.37565506 -0.02414572
0.38327732 -0.02389379
0.39092838 -0.02363794
0.39860635 -0.02337792
0.40630934 -0.02311346
0.41403545 -0.02284432
0.42178277 -0.02257027
0.42954938 -0.02229109
0.43733338 -0.02200660
0.44513284 -0.02171663
0.45294584 -0.02142104
0.46077045 -0.02111973
0.46860474 -0.02081263
0.47644677 -0.02049970
0.48429462 -0.02018093
0.49214634 -0.01985638
0.50000000 -0.01952611
0.50785366 -0.01919025
0.51570538 -0.01884896
0.52355323 -0.01850244
0.53139526 -0.01815093
0.53922955 -0.01779470
0.54705416 -0.01743408
0.55486716 -0.01706941
0.56266662 -0.01670109
0.57045062 -0.01632954
0.57821723 -0.01595521
0.58596455 -0.01557857
0.59369066 -0.01520013
0.60139365 -0.01482042
0.60907162 -0.01443997
0.61672268 -0.01405935
0.62434494 -0.01367912
0.63193652 -0.01329986
0.63949555 -0.01292215
0.64702016 -0.01254658
0.65450850 -0.01217371
0.66195871 -0.01180411
0.66936896 -0.01143835
0.67673742 -0.01107696
0.68406228 -0.01072048
0.69134172 -0.01036939
0.69857395 -0.01002420
0.70575718 -0.00968533
0.71288965 -0.00935322
0.71996958 -0.00902825
0.72699525 -0.00871078
0.73396491 -0.00840111
0.74087684 -0.00809954
0.74772933 -0.00780628
0.75452071 -0.00752155
0.76124928 -0.00724549
0.76791340 -0.00697821
0.77451141 -0.00671979
0.78104169 -0.00647026
0.78750263 -0.00622960
0.79389263 -0.00599776
0.80021011 -0.00577465
0.80645353 -0.00556014
0.81262133 -0.00535406
0.81871199 -0.00515622
0.82472402 -0.00496639
0.83065593 -0.00478430
0.83650626 -0.00460968
0.84227355 -0.00444223
0.84795640 -0.00428160
0.85355339 -0.00412746
0.85906315 -0.00397946
0.86448431 -0.00383722
0.86981555 -0.00370038
0.87505553 -0.00356855
0.88020298 -0.00344136
0.88525662 -0.00331844
0.89021520 -0.00319941
0.89507751 -0.00308392
0.89984233 -0.00297163
0.90450850 -0.00286221
0.90907486 -0.00275534
0.91354029 -0.00265073
0.91790368 -0.00254812
0.92216396 -0.00244726
0.92632008 -0.00234794
0.93037101 -0.00224995
0.93431576 -0.00215315
0.93815334 -0.00205740
0.94188282 -0.00196260
0.94550326 -0.00186868
0.94901379 -0.00177560
0.95241353 -0.00168336
0.95570164 -0.00159196
0.95887731 -0.00150146
0.96193977 -0.00141195
0.96488824 -0.00132351
0.96772202 -0.00123628
0.97044038 -0.00115040
0.97304268 -0.00106606
0.97552826 -0.00098344
0.97789651 -0.00090274
0.98014684 -0.00082419
0.98227871 -0.00074801
0.98429158 -0.00067446
0.98618496 -0.00060376
0.98795838 -0.00053617
0.98961141 -0.00047193
0.99114363 -0.00041129
0.99255466 -0.00035450
0.99384417 -0.00030177
0.99501183 -0.00025333
0.99605735 -0.00020939
0.99698048 -0.00017013
0.99778098 -0.00013574
0.99845867 -0.00010637
0.99901336 -0.00008215
0.99944494 -0.00006320
0.99975328 -0.00004959
0.99993832 -0.00004140
1.00000000 -0.00003867
