sample_259
1.00000000 0.00155748
0.99993832 0.00157092
0.99975328 0.00161124
0.99944494 0.00167847
0.99901336 0.00177262
0.99845867 0.00189373
0.99778098 0.00204183
0.99698048 0.00221699
0.99605735 0.00241926
0.99501183 0.00264870
0.99384417 0.00290536
0.99255466 0.00318934
0.99114363 0.00350067
0.98961141 0.00383945
0.98795838 0.00420572
0.98618496 0.00459955
0.98429158 0.00502099
0.98227871 0.00547007
0.98014684 0.00594684
0.97789651 0.00645129
0.97552826 0.00698344
0.97304268 0.00754326
0.97044038 0.00813072
0.96772202 0.00874575
0.96488824 0.00938828
0.96193977 0.01005819
0.95887731 0.01075535
0.95570164 0.01147958
0.95241353 0.01223071
0.94901379 0.01300849
0.94550326 0.01381268
0.94188282 0.01464297
0.93815334 0.01549906
0.93431576 0.01638056
0.93037101 0.01728711
0.92632008 0.01821826
0.92216396 0.01917355
0.91790368 0.02015249
0.91354029 0.02115456
0.90907486 0.02217918
0.90450850 0.02322576
0.89984233 0.02429368
0.89507751 0.02538228
0.89021520 0.02649089
0.88525662 0.02761877
0.88020298 0.02876521
0.87505553 0.02992942
0.86981555 0.03111064
0.86448431 0.03230804
0.85906315 0.03352080
0.85355339 0.03474808
0.84795640 0.03598901
0.84227355 0.03724270
0.83650626 0.03850827
0.83065593 0.03978481
0.82472402 0.04107141
0.81871199 0.04236713
0.81262133 0.04367104
0.80645353 0.04498219
0.80021011 0.04629964
0.79389263 0.04762244
0.78750263 0.04894961
0.78104169 0.05028020
0.77451141 0.05161324
0.76791340 0.05294775
0.76124928 0.05428276
0.75452071 0.05561729
0.74772933 0.05695036
0.74087684 0.05828099
0.73396491 0.05960818
0.72699525 0.06093094
0.71996958 0.06224829
0.71288965 0.06355921
0.70575718 0.06486270
0.69857395 0.06615775
0.69134172 0.06744335
0.68406228 0.06871847
0.67673742 0.06998208
0.66936896 0.07123315
0.66195871 0.07247063
0.65450850 0.07369347
0.64702016 0.07490060
0.63949555 0.07609097
0.63193652 0.07726350
0.62434494 0.07841709
0.61672268 0.07955067
0.60907162 0.08066313
0.60139365 0.08175338
0.59369066 0.08282029
0.58596455 0.08386277
0.57821723 0.08487970
0.57045062 0.08586995
0.56266662 0.08683243
0.55486716 0.08776601
0.54705416 0.08866958
0.53922955 0.08954206
0.53139526 0.09038234
0.52355323 0.09118935
0.51570538 0.09196202
0.50785366 0.09269931
0.50000000 0.09340020
0.49214634 0.09406369
0.48429462 0.09468880
0.47644677 0.09527460
0.46860474 0.09582017
0.46077045 0.09632466
0.45294584 0.09678722
0.44513284 0.09720709
0.43733338 0.09758352
0.42954938 0.09791583
0.42178277 0.09820340
0.41403545 0.09844565
0.40630934 0.09864207
0.39860635 0.09879221
0.39092838 0.09889569
0.38327732 0.09895219
0.37565506 0.09896147
0.36806348 0.09892335
0.36050445 0.09883773
0.35297984 0.09870457
0.34549150 0.09852393
0.33804129 0.09829592
0.33063104 0.09802073
0.32326258 0.09769863
0.31593772 0.09732997
0.30865828 0.09691515
0.30142605 0.09645467
0.29424282 0.09594908
0.28711035 0.09539900
0.28003042 0.09480513
0.27300475 0.09416821
0.26603509 0.09348907
0.25912316 0.09276855
0.25227067 0.09200760
0.24547929 0.09120719
0.23875072 0.09036832
0.23208660 0.08949206
0.22548859 0.08857951
0.21895831 0.08763180
0.21249737 0.08665009
0.20610737 0.08563557
0.19978989 0.08458942
0.19354647 0.08351289
0.18737867 0.08240718
0.18128801 0.08127355
0.17527598 0.08011322
0.16934407 0.07892742
0.16349374 0.07771739
0.15772645 0.07648434
0.15204360 0.07522947
0.14644661 0.07395395
0.14093685 0.07265895
0.13551569 0.07134559
0.13018445 0.07001499
0.12494447 0.06866821
0.11979702 0.06730630
0.11474338 0.06593025
0.10978480 0.06454103
0.10492249 0.06313956
0.10015767 0.06172673
0.09549150 0.06030339
0.09092514 0.05887033
0.08645971 0.05742830
0.08209632 0.05597804
0.07783604 0.05452019
0.07367992 0.05305541
0.06962899 0.05158426
0.06568424 0.05010731
0.06184666 0.04862505
0.05811718 0.04713796
0.05449674 0.04564647
0.05098621 0.04415098
0.04758647 0.04265185
0.04429836 0.04114940
0.04112269 0.03964395
0.03806023 0.03813577
0.03511176 0.03662511
0.03227798 0.03511218
0.02955962 0.03359720
0.02695732 0.03208034
0.02447174 0.03056178
0.02210349 0.02904166
0.01985316 0.02752012
0.01772129 0.02599728
0.01570842 0.02447326
0.01381504 0.02294816
0.01204162 0.02142208
0.01038859 0.01989511
0.00885637 0.01836734
0.00744534 0.01683885
0.00615583 0.01530972
0.00498817 0.01378003
0.00394265 0.01224985
0.00301952 0.01071927
0.00221902 0.00918835
0.00154133 0.00765717
0.00098664 0.00612580
0.00055506 0.00459433
0.00024672 0.00306282
0.00006168 0.00153135
0.00000000 0.00000000
0.00006168 -0.00073298
0.00024672 -0.00146507
0.00055506 -0.00219538
0.00098664 -0.00292303
0.00154133 -0.00364714
0.00221902 -0.00436683
0.00301952 -0.00508126
0.00394265 -0.00578959
0.00498817 -0.00649098
0.00615583 -0.00718463
0.00744534 -0.00786976
0.00885637 -0.00854561
0.01038859 -0.00921145
0.01204162 -0.00986657
0.01381504 -0.01051029
0.01570842 -0.01114197
0.01772129 -0.01176099
0.01985316 -0.01236679
0.02210349 -0.01295883
0.02447174 -0.01353659
0.02695732 -0.01409963
0.02955962 -0.01464751
0.03227798 -0.01517986
0.03511176 -0.01569635
0.03806023 -0.01619668
0.04112269 -0.01668059
0.04429836 -0.01714788
0.04758647 -0.01759839
0.05098621 -0.01803200
0.05449674 -0.01844864
0.05811718 -0.01884827
0.06184666 -0.01923091
0.06568424 -0.01959660
0.06962899 -0.01994544
0.07367992 -0.02027758
0.07783604 -0.02059316
0.08209632 -0.02089242
0.08645971 -0.02117559
0.09092514 -0.02144294
0.09549150 -0.02169479
0.10015767 -0.02193147
0.10492249 -0.02215334
0.10978480 -0.02236079
0.11474338 -0.02255422
0.11979702 -0.02273405
0.12494447 -0.02290073
0.13018445 -0.02305470
0.13551569 -0.02319642
0.14093685 -0.02332636
0.14644661 -0.02344497
0.15204360 -0.02355273
0.15772645 -0.02365009
0.16349374 -0.02373752
0.16934407 -0.02381544
0.17527598 -0.02388429
0.18128801 -0.02394448
0.18737867 -0.02399640
0.19354647 -0.02404043
0.19978989 -0.02407691
0.20610737 -0.02410616
0.21249737 -0.02412847
0.21895831 -0.02414410
0.22548859 -0.02415327
0.23208660 -0.02415619
0.23875072 -0.02415301
0.24547929 -0.02414384
0.25227067 -0.02412878
0.25912316 -0.02410787
0.26603509 -0.02408113
0.27300475 -0.02404852
0.28003042 -0.02400999
0.28711035 -0.02396544
0.29424282 -0.02391474
0.30142605 -0.02385773
0.30865828 -0.02379422
0.31593772 -0.02372397
0.32326258 -0.02364676
0.33063104 -0.02356229
0.33804129 -0.02347029
0.34549150 -0.02337043
0.35297984 -0.02326241
0.36050445 -0.02314588
0.36806348 -0.02302050
0.37565506 -0.02288593
0.38327732 -0.02274182
0.39092838 -0.02258783
0.39860635 -0.02242363
0.40630934 -0.02224889
0.41403545 -0.02206331
0.42178277 -0.02186661
0.42954938 -0.02165851
0.43733338 -0.02143879
0.44513284 -0.02120724
0.45294584 -0.02096368
0.46077045 -0.02070799
0.46860474 -0.02044006
0.47644677 -0.02015985
0.48429462 -0.01986735
0.49214634 -0.01956259
0.50000000 -0.01924566
0.50785366 -0.01891671
0.51570538 -0.01857591
0.52355323 -0.01822352
0.53139526 -0.01785981
0.53922955 -0.01748515
0.54705416 -0.01709992
0.55486716 -0.01670457
0.56266662 -0.01629961
0.57045062 -0.01588557
0.57821723 -0.01546306
0.58596455 -0.01503271
0.59369066 -0.01459520
0.60139365 -0.01415125
0.60907162 -0.01370163
0.61672268 -0.01324711
0.62434494 -0.01278851
0.63193652 -0.01232669
0.63949555 -0.01186250
0.64702016 -0.01139683
0.65450850 -0.01093058
0.66195871 -0.01046464
0.66936896 -0.00999993
0.67673742 -0.00953736
0.68406228 -0.00907782
0.69134172 -0.00862221
0.69857395 -0.00817141
0.70575718 -0.00772628
0.71288965 -0.00728766
0.71996958 -0.00685635
0.72699525 -0.00643315
0.73396491 -0.00601878
0.74087684 -0.00561397
0.74772933 -0.00521937
0.75452071 -0.00483561
0.76124928 -0.00446327
0.76791340 -0.00410287
0.77451141 -0.00375489
0.78104169 -0.00341975
0.78750263 -0.00309781
0.79389263 -0.00278940
0.80021011 -0.00249477
0.80645353 -0.00221412
0.81262133 -0.00194759
0.81871199 -0.00169529
0.82472402 -0.00145723
0.83065593 -0.00123341
0.83650626 -0.00102376
0.84227355 -0.00082815
0.84795640 -0.00064641
0.85355339 -0.00047833
0.85906315 -0.00032365
0.86448431 -0.00018207
0.86981555 -0.00005324
0.87505553 0.00006320
0.88020298 0.00016767
0.88525662 0.00026060
0.89021520 0.00034246
0.89507751 0.00041372
0.89984233 0.00047490
0.90450850 0.00052650
0.90907486 0.00056907
0.91354029 0.00060314
0.91790368 0.00062926
0.92216396 0.00064797
0.92632008 0.00065983
0.93037101 0.00066537
0.93431576 0.00066514
0.93815334 0.00065967
0.94188282 0.00064947
0.94550326 0.00063505
0.94901379 0.00061691
0.95241353 0.00059551
0.95570164 0.00057131
0.95887731 0.00054475
0.96193977 0.00051624
0.96488824 0.00048619
0.96772202 0.00045496
0.97044038 0.00042290
0.97304268 0.00039035
0.97552826 0.00035761
0.97789651 0.00032496
0.98014684 0.00029268
0.98227871 0.00026099
0.98429158 0.00023011
0.98618496 0.00020026
0.98795838 0.00017161
0.98961141 0.00014433
0.99114363 0.00011856
0.99255466 0.00009443
0.99384417 0.00007206
0.99501183 0.00005154
0.99605735 0.00003297
0.99698048 0.00001642
0.99778098 0.00000195
0.99845867 -0.00001037
0.99901336 -0.00002051
0.99944494 -0.00002844
0.99975328 -0.00003412
0.99993832 -0.00003753
1.00000000 -0.00003867
