sample_370
1.00000000 0.00155748
0.99993832 0.00157316
0.99975328 0.00162020
0.99944494 0.00169860
0.99901336 0.00180837
0.99845867 0.00194951
0.99778098 0.00212205
0.99698048 0.00232599
0.99605735 0.00256133
0.99501183 0.00282809
0.99384417 0.00312628
0.99255466 0.00345589
0.99114363 0.00381691
0.98961141 0.00420934
0.98795838 0.00463315
0.98618496 0.00508831
0.98429158 0.00557476
0.98227871 0.00609245
0.98014684 0.00664129
0.97789651 0.00722119
0.97552826 0.00783201
0.97304268 0.00847361
0.97044038 0.00914582
0.96772202 0.00984843
0.96488824 0.01058123
0.96193977 0.01134394
0.95887731 0.01213628
0.95570164 0.01295792
0.95241353 0.01380849
0.94901379 0.01468760
0.94550326 0.01559480
0.94188282 0.01652963
0.93815334 0.01749157
0.93431576 0.01848006
0.93037101 0.01949451
0.92632008 0.02053430
0.92216396 0.02159874
0.91790368 0.02268713
0.91354029 0.02379872
0.90907486 0.02493273
0.90450850 0.02608833
0.89984233 0.02726467
0.89507751 0.02846086
0.89021520 0.02967597
0.88525662 0.03090907
0.88020298 0.03215916
0.87505553 0.03342526
0.86981555 0.03470632
0.86448431 0.03600131
0.85906315 0.03730915
0.85355339 0.03862878
0.84795640 0.03995908
0.84227355 0.04129897
0.83650626 0.04264732
0.83065593 0.04400302
0.82472402 0.04536495
0.81871199 0.04673199
0.81262133 0.04810304
0.80645353 0.04947697
0.80021011 0.05085268
0.79389263 0.05222909
0.78750263 0.05360512
0.78104169 0.05497971
0.77451141 0.05635180
0.76791340 0.05772037
0.76124928 0.05908442
0.75452071 0.06044295
0.74772933 0.06179501
0.74087684 0.06313966
0.73396491 0.06447598
0.72699525 0.06580308
0.71996958 0.06712011
0.71288965 0.06842622
0.70575718 0.06972061
0.69857395 0.07100250
0.69134172 0.07227111
0.68406228 0.07352573
0.67673742 0.07476564
0.66936896 0.07599014
0.66195871 0.07719859
0.65450850 0.07839034
0.64702016 0.07956475
0.63949555 0.08072123
0.63193652 0.08185919
0.62434494 0.08297804
0.61672268 0.08407723
0.60907162 0.08515621
0.60139365 0.08621444
0.59369066 0.08725137
0.58596455 0.08826648
0.57821723 0.08925925
0.57045062 0.09022915
0.56266662 0.09117565
0.55486716 0.09209823
0.54705416 0.09299637
0.53922955 0.09386953
0.53139526 0.09471717
0.52355323 0.09553875
0.51570538 0.09633371
0.50785366 0.09710149
0.50000000 0.09784152
0.49214634 0.09855323
0.48429462 0.09923601
0.47644677 0.09988927
0.46860474 0.10051240
0.46077045 0.10110478
0.45294584 0.10166578
0.44513284 0.10219476
0.43733338 0.10269108
0.42954938 0.10315408
0.42178277 0.10358313
0.41403545 0.10397755
0.40630934 0.10433670
0.39860635 0.10465991
0.39092838 0.10494653
0.38327732 0.10519592
0.37565506 0.10540744
0.36806348 0.10558046
0.36050445 0.10571436
0.35297984 0.10580854
0.34549150 0.10586243
0.33804129 0.10587546
0.33063104 0.10584710
0.32326258 0.10577685
0.31593772 0.10566422
0.30865828 0.10550877
0.30142605 0.10531010
0.29424282 0.10506784
0.28711035 0.10478166
0.28003042 0.10445127
0.27300475 0.10407643
0.26603509 0.10365696
0.25912316 0.10319272
0.25227067 0.10268361
0.24547929 0.10212960
0.23875072 0.10153072
0.23208660 0.10088704
0.22548859 0.10019869
0.21895831 0.09946586
0.21249737 0.09868882
0.20610737 0.09786785
0.19978989 0.09700334
0.19354647 0.09609571
0.18737867 0.09514544
0.18128801 0.09415308
0.17527598 0.09311921
0.16934407 0.09204450
0.16349374 0.09092963
0.15772645 0.08977538
0.15204360 0.08858253
0.14644661 0.08735194
0.14093685 0.08608450
0.13551569 0.08478114
0.13018445 0.08344284
0.12494447 0.08207059
0.11979702 0.08066545
0.11474338 0.07922848
0.10978480 0.07776076
0.10492249 0.07626341
0.10015767 0.07473756
0.09549150 0.07318436
0.09092514 0.07160495
0.08645971 0.07000050
0.08209632 0.06837216
0.07783604 0.06672110
0.07367992 0.06504848
0.06962899 0.06335543
0.06568424 0.06164311
0.06184666 0.05991261
0.05811718 0.05816505
0.05449674 0.05640151
0.05098621 0.05462302
0.04758647 0.05283064
0.04429836 0.05102533
0.04112269 0.04920808
0.03806023 0.04737981
0.03511176 0.04554141
0.03227798 0.04369373
0.02955962 0.04183758
0.02695732 0.03997375
0.02447174 0.03810297
0.02210349 0.03622591
0.01985316 0.03434324
0.01772129 0.03245555
0.01570842 0.03056342
0.01381504 0.02866735
0.01204162 0.02676784
0.01038859 0.02486533
0.00885637 0.02296022
0.00744534 0.02105288
0.00615583 0.01914363
0.00498817 0.01723280
0.00394265 0.01532063
0.00301952 0.01340738
0.00221902 0.01149326
0.00154133 0.00957847
0.00098664 0.00766317
0.00055506 0.00574754
0.00024672 0.00383171
0.00006168 0.00191582
0.00000000 0.00000000
0.00006168 -0.00091646
0.00024672 -0.00183180
0.00055506 -0.00274490
0.00098664 -0.00365462
0.00154133 -0.00455986
0.00221902 -0.00545950
0.00301952 -0.00635244
0.00394265 -0.00723760
0.00498817 -0.00811389
0.00615583 -0.00898025
0.00744534 -0.00983563
0.00885637 -0.01067901
0.01038859 -0.01150937
0.01204162 -0.01232573
0.01381504 -0.01312713
0.01570842 -0.01391263
0.01772129 -0.01468132
0.01985316 -0.01543233
0.02210349 -0.01616481
0.02447174 -0.01687796
0.02695732 -0.01757100
0.02955962 -0.01824322
0.03227798 -0.01889391
0.03511176 -0.01952244
0.03806023 -0.02012821
0.04112269 -0.02071067
0.04429836 -0.02126932
0.04758647 -0.02180371
0.05098621 -0.02231345
0.05449674 -0.02279820
0.05811718 -0.02325767
0.06184666 -0.02369164
0.06568424 -0.02409995
0.06962899 -0.02448248
0.07367992 -0.02483919
0.07783604 -0.02517008
0.08209632 -0.02547523
0.08645971 -0.02575477
0.09092514 -0.02600889
0.09549150 -0.02623784
0.10015767 -0.02644191
0.10492249 -0.02662148
0.10978480 -0.02677696
0.11474338 -0.02690880
0.11979702 -0.02701754
0.12494447 -0.02710374
0.13018445 -0.02716800
0.13551569 -0.02721098
0.14093685 -0.02723337
0.14644661 -0.02723589
0.15204360 -0.02721930
0.15772645 -0.02718439
0.16349374 -0.02713197
0.16934407 -0.02706286
0.17527598 -0.02697791
0.18128801 -0.02687797
0.18737867 -0.02676392
0.19354647 -0.02663662
0.19978989 -0.02649694
0.20610737 -0.02634573
0.21249737 -0.02618385
0.21895831 -0.02601214
0.22548859 -0.02583142
0.23208660 -0.02564250
0.23875072 -0.02544613
0.24547929 -0.02524309
0.25227067 -0.02503407
0.25912316 -0.02481977
0.26603509 -0.02460084
0.27300475 -0.02437789
0.28003042 -0.02415148
0.28711035 -0.02392214
0.29424282 -0.02369037
0.30142605 -0.02345660
0.30865828 -0.02322123
0.31593772 -0.02298463
0.32326258 -0.02274709
0.33063104 -0.02250889
0.33804129 -0.02227025
0.34549150 -0.02203136
0.35297984 -0.02179237
0.36050445 -0.02155337
0.36806348 -0.02131445
0.37565506 -0.02107565
0.38327732 -0.02083697
0.39092838 -0.02059839
0.39860635 -0.02035988
0.40630934 -0.02012137
0.41403545 -0.01988277
0.42178277 -0.01964401
0.42954938 -0.01940496
0.43733338 -0.01916551
0.44513284 -0.01892555
0.45294584 -0.01868495
0.46077045 -0.01844360
0.46860474 -0.01820138
0.47644677 -0.01795820
0.48429462 -0.01771396
0.49214634 -0.01746858
0.50000000 -0.01722201
0.50785366 -0.01697419
0.51570538 -0.01672511
0.52355323 -0.01647476
0.53139526 -0.01622317
0.53922955 -0.01597038
0.54705416 -0.01571647
0.55486716 -0.01546153
0.56266662 -0.01520567
0.57045062 -0.01494906
0.57821723 -0.01469185
0.58596455 -0.01443423
0.59369066 -0.01417642
0.60139365 -0.01391865
0.60907162 -0.01366118
0.61672268 -0.01340426
0.62434494 -0.01314818
0.63193652 -0.01289323
0.63949555 -0.01263970
0.64702016 -0.01238791
0.65450850 -0.01213814
0.66195871 -0.01189072
0.66936896 -0.01164594
0.67673742 -0.01140409
0.68406228 -0.01116545
0.69134172 -0.01093031
0.69857395 -0.01069889
0.70575718 -0.01047146
0.71288965 -0.01024820
0.71996958 -0.01002932
0.72699525 -0.00981498
0.73396491 -0.00960530
0.74087684 -0.00940039
0.74772933 -0.00920032
0.75452071 -0.00900513
0.76124928 -0.00881483
0.76791340 -0.00862938
0.77451141 -0.00844872
0.78104169 -0.00827276
0.78750263 -0.00810136
0.79389263 -0.00793436
0.80021011 -0.00777157
0.80645353 -0.00761276
0.81262133 -0.00745769
0.81871199 -0.00730607
0.82472402 -0.00715761
0.83065593 -0.00701200
0.83650626 -0.00686889
0.84227355 -0.00672794
0.84795640 -0.00658879
0.85355339 -0.00645108
0.85906315 -0.00631444
0.86448431 -0.00617851
0.86981555 -0.00604292
0.87505553 -0.00590734
0.88020298 -0.00577142
0.88525662 -0.00563483
0.89021520 -0.00549730
0.89507751 -0.00535853
0.89984233 -0.00521828
0.90450850 -0.00507633
0.90907486 -0.00493251
0.91354029 -0.00478667
0.91790368 -0.00463869
0.92216396 -0.00448851
0.92632008 -0.00433611
0.93037101 -0.00418151
0.93431576 -0.00402476
0.93815334 -0.00386598
0.94188282 -0.00370532
0.94550326 -0.00354298
0.94901379 -0.00337919
0.95241353 -0.00321426
0.95570164 -0.00304849
0.95887731 -0.00288226
0.96193977 -0.00271596
0.96488824 -0.00255004
0.96772202 -0.00238496
0.97044038 -0.00222121
0.97304268 -0.00205933
0.97552826 -0.00189983
0.97789651 -0.00174329
0.98014684 -0.00159026
0.98227871 -0.00144133
0.98429158 -0.00129708
0.98618496 -0.00115807
0.98795838 -0.00102488
0.98961141 -0.00089807
0.99114363 -0.00077818
0.99255466 -0.00066574
0.99384417 -0.00056124
0.99501183 -0.00046517
0.99605735 -0.00037795
0.99698048 -0.00030000
0.99778098 -0.00023167
0.99845867 -0.00017329
0.99901336 -0.00012514
0.99944494 -0.00008745
0.99975328 -0.00006039
0.99993832 -0.00004411
1.00000000 -0.00003867
