sample_459
1.00000000 0.00155748
0.99993832 0.00157020
0.99975328 0.00160835
0.99944494 0.00167193
0.99901336 0.00176096
0.99845867 0.00187543
0.99778098 0.00201536
0.99698048 0.00218074
0.99605735 0.00237159
0.99501183 0.00258791
0.99384417 0.00282969
0.99255466 0.00309692
0.99114363 0.00338961
0.98961141 0.00370772
0.98795838 0.00405122
0.98618496 0.00442008
0.98429158 0.00481424
0.98227871 0.00523363
0.98014684 0.00567817
0.97789651 0.00614776
0.97552826 0.00664227
0.97304268 0.00716157
0.97044038 0.00770549
0.96772202 0.00827385
0.96488824 0.00886645
0.96193977 0.00948305
0.95887731 0.01012340
0.95570164 0.01078722
0.95241353 0.01147421
0.94901379 0.01218403
0.94550326 0.01291633
0.94188282 0.01367074
0.93815334 0.01444685
0.93431576 0.01524424
0.93037101 0.01606246
0.92632008 0.01690106
0.92216396 0.01775955
0.91790368 0.01863743
0.91354029 0.01953418
0.90907486 0.02044928
0.90450850 0.02138218
0.89984233 0.02233233
0.89507751 0.02329918
0.89021520 0.02428215
0.88525662 0.02528069
0.88020298 0.02629421
0.87505553 0.02732216
0.86981555 0.02836395
0.86448431 0.02941901
0.85906315 0.03048679
0.85355339 0.03156671
0.84795640 0.03265824
0.84227355 0.03376081
0.83650626 0.03487389
0.83065593 0.03599694
0.82472402 0.03712944
0.81871199 0.03827086
0.81262133 0.03942069
0.80645353 0.04057842
0.80021011 0.04174355
0.79389263 0.04291556
0.78750263 0.04409395
0.78104169 0.04527822
0.77451141 0.04646785
0.76791340 0.04766233
0.76124928 0.04886113
0.75452071 0.05006372
0.74772933 0.05126953
0.74087684 0.05247800
0.73396491 0.05368852
0.72699525 0.05490049
0.71996958 0.05611324
0.71288965 0.05732611
0.70575718 0.05853838
0.69857395 0.05974930
0.69134172 0.06095807
0.68406228 0.06216387
0.67673742 0.06336581
0.66936896 0.06456297
0.66195871 0.06575438
0.65450850 0.06693900
0.64702016 0.06811577
0.63949555 0.06928356
0.63193652 0.07044119
0.62434494 0.07158743
0.61672268 0.07272100
0.60907162 0.07384058
0.60139365 0.07494479
0.59369066 0.07603223
0.58596455 0.07710142
0.57821723 0.07815088
0.57045062 0.07917909
0.56266662 0.08018448
0.55486716 0.08116548
0.54705416 0.08212050
0.53922955 0.08304793
0.53139526 0.08394617
0.52355323 0.08481359
0.51570538 0.08564860
0.50785366 0.08644963
0.50000000 0.08721510
0.49214634 0.08794349
0.48429462 0.08863331
0.47644677 0.08928311
0.46860474 0.08989152
0.46077045 0.09045719
0.45294584 0.09097888
0.44513284 0.09145540
0.43733338 0.09188565
0.42954938 0.09226863
0.42178277 0.09260342
0.41403545 0.09288922
0.40630934 0.09312533
0.39860635 0.09331114
0.39092838 0.09344619
0.38327732 0.09353012
0.37565506 0.09356270
0.36806348 0.09354380
0.36050445 0.09347345
0.35297984 0.09335179
0.34549150 0.09317907
0.33804129 0.09295568
0.33063104 0.09268212
0.32326258 0.09235903
0.31593772 0.09198714
0.30865828 0.09156730
0.30142605 0.09110048
0.29424282 0.09058773
0.28711035 0.09003020
0.28003042 0.08942912
0.27300475 0.08878583
0.26603509 0.08810170
0.25912316 0.08737819
0.25227067 0.08661681
0.24547929 0.08581910
0.23875072 0.08498667
0.23208660 0.08412112
0.22548859 0.08322408
0.21895831 0.08229720
0.21249737 0.08134211
0.20610737 0.08036044
0.19978989 0.07935379
0.19354647 0.07832375
0.18737867 0.07727184
0.18128801 0.07619957
0.17527598 0.07510836
0.16934407 0.07399960
0.16349374 0.07287459
0.15772645 0.07173459
0.15204360 0.07058074
0.14644661 0.06941412
0.14093685 0.06823572
0.13551569 0.06704646
0.13018445 0.06584713
0.12494447 0.06463846
0.11979702 0.06342108
0.11474338 0.06219552
0.10978480 0.06096223
0.10492249 0.05972156
0.10015767 0.05847378
0.09549150 0.05721909
0.09092514 0.05595759
0.08645971 0.05468932
0.08209632 0.05341424
0.07783604 0.05213227
0.07367992 0.05084326
0.06962899 0.04954700
0.06568424 0.04824326
0.06184666 0.04693176
0.05811718 0.04561221
0.05449674 0.04428429
0.05098621 0.04294767
0.04758647 0.04160201
0.04429836 0.04024699
0.04112269 0.03888229
0.03806023 0.03750762
0.03511176 0.03612270
0.03227798 0.03472731
0.02955962 0.03332123
0.02695732 0.03190433
0.02447174 0.03047649
0.02210349 0.02903766
0.01985316 0.02758785
0.01772129 0.02612714
0.01570842 0.02465565
0.01381504 0.02317358
0.01204162 0.02168120
0.01038859 0.02017884
0.00885637 0.01866688
0.00744534 0.01714581
0.00615583 0.01561613
0.00498817 0.01407844
0.00394265 0.01253338
0.00301952 0.01098165
0.00221902 0.00942398
0.00154133 0.00786117
0.00098664 0.00629405
0.00055506 0.00472347
0.00024672 0.00315033
0.00006168 0.00157553
0.00000000 0.00000000
0.00006168 -0.00091670
0.00024672 -0.00183153
0.00055506 -0.00274261
0.00098664 -0.00364807
0.00154133 -0.00454607
0.00221902 -0.00543479
0.00301952 -0.00631243
0.00394265 -0.00717722
0.00498817 -0.00802744
0.00615583 -0.00886139
0.00744534 -0.00967746
0.00885637 -0.01047405
0.01038859 -0.01124964
0.01204162 -0.01200276
0.01381504 -0.01273201
0.01570842 -0.01343607
0.01772129 -0.01411368
0.01985316 -0.01476366
0.02210349 -0.01538491
0.02447174 -0.01597641
0.02695732 -0.01653723
0.02955962 -0.01706653
0.03227798 -0.01756356
0.03511176 -0.01802765
0.03806023 -0.01845824
0.04112269 -0.01885485
0.04429836 -0.01921709
0.04758647 -0.01954469
0.05098621 -0.01983746
0.05449674 -0.02009529
0.05811718 -0.02031820
0.06184666 -0.02050628
0.06568424 -0.02065971
0.06962899 -0.02077877
0.07367992 -0.02086383
0.07783604 -0.02091535
0.08209632 -0.02093386
0.08645971 -0.02091999
0.09092514 -0.02087444
0.09549150 -0.02079799
0.10015767 -0.02069149
0.10492249 -0.02055586
0.10978480 -0.02039209
0.11474338 -0.02020123
0.11979702 -0.01998437
0.12494447 -0.01974268
0.13018445 -0.01947736
0.13551569 -0.01918966
0.14093685 -0.01888088
0.14644661 -0.01855232
0.15204360 -0.01820534
0.15772645 -0.01784131
0.16349374 -0.01746163
0.16934407 -0.01706770
0.17527598 -0.01666093
0.18128801 -0.01624275
0.18737867 -0.01581458
0.19354647 -0.01537782
0.19978989 -0.01493387
0.20610737 -0.01448412
0.21249737 -0.01402994
0.21895831 -0.01357266
0.22548859 -0.01311360
0.23208660 -0.01265404
0.23875072 -0.01219521
0.24547929 -0.01173833
0.25227067 -0.01128454
0.25912316 -0.01083497
0.26603509 -0.01039068
0.27300475 -0.00995267
0.28003042 -0.00952190
0.28711035 -0.00909927
0.29424282 -0.00868562
0.30142605 -0.00828174
0.30865828 -0.00788833
0.31593772 -0.00750606
0.32326258 -0.00713552
0.33063104 -0.00677724
0.33804129 -0.00643169
0.34549150 -0.00609926
0.35297984 -0.00578030
0.36050445 -0.00547507
0.36806348 -0.00518381
0.37565506 -0.00490665
0.38327732 -0.00464370
0.39092838 -0.00439499
0.39860635 -0.00416051
0.40630934 -0.00394017
0.41403545 -0.00373387
0.42178277 -0.00354142
0.42954938 -0.00336260
0.43733338 -0.00319716
0.44513284 -0.00304479
0.45294584 -0.00290514
0.46077045 -0.00277784
0.46860474 -0.00266247
0.47644677 -0.00255860
0.48429462 -0.00246576
0.49214634 -0.00238346
0.50000000 -0.00231120
0.50785366 -0.00224844
0.51570538 -0.00219465
0.52355323 -0.00214927
0.53139526 -0.00211176
0.53922955 -0.00208154
0.54705416 -0.00205805
0.55486716 -0.00204074
0.56266662 -0.00202903
0.57045062 -0.00202238
0.57821723 -0.00202023
0.58596455 -0.00202206
0.59369066 -0.00202735
0.60139365 -0.00203557
0.60907162 -0.00204624
0.61672268 -0.00205889
0.62434494 -0.00207307
0.63193652 -0.00208832
0.63949555 -0.00210426
0.64702016 -0.00212047
0.65450850 -0.00213661
0.66195871 -0.00215232
0.66936896 -0.00216729
0.67673742 -0.00218123
0.68406228 -0.00219387
0.69134172 -0.00220496
0.69857395 -0.00221430
0.70575718 -0.00222168
0.71288965 -0.00222694
0.71996958 -0.00222993
0.72699525 -0.00223054
0.73396491 -0.00222866
0.74087684 -0.00222423
0.74772933 -0.00221718
0.75452071 -0.00220748
0.76124928 -0.00219512
0.76791340 -0.00218009
0.77451141 -0.00216242
0.78104169 -0.00214214
0.78750263 -0.00211930
0.79389263 -0.00209397
0.80021011 -0.00206622
0.80645353 -0.00203613
0.81262133 -0.00200382
0.81871199 -0.00196937
0.82472402 -0.00193291
0.83065593 -0.00189456
0.83650626 -0.00185444
0.84227355 -0.00181268
0.84795640 -0.00176943
0.85355339 -0.00172481
0.85906315 -0.00167896
0.86448431 -0.00163203
0.86981555 -0.00158415
0.87505553 -0.00153547
0.88020298 -0.00148611
0.88525662 -0.00143623
0.89021520 -0.00138594
0.89507751 -0.00133539
0.89984233 -0.00128469
0.90450850 -0.00123397
0.90907486 -0.00118336
0.91354029 -0.00113296
0.91790368 -0.00108288
0.92216396 -0.00103323
0.92632008 -0.00098411
0.93037101 -0.00093561
0.93431576 -0.00088782
0.93815334 -0.00084083
0.94188282 -0.00079472
0.94550326 -0.00074955
0.94901379 -0.00070540
0.95241353 -0.00066234
0.95570164 -0.00062042
0.95887731 -0.00057969
0.96193977 -0.00054021
0.96488824 -0.00050202
0.96772202 -0.00046517
0.97044038 -0.00042969
0.97304268 -0.00039562
0.97552826 -0.00036299
0.97789651 -0.00033182
0.98014684 -0.00030214
0.98227871 -0.00027398
0.98429158 -0.00024735
0.98618496 -0.00022226
0.98795838 -0.00019875
0.98961141 -0.00017681
0.99114363 -0.00015646
0.99255466 -0.00013771
0.99384417 -0.00012057
0.99501183 -0.00010504
0.99605735 -0.00009113
0.99698048 -0.00007885
0.99778098 -0.00006820
0.99845867 -0.00005918
0.99901336 -0.00005180
0.99944494 -0.00004606
0.99975328 -0.00004195
0.99993832 -0.00003949
1.00000000 -0.00003867
