sample_1150
1.00000000 0.00155748
0.99993832 0.00156949
0.99975328 0.00160555
0.99944494 0.00166572
0.99901336 0.00175012
0.99845867 0.00185890
0.99778098 0.00199225
0.99698048 0.00215042
0.99605735 0.00233366
0.99501183 0.00254228
0.99384417 0.00277660
0.99255466 0.00303697
0.99114363 0.00332375
0.98961141 0.00363733
0.98795838 0.00397808
0.98618496 0.00434639
0.98429158 0.00474263
0.98227871 0.00516717
0.98014684 0.00562036
0.97789651 0.00610252
0.97552826 0.00661395
0.97304268 0.00715492
0.97044038 0.00772563
0.96772202 0.00832626
0.96488824 0.00895694
0.96193977 0.00961774
0.95887731 0.01030866
0.95570164 0.01102966
0.95241353 0.01178060
0.94901379 0.01256132
0.94550326 0.01337155
0.94188282 0.01421096
0.93815334 0.01507916
0.93431576 0.01597569
0.93037101 0.01689999
0.92632008 0.01785146
0.92216396 0.01882943
0.91790368 0.01983314
0.91354029 0.02086181
0.90907486 0.02191456
0.90450850 0.02299048
0.89984233 0.02408861
0.89507751 0.02520792
0.89021520 0.02634738
0.88525662 0.02750589
0.88020298 0.02868234
0.87505553 0.02987559
0.86981555 0.03108450
0.86448431 0.03230789
0.85906315 0.03354461
0.85355339 0.03479348
0.84795640 0.03605336
0.84227355 0.03732310
0.83650626 0.03860157
0.83065593 0.03988767
0.82472402 0.04118034
0.81871199 0.04247855
0.81262133 0.04378128
0.80645353 0.04508758
0.80021011 0.04639654
0.79389263 0.04770729
0.78750263 0.04901901
0.78104169 0.05033091
0.77451141 0.05164229
0.76791340 0.05295247
0.76124928 0.05426081
0.75452071 0.05556675
0.74772933 0.05686973
0.74087684 0.05816928
0.73396491 0.05946493
0.72699525 0.06075626
0.71996958 0.06204289
0.71288965 0.06332445
0.70575718 0.06460061
0.69857395 0.06587103
0.69134172 0.06713541
0.68406228 0.06839343
0.67673742 0.06964480
0.66936896 0.07088918
0.66195871 0.07212626
0.65450850 0.07335569
0.64702016 0.07457709
0.63949555 0.07579007
0.63193652 0.07699419
0.62434494 0.07818898
0.61672268 0.07937392
0.60907162 0.08054844
0.60139365 0.08171193
0.59369066 0.08286370
0.58596455 0.08400303
0.57821723 0.08512913
0.57045062 0.08624114
0.56266662 0.08733816
0.55486716 0.08841921
0.54705416 0.08948325
0.53922955 0.09052920
0.53139526 0.09155591
0.52355323 0.09256217
0.51570538 0.09354673
0.50785366 0.09450830
0.50000000 0.09544553
0.49214634 0.09635704
0.48429462 0.09724144
0.47644677 0.09809729
0.46860474 0.09892314
0.46077045 0.09971754
0.45294584 0.10047903
0.44513284 0.10120616
0.43733338 0.10189747
0.42954938 0.10255155
0.42178277 0.10316701
0.41403545 0.10374249
0.40630934 0.10427667
0.39860635 0.10476830
0.39092838 0.10521616
0.38327732 0.10561912
0.37565506 0.10597611
0.36806348 0.10628615
0.36050445 0.10654832
0.35297984 0.10676182
0.34549150 0.10692591
0.33804129 0.10703997
0.33063104 0.10710347
0.32326258 0.10711598
0.31593772 0.10707719
0.30865828 0.10698687
0.30142605 0.10684491
0.29424282 0.10665130
0.28711035 0.10640613
0.28003042 0.10610960
0.27300475 0.10576201
0.26603509 0.10536373
0.25912316 0.10491524
0.25227067 0.10441711
0.24547929 0.10386999
0.23875072 0.10327458
0.23208660 0.10263168
0.22548859 0.10194215
0.21895831 0.10120688
0.21249737 0.10042683
0.20610737 0.09960299
0.19978989 0.09873641
0.19354647 0.09782813
0.18737867 0.09687923
0.18128801 0.09589080
0.17527598 0.09486393
0.16934407 0.09379971
0.16349374 0.09269923
0.15772645 0.09156355
0.15204360 0.09039373
0.14644661 0.08919077
0.14093685 0.08795567
0.13551569 0.08668938
0.13018445 0.08539282
0.12494447 0.08406686
0.11979702 0.08271233
0.11474338 0.08133000
0.10978480 0.07992060
0.10492249 0.07848483
0.10015767 0.07702331
0.09549150 0.07553663
0.09092514 0.07402533
0.08645971 0.07248990
0.08209632 0.07093080
0.07783604 0.06934843
0.07367992 0.06774317
0.06962899 0.06611537
0.06568424 0.06446533
0.06184666 0.06279336
0.05811718 0.06109971
0.05449674 0.05938466
0.05098621 0.05764845
0.04758647 0.05589134
0.04429836 0.05411356
0.04112269 0.05231539
0.03806023 0.05049709
0.03511176 0.04865896
0.03227798 0.04680130
0.02955962 0.04492446
0.02695732 0.04302881
0.02447174 0.04111476
0.02210349 0.03918276
0.01985316 0.03723330
0.01772129 0.03526692
0.01570842 0.03328419
0.01381504 0.03128576
0.01204162 0.02927230
0.01038859 0.02724455
0.00885637 0.02520329
0.00744534 0.02314936
0.00615583 0.02108362
0.00498817 0.01900701
0.00394265 0.01692049
0.00301952 0.01482508
0.00221902 0.01272183
0.00154133 0.01061181
0.00098664 0.00849615
0.00055506 0.00637597
0.00024672 0.00425243
0.00006168 0.00212671
0.00000000 0.00000000
0.00006168 -0.00069444
0.00024672 -0.00138835
0.00055506 -0.00208120
0.00098664 -0.00277247
0.00154133 -0.00346160
0.00221902 -0.00414808
0.00301952 -0.00483135
0.00394265 -0.00551087
0.00498817 -0.00618610
0.00615583 -0.00685649
0.00744534 -0.00752147
0.00885637 -0.00818050
0.01038859 -0.00883302
0.01204162 -0.00947844
0.01381504 -0.01011622
0.01570842 -0.01074577
0.01772129 -0.01136652
0.01985316 -0.01197790
0.02210349 -0.01257933
0.02447174 -0.01317024
0.02695732 -0.01375005
0.02955962 -0.01431821
0.03227798 -0.01487414
0.03511176 -0.01541728
0.03806023 -0.01594710
0.04112269 -0.01646304
0.04429836 -0.01696459
0.04758647 -0.01745122
0.05098621 -0.01792244
0.05449674 -0.01837776
0.05811718 -0.01881673
0.06184666 -0.01923891
0.06568424 -0.01964387
0.06962899 -0.02003121
0.07367992 -0.02040059
0.07783604 -0.02075165
0.08209632 -0.02108410
0.08645971 -0.02139764
0.09092514 -0.02169205
0.09549150 -0.02196711
0.10015767 -0.02222266
0.10492249 -0.02245855
0.10978480 -0.02267469
0.11474338 -0.02287101
0.11979702 -0.02304750
0.12494447 -0.02320418
0.13018445 -0.02334109
0.13551569 -0.02345835
0.14093685 -0.02355607
0.14644661 -0.02363443
0.15204360 -0.02369365
0.15772645 -0.02373397
0.16349374 -0.02375567
0.16934407 -0.02375907
0.17527598 -0.02374453
0.18128801 -0.02371241
0.18737867 -0.02366314
0.19354647 -0.02359716
0.19978989 -0.02351493
0.20610737 -0.02341694
0.21249737 -0.02330371
0.21895831 -0.02317578
0.22548859 -0.02303369
0.23208660 -0.02287802
0.23875072 -0.02270934
0.24547929 -0.02252825
0.25227067 -0.02233536
0.25912316 -0.02213128
0.26603509 -0.02191661
0.27300475 -0.02169198
0.28003042 -0.02145802
0.28711035 -0.02121533
0.29424282 -0.02096455
0.30142605 -0.02070627
0.30865828 -0.02044111
0.31593772 -0.02016966
0.32326258 -0.01989252
0.33063104 -0.01961027
0.33804129 -0.01932348
0.34549150 -0.01903271
0.35297984 -0.01873851
0.36050445 -0.01844140
0.36806348 -0.01814191
0.37565506 -0.01784055
0.38327732 -0.01753780
0.39092838 -0.01723415
0.39860635 -0.01693004
0.40630934 -0.01662594
0.41403545 -0.01632228
0.42178277 -0.01601946
0.42954938 -0.01571791
0.43733338 -0.01541799
0.44513284 -0.01512010
0.45294584 -0.01482460
0.46077045 -0.01453183
0.46860474 -0.01424213
0.47644677 -0.01395583
0.48429462 -0.01367323
0.49214634 -0.01339464
0.50000000 -0.01312034
0.50785366 -0.01285060
0.51570538 -0.01258570
0.52355323 -0.01232587
0.53139526 -0.01207136
0.53922955 -0.01182239
0.54705416 -0.01157918
0.55486716 -0.01134193
0.56266662 -0.01111081
0.57045062 -0.01088601
0.57821723 -0.01066768
0.58596455 -0.01045595
0.59369066 -0.01025096
0.60139365 -0.01005282
0.60907162 -0.00986160
0.61672268 -0.00967739
0.62434494 -0.00950023
0.63193652 -0.00933015
0.63949555 -0.00916716
0.64702016 -0.00901125
0.65450850 -0.00886238
0.66195871 -0.00872050
0.66936896 -0.00858550
0.67673742 -0.00845729
0.68406228 -0.00833573
0.69134172 -0.00822066
0.69857395 -0.00811188
0.70575718 -0.00800918
0.71288965 -0.00791232
0.71996958 -0.00782103
0.72699525 -0.00773502
0.73396491 -0.00765398
0.74087684 -0.00757755
0.74772933 -0.00750537
0.75452071 -0.00743707
0.76124928 -0.00737222
0.76791340 -0.00731040
0.77451141 -0.00725117
0.78104169 -0.00719407
0.78750263 -0.00713863
0.79389263 -0.00708437
0.80021011 -0.00703079
0.80645353 -0.00697741
0.81262133 -0.00692373
0.81871199 -0.00686926
0.82472402 -0.00681349
0.83065593 -0.00675596
0.83650626 -0.00669618
0.84227355 -0.00663369
0.84795640 -0.00656806
0.85355339 -0.00649886
0.85906315 -0.00642570
0.86448431 -0.00634819
0.86981555 -0.00626600
0.87505553 -0.00617882
0.88020298 -0.00608638
0.88525662 -0.00598843
0.89021520 -0.00588479
0.89507751 -0.00577531
0.89984233 -0.00565986
0.90450850 -0.00553840
0.90907486 -0.00541090
0.91354029 -0.00527742
0.91790368 -0.00513802
0.92216396 -0.00499284
0.92632008 -0.00484208
0.93037101 -0.00468596
0.93431576 -0.00452477
0.93815334 -0.00435885
0.94188282 -0.00418857
0.94550326 -0.00401437
0.94901379 -0.00383670
0.95241353 -0.00365609
0.95570164 -0.00347308
0.95887731 -0.00328826
0.96193977 -0.00310224
0.96488824 -0.00291567
0.96772202 -0.00272922
0.97044038 -0.00254358
0.97304268 -0.00235946
0.97552826 -0.00217759
0.97789651 -0.00199869
0.98014684 -0.00182349
0.98227871 -0.00165273
0.98429158 -0.00148713
0.98618496 -0.00132740
0.98795838 -0.00117425
0.98961141 -0.00102835
0.99114363 -0.00089036
0.99255466 -0.00076090
0.99384417 -0.00064056
0.99501183 -0.00052991
0.99605735 -0.00042945
0.99698048 -0.00033966
0.99778098 -0.00026096
0.99845867 -0.00019372
0.99901336 -0.00013826
0.99944494 -0.00009485
0.99975328 -0.00006369
0.99993832 -0.00004493
1.00000000 -0.00003867
