sample_123
1.00000000 0.00155748
0.99993832 0.00157106
0.99975328 0.00161183
0.99944494 0.00167985
0.99901336 0.00177526
0.99845867 0.00189822
0.99778098 0.00204893
0.99698048 0.00222767
0.99605735 0.00243470
0.99501183 0.00267037
0.99384417 0.00293503
0.99255466 0.00322905
0.99114363 0.00355283
0.98961141 0.00390679
0.98795838 0.00429134
0.98618496 0.00470691
0.98429158 0.00515391
0.98227871 0.00563275
0.98014684 0.00614381
0.97789651 0.00668746
0.97552826 0.00726403
0.97304268 0.00787381
0.97044038 0.00851706
0.96772202 0.00919398
0.96488824 0.00990471
0.96193977 0.01064934
0.95887731 0.01142791
0.95570164 0.01224036
0.95241353 0.01308657
0.94901379 0.01396637
0.94550326 0.01487947
0.94188282 0.01582552
0.93815334 0.01680410
0.93431576 0.01781469
0.93037101 0.01885670
0.92632008 0.01992945
0.92216396 0.02103217
0.91790368 0.02216404
0.91354029 0.02332414
0.90907486 0.02451149
0.90450850 0.02572502
0.89984233 0.02696361
0.89507751 0.02822607
0.89021520 0.02951117
0.88525662 0.03081759
0.88020298 0.03214401
0.87505553 0.03348902
0.86981555 0.03485122
0.86448431 0.03622915
0.85906315 0.03762133
0.85355339 0.03902627
0.84795640 0.04044247
0.84227355 0.04186841
0.83650626 0.04330258
0.83065593 0.04474348
0.82472402 0.04618959
0.81871199 0.04763946
0.81262133 0.04909159
0.80645353 0.05054457
0.80021011 0.05199697
0.79389263 0.05344742
0.78750263 0.05489455
0.78104169 0.05633707
0.77451141 0.05777368
0.76791340 0.05920315
0.76124928 0.06062428
0.75452071 0.06203590
0.74772933 0.06343690
0.74087684 0.06482618
0.73396491 0.06620269
0.72699525 0.06756543
0.71996958 0.06891340
0.71288965 0.07024566
0.70575718 0.07156129
0.69857395 0.07285937
0.69134172 0.07413904
0.68406228 0.07539944
0.67673742 0.07663972
0.66936896 0.07785904
0.66195871 0.07905658
0.65450850 0.08023151
0.64702016 0.08138302
0.63949555 0.08251028
0.63193652 0.08361246
0.62434494 0.08468873
0.61672268 0.08573823
0.60907162 0.08676011
0.60139365 0.08775350
0.59369066 0.08871751
0.58596455 0.08965123
0.57821723 0.09055376
0.57045062 0.09142415
0.56266662 0.09226146
0.55486716 0.09306473
0.54705416 0.09383299
0.53922955 0.09456527
0.53139526 0.09526058
0.52355323 0.09591793
0.51570538 0.09653635
0.50785366 0.09711486
0.50000000 0.09765249
0.49214634 0.09814830
0.48429462 0.09860137
0.47644677 0.09901080
0.46860474 0.09937572
0.46077045 0.09969532
0.45294584 0.09996881
0.44513284 0.10019548
0.43733338 0.10037466
0.42954938 0.10050575
0.42178277 0.10058822
0.41403545 0.10062162
0.40630934 0.10060557
0.39860635 0.10053980
0.39092838 0.10042410
0.38327732 0.10025837
0.37565506 0.10004262
0.36806348 0.09977695
0.36050445 0.09946157
0.35297984 0.09909678
0.34549150 0.09868301
0.33804129 0.09822077
0.33063104 0.09771070
0.32326258 0.09715355
0.31593772 0.09655014
0.30865828 0.09590143
0.30142605 0.09520844
0.29424282 0.09447233
0.28711035 0.09369429
0.28003042 0.09287565
0.27300475 0.09201778
0.26603509 0.09112213
0.25912316 0.09019023
0.25227067 0.08922363
0.24547929 0.08822397
0.23875072 0.08719289
0.23208660 0.08613209
0.22548859 0.08504327
0.21895831 0.08392815
0.21249737 0.08278847
0.20610737 0.08162593
0.19978989 0.08044224
0.19354647 0.07923908
0.18737867 0.07801810
0.18128801 0.07678090
0.17527598 0.07552904
0.16934407 0.07426402
0.16349374 0.07298728
0.15772645 0.07170017
0.15204360 0.07040400
0.14644661 0.06909997
0.14093685 0.06778922
0.13551569 0.06647276
0.13018445 0.06515155
0.12494447 0.06382644
0.11979702 0.06249818
0.11474338 0.06116743
0.10978480 0.05983475
0.10492249 0.05850061
0.10015767 0.05716538
0.09549150 0.05582935
0.09092514 0.05449271
0.08645971 0.05315559
0.08209632 0.05181802
0.07783604 0.05047995
0.07367992 0.04914130
0.06962899 0.04780189
0.06568424 0.04646150
0.06184666 0.04511987
0.05811718 0.04377670
0.05449674 0.04243164
0.05098621 0.04108433
0.04758647 0.03973439
0.04429836 0.03838143
0.04112269 0.03702506
0.03806023 0.03566489
0.03511176 0.03430054
0.03227798 0.03293166
0.02955962 0.03155791
0.02695732 0.03017900
0.02447174 0.02879465
0.02210349 0.02740465
0.01985316 0.02600882
0.01772129 0.02460703
0.01570842 0.02319920
0.01381504 0.02178530
0.01204162 0.02036539
0.01038859 0.01893953
0.00885637 0.01750789
0.00744534 0.01607065
0.00615583 0.01462809
0.00498817 0.01318052
0.00394265 0.01172829
0.00301952 0.01027181
0.00221902 0.00881154
0.00154133 0.00734797
0.00098664 0.00588163
0.00055506 0.00441308
0.00024672 0.00294288
0.00006168 0.00147165
0.00000000 0.00000000
0.00006168 -0.00092681
0.00024672 -0.00185186
0.00055506 -0.00277337
0.00098664 -0.00368960
0.00154133 -0.00459882
0.00221902 -0.00549932
0.00301952 -0.00638942
0.00394265 -0.00726751
0.00498817 -0.00813197
0.00615583 -0.00898129
0.00744534 -0.00981397
0.00885637 -0.01062860
0.01038859 -0.01142382
0.01204162 -0.01219836
0.01381504 -0.01295100
0.01570842 -0.01368063
0.01772129 -0.01438620
0.01985316 -0.01506676
0.02210349 -0.01572146
0.02447174 -0.01634952
0.02695732 -0.01695027
0.02955962 -0.01752315
0.03227798 -0.01806768
0.03511176 -0.01858347
0.03806023 -0.01907028
0.04112269 -0.01952791
0.04429836 -0.01995631
0.04758647 -0.02035550
0.05098621 -0.02072562
0.05449674 -0.02106688
0.05811718 -0.02137961
0.06184666 -0.02166423
0.06568424 -0.02192123
0.06962899 -0.02215121
0.07367992 -0.02235485
0.07783604 -0.02253288
0.08209632 -0.02268615
0.08645971 -0.02281554
0.09092514 -0.02292201
0.09549150 -0.02300659
0.10015767 -0.02307034
0.10492249 -0.02311439
0.10978480 -0.02313989
0.11474338 -0.02314804
0.11979702 -0.02314007
0.12494447 -0.02311723
0.13018445 -0.02308079
0.13551569 -0.02303201
0.14093685 -0.02297218
0.14644661 -0.02290257
0.15204360 -0.02282445
0.15772645 -0.02273908
0.16349374 -0.02264767
0.16934407 -0.02255143
0.17527598 -0.02245152
0.18128801 -0.02234908
0.18737867 -0.02224519
0.19354647 -0.02214089
0.19978989 -0.02203715
0.20610737 -0.02193491
0.21249737 -0.02183501
0.21895831 -0.02173826
0.22548859 -0.02164539
0.23208660 -0.02155705
0.23875072 -0.02147382
0.24547929 -0.02139622
0.25227067 -0.02132468
0.25912316 -0.02125954
0.26603509 -0.02120110
0.27300475 -0.02114955
0.28003042 -0.02110500
0.28711035 -0.02106752
0.29424282 -0.02103708
0.30142605 -0.02101357
0.30865828 -0.02099682
0.31593772 -0.02098661
0.32326258 -0.02098263
0.33063104 -0.02098451
0.33804129 -0.02099185
0.34549150 -0.02100417
0.35297984 -0.02102095
0.36050445 -0.02104164
0.36806348 -0.02106562
0.37565506 -0.02109226
0.38327732 -0.02112090
0.39092838 -0.02115084
0.39860635 -0.02118139
0.40630934 -0.02121182
0.41403545 -0.02124140
0.42178277 -0.02126940
0.42954938 -0.02129510
0.43733338 -0.02131777
0.44513284 -0.02133671
0.45294584 -0.02135122
0.46077045 -0.02136064
0.46860474 -0.02136432
0.47644677 -0.02136165
0.48429462 -0.02135205
0.49214634 -0.02133497
0.50000000 -0.02130992
0.50785366 -0.02127644
0.51570538 -0.02123410
0.52355323 -0.02118255
0.53139526 -0.02112146
0.53922955 -0.02105056
0.54705416 -0.02096963
0.55486716 -0.02087850
0.56266662 -0.02077706
0.57045062 -0.02066524
0.57821723 -0.02054301
0.58596455 -0.02041041
0.59369066 -0.02026752
0.60139365 -0.02011445
0.60907162 -0.01995137
0.61672268 -0.01977849
0.62434494 -0.01959604
0.63193652 -0.01940432
0.63949555 -0.01920363
0.64702016 -0.01899430
0.65450850 -0.01877671
0.66195871 -0.01855124
0.66936896 -0.01831831
0.67673742 -0.01807832
0.68406228 -0.01783172
0.69134172 -0.01757895
0.69857395 -0.01732045
0.70575718 -0.01705667
0.71288965 -0.01678806
0.71996958 -0.01651506
0.72699525 -0.01623810
0.73396491 -0.01595761
0.74087684 -0.01567400
0.74772933 -0.01538765
0.75452071 -0.01509896
0.76124928 -0.01480827
0.76791340 -0.01451593
0.77451141 -0.01422224
0.78104169 -0.01392752
0.78750263 -0.01363201
0.79389263 -0.01333598
0.80021011 -0.01303964
0.80645353 -0.01274320
0.81262133 -0.01244683
0.81871199 -0.01215068
0.82472402 -0.01185490
0.83065593 -0.01155959
0.83650626 -0.01126486
0.84227355 -0.01097079
0.84795640 -0.01067744
0.85355339 -0.01038487
0.85906315 -0.01009312
0.86448431 -0.00980224
0.86981555 -0.00951226
0.87505553 -0.00922320
0.88020298 -0.00893510
0.88525662 -0.00864799
0.89021520 -0.00836191
0.89507751 -0.00807691
0.89984233 -0.00779303
0.90450850 -0.00751034
0.90907486 -0.00722893
0.91354029 -0.00694888
0.91790368 -0.00667032
0.92216396 -0.00639336
0.92632008 -0.00611817
0.93037101 -0.00584491
0.93431576 -0.00557378
0.93815334 -0.00530499
0.94188282 -0.00503879
0.94550326 -0.00477543
0.94901379 -0.00451520
0.95241353 -0.00425840
0.95570164 -0.00400537
0.95887731 -0.00375643
0.96193977 -0.00351198
0.96488824 -0.00327237
0.96772202 -0.00303801
0.97044038 -0.00280932
0.97304268 -0.00258671
0.97552826 -0.00237061
0.97789651 -0.00216145
0.98014684 -0.00195969
0.98227871 -0.00176575
0.98429158 -0.00158008
0.98618496 -0.00140310
0.98795838 -0.00123525
0.98961141 -0.00107694
0.99114363 -0.00092856
0.99255466 -0.00079050
0.99384417 -0.00066313
0.99501183 -0.00054679
0.99605735 -0.00044179
0.99698048 -0.00034843
0.99778098 -0.00026696
0.99845867 -0.00019763
0.99901336 -0.00014063
0.99944494 -0.00009612
0.99975328 -0.00006423
0.99993832 -0.00004507
1.00000000 -0.00003867
