sample_337
1.00000000 0.00155748
0.99993832 0.00157248
0.99975328 0.00161748
0.99944494 0.00169250
0.99901336 0.00179757
0.99845867 0.00193274
0.99778098 0.00209807
0.99698048 0.00229361
0.99605735 0.00251945
0.99501183 0.00277565
0.99384417 0.00306232
0.99255466 0.00337952
0.99114363 0.00372737
0.98961141 0.00410593
0.98795838 0.00451529
0.98618496 0.00495552
0.98429158 0.00542670
0.98227871 0.00592887
0.98014684 0.00646206
0.97789651 0.00702630
0.97552826 0.00762158
0.97304268 0.00824787
0.97044038 0.00890511
0.96772202 0.00959321
0.96488824 0.01031205
0.96193977 0.01106147
0.95887731 0.01184128
0.95570164 0.01265124
0.95241353 0.01349106
0.94901379 0.01436042
0.94550326 0.01525894
0.94188282 0.01618621
0.93815334 0.01714174
0.93431576 0.01812502
0.93037101 0.01913547
0.92632008 0.02017247
0.92216396 0.02123532
0.91790368 0.02232330
0.91354029 0.02343563
0.90907486 0.02457145
0.90450850 0.02572989
0.89984233 0.02691001
0.89507751 0.02811081
0.89021520 0.02933127
0.88525662 0.03057030
0.88020298 0.03182679
0.87505553 0.03309957
0.86981555 0.03438744
0.86448431 0.03568917
0.85906315 0.03700348
0.85355339 0.03832910
0.84795640 0.03966469
0.84227355 0.04100891
0.83650626 0.04236040
0.83065593 0.04371779
0.82472402 0.04507968
0.81871199 0.04644468
0.81262133 0.04781140
0.80645353 0.04917842
0.80021011 0.05054436
0.79389263 0.05190782
0.78750263 0.05326742
0.78104169 0.05462179
0.77451141 0.05596959
0.76791340 0.05730948
0.76124928 0.05864015
0.75452071 0.05996032
0.74772933 0.06126873
0.74087684 0.06256416
0.73396491 0.06384542
0.72699525 0.06511135
0.71996958 0.06636082
0.71288965 0.06759276
0.70575718 0.06880612
0.69857395 0.06999990
0.69134172 0.07117313
0.68406228 0.07232489
0.67673742 0.07345430
0.66936896 0.07456054
0.66195871 0.07564279
0.65450850 0.07670031
0.64702016 0.07773240
0.63949555 0.07873837
0.63193652 0.07971761
0.62434494 0.08066951
0.61672268 0.08159354
0.60907162 0.08248917
0.60139365 0.08335593
0.59369066 0.08419338
0.58596455 0.08500109
0.57821723 0.08577870
0.57045062 0.08652584
0.56266662 0.08724220
0.55486716 0.08792748
0.54705416 0.08858141
0.53922955 0.08920374
0.53139526 0.08979423
0.52355323 0.09035268
0.51570538 0.09087891
0.50785366 0.09137272
0.50000000 0.09183397
0.49214634 0.09226252
0.48429462 0.09265821
0.47644677 0.09302094
0.46860474 0.09335060
0.46077045 0.09364707
0.45294584 0.09391027
0.44513284 0.09414012
0.43733338 0.09433653
0.42954938 0.09449944
0.42178277 0.09462878
0.41403545 0.09472450
0.40630934 0.09478655
0.39860635 0.09481489
0.39092838 0.09480948
0.38327732 0.09477030
0.37565506 0.09469734
0.36806348 0.09459057
0.36050445 0.09445000
0.35297984 0.09427565
0.34549150 0.09406753
0.33804129 0.09382569
0.33063104 0.09355015
0.32326258 0.09324100
0.31593772 0.09289829
0.30865828 0.09252212
0.30142605 0.09211261
0.29424282 0.09166986
0.28711035 0.09119404
0.28003042 0.09068529
0.27300475 0.09014381
0.26603509 0.08956979
0.25912316 0.08896347
0.25227067 0.08832509
0.24547929 0.08765492
0.23875072 0.08695325
0.23208660 0.08622041
0.22548859 0.08545674
0.21895831 0.08466259
0.21249737 0.08383838
0.20610737 0.08298449
0.19978989 0.08210139
0.19354647 0.08118952
0.18737867 0.08024938
0.18128801 0.07928147
0.17527598 0.07828632
0.16934407 0.07726449
0.16349374 0.07621654
0.15772645 0.07514306
0.15204360 0.07404468
0.14644661 0.07292200
0.14093685 0.07177568
0.13551569 0.07060637
0.13018445 0.06941473
0.12494447 0.06820146
0.11979702 0.06696724
0.11474338 0.06571276
0.10978480 0.06443875
0.10492249 0.06314589
0.10015767 0.06183492
0.09549150 0.06050654
0.09092514 0.05916147
0.08645971 0.05780041
0.08209632 0.05642409
0.07783604 0.05503320
0.07367992 0.05362845
0.06962899 0.05221051
0.06568424 0.05078006
0.06184666 0.04933778
0.05811718 0.04788432
0.05449674 0.04642031
0.05098621 0.04494639
0.04758647 0.04346315
0.04429836 0.04197120
0.04112269 0.04047109
0.03806023 0.03896339
0.03511176 0.03744862
0.03227798 0.03592730
0.02955962 0.03439992
0.02695732 0.03286695
0.02447174 0.03132883
0.02210349 0.02978600
0.01985316 0.02823887
0.01772129 0.02668780
0.01570842 0.02513317
0.01381504 0.02357532
0.01204162 0.02201458
0.01038859 0.02045124
0.00885637 0.01888559
0.00744534 0.01731789
0.00615583 0.01574840
0.00498817 0.01417735
0.00394265 0.01260496
0.00301952 0.01103143
0.00221902 0.00945696
0.00154133 0.00788173
0.00098664 0.00630591
0.00055506 0.00472967
0.00024672 0.00315317
0.00006168 0.00157657
0.00000000 0.00000000
0.00006168 -0.00143017
0.00024672 -0.00285882
0.00055506 -0.00428441
0.00098664 -0.00570541
0.00154133 -0.00712027
0.00221902 -0.00852745
0.00301952 -0.00992539
0.00394265 -0.01131254
0.00498817 -0.01268731
0.00615583 -0.01404813
0.00744534 -0.01539341
0.00885637 -0.01672154
0.01038859 -0.01803093
0.01204162 -0.01931995
0.01381504 -0.02058698
0.01570842 -0.02183041
0.01772129 -0.02304861
0.01985316 -0.02423997
0.02210349 -0.02540288
0.02447174 -0.02653574
0.02695732 -0.02763696
0.02955962 -0.02870499
0.03227798 -0.02973830
0.03511176 -0.03073537
0.03806023 -0.03169476
0.04112269 -0.03261505
0.04429836 -0.03349487
0.04758647 -0.03433291
0.05098621 -0.03512793
0.05449674 -0.03587877
0.05811718 -0.03658433
0.06184666 -0.03724361
0.06568424 -0.03785570
0.06962899 -0.03841978
0.07367992 -0.03893514
0.07783604 -0.03940118
0.08209632 -0.03981742
0.08645971 -0.04018349
0.09092514 -0.04049914
0.09549150 -0.04076427
0.10015767 -0.04097888
0.10492249 -0.04114314
0.10978480 -0.04125731
0.11474338 -0.04132182
0.11979702 -0.04133722
0.12494447 -0.04130420
0.13018445 -0.04122357
0.13551569 -0.04109630
0.14093685 -0.04092345
0.14644661 -0.04070623
0.15204360 -0.04044596
0.15772645 -0.04014407
0.16349374 -0.03980211
0.16934407 -0.03942172
0.17527598 -0.03900463
0.18128801 -0.03855266
0.18737867 -0.03806771
0.19354647 -0.03755174
0.19978989 -0.03700678
0.20610737 -0.03643490
0.21249737 -0.03583820
0.21895831 -0.03521882
0.22548859 -0.03457893
0.23208660 -0.03392067
0.23875072 -0.03324622
0.24547929 -0.03255771
0.25227067 -0.03185727
0.25912316 -0.03114699
0.26603509 -0.03042891
0.27300475 -0.02970504
0.28003042 -0.02897731
0.28711035 -0.02824758
0.29424282 -0.02751766
0.30142605 -0.02678924
0.30865828 -0.02606396
0.31593772 -0.02534333
0.32326258 -0.02462879
0.33063104 -0.02392167
0.33804129 -0.02322319
0.34549150 -0.02253445
0.35297984 -0.02185648
0.36050445 -0.02119015
0.36806348 -0.02053626
0.37565506 -0.01989548
0.38327732 -0.01926838
0.39092838 -0.01865543
0.39860635 -0.01805700
0.40630934 -0.01747334
0.41403545 -0.01690465
0.42178277 -0.01635099
0.42954938 -0.01581238
0.43733338 -0.01528874
0.44513284 -0.01477993
0.45294584 -0.01428575
0.46077045 -0.01380594
0.46860474 -0.01334017
0.47644677 -0.01288810
0.48429462 -0.01244934
0.49214634 -0.01202347
0.50000000 -0.01161005
0.50785366 -0.01120863
0.51570538 -0.01081875
0.52355323 -0.01043994
0.53139526 -0.01007176
0.53922955 -0.00971375
0.54705416 -0.00936548
0.55486716 -0.00902654
0.56266662 -0.00869655
0.57045062 -0.00837515
0.57821723 -0.00806201
0.58596455 -0.00775683
0.59369066 -0.00745937
0.60139365 -0.00716939
0.60907162 -0.00688672
0.61672268 -0.00661120
0.62434494 -0.00634274
0.63193652 -0.00608125
0.63949555 -0.00582669
0.64702016 -0.00557906
0.65450850 -0.00533838
0.66195871 -0.00510471
0.66936896 -0.00487811
0.67673742 -0.00465868
0.68406228 -0.00444653
0.69134172 -0.00424178
0.69857395 -0.00404456
0.70575718 -0.00385500
0.71288965 -0.00367324
0.71996958 -0.00349941
0.72699525 -0.00333363
0.73396491 -0.00317599
0.74087684 -0.00302658
0.74772933 -0.00288548
0.75452071 -0.00275273
0.76124928 -0.00262833
0.76791340 -0.00251226
0.77451141 -0.00240449
0.78104169 -0.00230493
0.78750263 -0.00221344
0.79389263 -0.00212988
0.80021011 -0.00205404
0.80645353 -0.00198569
0.81262133 -0.00192456
0.81871199 -0.00187033
0.82472402 -0.00182266
0.83065593 -0.00178116
0.83650626 -0.00174543
0.84227355 -0.00171502
0.84795640 -0.00168947
0.85355339 -0.00166829
0.85906315 -0.00165097
0.86448431 -0.00163699
0.86981555 -0.00162583
0.87505553 -0.00161693
0.88020298 -0.00160977
0.88525662 -0.00160381
0.89021520 -0.00159852
0.89507751 -0.00159340
0.89984233 -0.00158794
0.90450850 -0.00158167
0.90907486 -0.00157416
0.91354029 -0.00156498
0.91790368 -0.00155374
0.92216396 -0.00154012
0.92632008 -0.00152381
0.93037101 -0.00150455
0.93431576 -0.00148212
0.93815334 -0.00145637
0.94188282 -0.00142718
0.94550326 -0.00139449
0.94901379 -0.00135828
0.95241353 -0.00131860
0.95570164 -0.00127553
0.95887731 -0.00122920
0.96193977 -0.00117980
0.96488824 -0.00112757
0.96772202 -0.00107277
0.97044038 -0.00101571
0.97304268 -0.00095674
0.97552826 -0.00089624
0.97789651 -0.00083462
0.98014684 -0.00077231
0.98227871 -0.00070977
0.98429158 -0.00064744
0.98618496 -0.00058582
0.98795838 -0.00052537
0.98961141 -0.00046659
0.99114363 -0.00040992
0.99255466 -0.00035585
0.99384417 -0.00030481
0.99501183 -0.00025722
0.99605735 -0.00021348
0.99698048 -0.00017397
0.99778098 -0.00013901
0.99845867 -0.00010891
0.99901336 -0.00008391
0.99944494 -0.00006425
0.99975328 -0.00005008
0.99993832 -0.00004153
1.00000000 -0.00003867
