sample_1497
1.00000000 0.00155748
0.99993832 0.00157498
0.99975328 0.00162748
0.99944494 0.00171502
0.99901336 0.00183762
0.99845867 0.00199534
0.99778098 0.00218824
0.99698048 0.00241639
0.99605735 0.00267989
0.99501183 0.00297880
0.99384417 0.00331323
0.99255466 0.00368326
0.99114363 0.00408898
0.98961141 0.00453045
0.98795838 0.00500776
0.98618496 0.00552095
0.98429158 0.00607004
0.98227871 0.00665504
0.98014684 0.00727594
0.97789651 0.00793267
0.97552826 0.00862516
0.97304268 0.00935326
0.97044038 0.01011682
0.96772202 0.01091561
0.96488824 0.01174936
0.96193977 0.01261777
0.95887731 0.01352044
0.95570164 0.01445697
0.95241353 0.01542685
0.94901379 0.01642954
0.94550326 0.01746444
0.94188282 0.01853089
0.93815334 0.01962815
0.93431576 0.02075544
0.93037101 0.02191193
0.92632008 0.02309671
0.92216396 0.02430882
0.91790368 0.02554728
0.91354029 0.02681101
0.90907486 0.02809893
0.90450850 0.02940990
0.89984233 0.03074274
0.89507751 0.03209623
0.89021520 0.03346913
0.88525662 0.03486019
0.88020298 0.03626812
0.87505553 0.03769161
0.86981555 0.03912937
0.86448431 0.04058007
0.85906315 0.04204241
0.85355339 0.04351508
0.84795640 0.04499678
0.84227355 0.04648624
0.83650626 0.04798219
0.83065593 0.04948339
0.82472402 0.05098864
0.81871199 0.05249674
0.81262133 0.05400655
0.80645353 0.05551696
0.80021011 0.05702689
0.79389263 0.05853530
0.78750263 0.06004121
0.78104169 0.06154366
0.77451141 0.06304172
0.76791340 0.06453454
0.76124928 0.06602128
0.75452071 0.06750115
0.74772933 0.06897338
0.74087684 0.07043725
0.73396491 0.07189207
0.72699525 0.07333717
0.71996958 0.07477191
0.71288965 0.07619567
0.70575718 0.07760784
0.69857395 0.07900783
0.69134172 0.08039504
0.68406228 0.08176890
0.67673742 0.08312881
0.66936896 0.08447416
0.66195871 0.08580435
0.65450850 0.08711874
0.64702016 0.08841668
0.63949555 0.08969748
0.63193652 0.09096042
0.62434494 0.09220476
0.61672268 0.09342969
0.60907162 0.09463437
0.60139365 0.09581793
0.59369066 0.09697943
0.58596455 0.09811788
0.57821723 0.09923224
0.57045062 0.10032142
0.56266662 0.10138428
0.55486716 0.10241962
0.54705416 0.10342619
0.53922955 0.10440268
0.53139526 0.10534776
0.52355323 0.10626004
0.51570538 0.10713806
0.50785366 0.10798038
0.50000000 0.10878549
0.49214634 0.10955187
0.48429462 0.11027796
0.47644677 0.11096220
0.46860474 0.11160304
0.46077045 0.11219891
0.45294584 0.11274825
0.44513284 0.11324952
0.43733338 0.11370121
0.42954938 0.11410184
0.42178277 0.11444996
0.41403545 0.11474419
0.40630934 0.11498320
0.39860635 0.11516573
0.39092838 0.11529059
0.38327732 0.11535668
0.37565506 0.11536299
0.36806348 0.11530860
0.36050445 0.11519272
0.35297984 0.11501465
0.34549150 0.11477382
0.33804129 0.11446978
0.33063104 0.11410221
0.32326258 0.11367093
0.31593772 0.11317589
0.30865828 0.11261717
0.30142605 0.11199502
0.29424282 0.11130981
0.28711035 0.11056207
0.28003042 0.10975245
0.27300475 0.10888178
0.26603509 0.10795099
0.25912316 0.10696119
0.25227067 0.10591358
0.24547929 0.10480953
0.23875072 0.10365052
0.23208660 0.10243815
0.22548859 0.10117414
0.21895831 0.09986032
0.21249737 0.09849861
0.20610737 0.09709104
0.19978989 0.09563972
0.19354647 0.09414682
0.18737867 0.09261461
0.18128801 0.09104539
0.17527598 0.08944152
0.16934407 0.08780541
0.16349374 0.08613949
0.15772645 0.08444620
0.15204360 0.08272801
0.14644661 0.08098738
0.14093685 0.07922678
0.13551569 0.07744863
0.13018445 0.07565535
0.12494447 0.07384932
0.11979702 0.07203285
0.11474338 0.07020825
0.10978480 0.06837771
0.10492249 0.06654341
0.10015767 0.06470740
0.09549150 0.06287169
0.09092514 0.06103820
0.08645971 0.05920873
0.08209632 0.05738502
0.07783604 0.05556868
0.07367992 0.05376123
0.06962899 0.05196408
0.06568424 0.05017854
0.06184666 0.04840579
0.05811718 0.04664691
0.05449674 0.04490287
0.05098621 0.04317449
0.04758647 0.04146253
0.04429836 0.03976760
0.04112269 0.03809021
0.03806023 0.03643074
0.03511176 0.03478949
0.03227798 0.03316663
0.02955962 0.03156225
0.02695732 0.02997630
0.02447174 0.02840866
0.02210349 0.02685911
0.01985316 0.02532734
0.01772129 0.02381294
0.01570842 0.02231543
0.01381504 0.02083425
0.01204162 0.01936874
0.01038859 0.01791821
0.00885637 0.01648188
0.00744534 0.01505890
0.00615583 0.01364838
0.00498817 0.01224937
0.00394265 0.01086088
0.00301952 0.00948186
0.00221902 0.00811124
0.00154133 0.00674791
0.00098664 0.00539073
0.00055506 0.00403854
0.00024672 0.00269015
0.00006168 0.00134438
0.00000000 0.00000000
0.00006168 -0.00066761
0.00024672 -0.00133497
0.00055506 -0.00200181
0.00098664 -0.00266786
0.00154133 -0.00333284
0.00221902 -0.00399643
0.00301952 -0.00465833
0.00394265 -0.00531817
0.00498817 -0.00597558
0.00615583 -0.00663016
0.00744534 -0.00728146
0.00885637 -0.00792902
0.01038859 -0.00857231
0.01204162 -0.00921079
0.01381504 -0.00984388
0.01570842 -0.01047093
0.01772129 -0.01109130
0.01985316 -0.01170429
0.02210349 -0.01230915
0.02447174 -0.01290513
0.02695732 -0.01349143
0.02955962 -0.01406724
0.03227798 -0.01463171
0.03511176 -0.01518399
0.03806023 -0.01572321
0.04112269 -0.01624848
0.04429836 -0.01675894
0.04758647 -0.01725370
0.05098621 -0.01773191
0.05449674 -0.01819271
0.05811718 -0.01863529
0.06184666 -0.01905883
0.06568424 -0.01946259
0.06962899 -0.01984584
0.07367992 -0.02020791
0.07783604 -0.02054818
0.08209632 -0.02086609
0.08645971 -0.02116114
0.09092514 -0.02143291
0.09549150 -0.02168102
0.10015767 -0.02190522
0.10492249 -0.02210530
0.10978480 -0.02228114
0.11474338 -0.02243271
0.11979702 -0.02256006
0.12494447 -0.02266335
0.13018445 -0.02274279
0.13551569 -0.02279871
0.14093685 -0.02283151
0.14644661 -0.02284168
0.15204360 -0.02282978
0.15772645 -0.02279645
0.16349374 -0.02274243
0.16934407 -0.02266848
0.17527598 -0.02257548
0.18128801 -0.02246433
0.18737867 -0.02233600
0.19354647 -0.02219149
0.19978989 -0.02203186
0.20610737 -0.02185819
0.21249737 -0.02167160
0.21895831 -0.02147320
0.22548859 -0.02126413
0.23208660 -0.02104552
0.23875072 -0.02081852
0.24547929 -0.02058423
0.25227067 -0.02034375
0.25912316 -0.02009814
0.26603509 -0.01984845
0.27300475 -0.01959565
0.28003042 -0.01934069
0.28711035 -0.01908446
0.29424282 -0.01882778
0.30142605 -0.01857142
0.30865828 -0.01831607
0.31593772 -0.01806235
0.32326258 -0.01781081
0.33063104 -0.01756193
0.33804129 -0.01731609
0.34549150 -0.01707361
0.35297984 -0.01683472
0.36050445 -0.01659959
0.36806348 -0.01636829
0.37565506 -0.01614083
0.38327732 -0.01591714
0.39092838 -0.01569709
0.39860635 -0.01548047
0.40630934 -0.01526704
0.41403545 -0.01505646
0.42178277 -0.01484839
0.42954938 -0.01464241
0.43733338 -0.01443807
0.44513284 -0.01423491
0.45294584 -0.01403241
0.46077045 -0.01383007
0.46860474 -0.01362735
0.47644677 -0.01342373
0.48429462 -0.01321867
0.49214634 -0.01301166
0.50000000 -0.01280219
0.50785366 -0.01258979
0.51570538 -0.01237402
0.52355323 -0.01215445
0.53139526 -0.01193072
0.53922955 -0.01170249
0.54705416 -0.01146949
0.55486716 -0.01123149
0.56266662 -0.01098833
0.57045062 -0.01073989
0.57821723 -0.01048613
0.58596455 -0.01022705
0.59369066 -0.00996274
0.60139365 -0.00969333
0.60907162 -0.00941904
0.61672268 -0.00914011
0.62434494 -0.00885687
0.63193652 -0.00856971
0.63949555 -0.00827906
0.64702016 -0.00798540
0.65450850 -0.00768927
0.66195871 -0.00739123
0.66936896 -0.00709191
0.67673742 -0.00679194
0.68406228 -0.00649199
0.69134172 -0.00619276
0.69857395 -0.00589495
0.70575718 -0.00559928
0.71288965 -0.00530647
0.71996958 -0.00501723
0.72699525 -0.00473227
0.73396491 -0.00445229
0.74087684 -0.00417795
0.74772933 -0.00390991
0.75452071 -0.00364877
0.76124928 -0.00339512
0.76791340 -0.00314950
0.77451141 -0.00291241
0.78104169 -0.00268428
0.78750263 -0.00246552
0.79389263 -0.00225646
0.80021011 -0.00205739
0.80645353 -0.00186855
0.81262133 -0.00169010
0.81871199 -0.00152215
0.82472402 -0.00136475
0.83065593 -0.00121790
0.83650626 -0.00108154
0.84227355 -0.00095554
0.84795640 -0.00083973
0.85355339 -0.00073389
0.85906315 -0.00063776
0.86448431 -0.00055100
0.86981555 -0.00047327
0.87505553 -0.00040417
0.88020298 -0.00034329
0.88525662 -0.00029015
0.89021520 -0.00024429
0.89507751 -0.00020522
0.89984233 -0.00017241
0.90450850 -0.00014536
0.90907486 -0.00012354
0.91354029 -0.00010643
0.91790368 -0.00009351
0.92216396 -0.00008427
0.92632008 -0.00007823
0.93037101 -0.00007489
0.93431576 -0.00007380
0.93815334 -0.00007454
0.94188282 -0.00007669
0.94550326 -0.00007989
0.94901379 -0.00008377
0.95241353 -0.00008803
0.95570164 -0.00009240
0.95887731 -0.00009663
0.96193977 -0.00010051
0.96488824 -0.00010386
0.96772202 -0.00010656
0.97044038 -0.00010850
0.97304268 -0.00010960
0.97552826 -0.00010983
0.97789651 -0.00010918
0.98014684 -0.00010766
0.98227871 -0.00010531
0.98429158 -0.00010220
0.98618496 -0.00009841
0.98795838 -0.00009403
0.98961141 -0.00008919
0.99114363 -0.00008400
0.99255466 -0.00007858
0.99384417 -0.00007307
0.99501183 -0.00006760
0.99605735 -0.00006230
0.99698048 -0.00005730
0.99778098 -0.00005270
0.99845867 -0.00004862
0.99901336 -0.00004515
0.99944494 -0.00004236
0.99975328 -0.00004033
0.99993832 -0.00003909
1.00000000 -0.00003867
