sample_1483
1.00000000 0.00155748
0.99993832 0.00157305
0.99975328 0.00161976
0.99944494 0.00169766
0.99901336 0.00180680
0.99845867 0.00194725
0.99778098 0.00211911
0.99698048 0.00232249
0.99605735 0.00255752
0.99501183 0.00282434
0.99384417 0.00312309
0.99255466 0.00345392
0.99114363 0.00381700
0.98961141 0.00421246
0.98795838 0.00464047
0.98618496 0.00510114
0.98429158 0.00559460
0.98227871 0.00612095
0.98014684 0.00668026
0.97789651 0.00727258
0.97552826 0.00789791
0.97304268 0.00855624
0.97044038 0.00924749
0.96772202 0.00997156
0.96488824 0.01072828
0.96193977 0.01151744
0.95887731 0.01233876
0.95570164 0.01319193
0.95241353 0.01407656
0.94901379 0.01499219
0.94550326 0.01593831
0.94188282 0.01691435
0.93815334 0.01791967
0.93431576 0.01895356
0.93037101 0.02001526
0.92632008 0.02110393
0.92216396 0.02221868
0.91790368 0.02335856
0.91354029 0.02452256
0.90907486 0.02570962
0.90450850 0.02691863
0.89984233 0.02814843
0.89507751 0.02939781
0.89021520 0.03066553
0.88525662 0.03195032
0.88020298 0.03325087
0.87505553 0.03456586
0.86981555 0.03589393
0.86448431 0.03723372
0.85906315 0.03858386
0.85355339 0.03994296
0.84795640 0.04130966
0.84227355 0.04268259
0.83650626 0.04406038
0.83065593 0.04544169
0.82472402 0.04682520
0.81871199 0.04820961
0.81262133 0.04959366
0.80645353 0.05097609
0.80021011 0.05235571
0.79389263 0.05373134
0.78750263 0.05510188
0.78104169 0.05646622
0.77451141 0.05782334
0.76791340 0.05917222
0.76124928 0.06051194
0.75452071 0.06184157
0.74772933 0.06316027
0.74087684 0.06446721
0.73396491 0.06576164
0.72699525 0.06704282
0.71996958 0.06831006
0.71288965 0.06956272
0.70575718 0.07080019
0.69857395 0.07202190
0.69134172 0.07322729
0.68406228 0.07441584
0.67673742 0.07558707
0.66936896 0.07674050
0.66195871 0.07787567
0.65450850 0.07899215
0.64702016 0.08008951
0.63949555 0.08116733
0.63193652 0.08222518
0.62434494 0.08326267
0.61672268 0.08427936
0.60907162 0.08527484
0.60139365 0.08624868
0.59369066 0.08720045
0.58596455 0.08812971
0.57821723 0.08903598
0.57045062 0.08991881
0.56266662 0.09077771
0.55486716 0.09161217
0.54705416 0.09242169
0.53922955 0.09320573
0.53139526 0.09396376
0.52355323 0.09469521
0.51570538 0.09539953
0.50785366 0.09607613
0.50000000 0.09672444
0.49214634 0.09734386
0.48429462 0.09793382
0.47644677 0.09849370
0.46860474 0.09902294
0.46077045 0.09952095
0.45294584 0.09998716
0.44513284 0.10042101
0.43733338 0.10082197
0.42954938 0.10118951
0.42178277 0.10152313
0.41403545 0.10182238
0.40630934 0.10208680
0.39860635 0.10231600
0.39092838 0.10250960
0.38327732 0.10266727
0.37565506 0.10278872
0.36806348 0.10287370
0.36050445 0.10292201
0.35297984 0.10293349
0.34549150 0.10290804
0.33804129 0.10284559
0.33063104 0.10274611
0.32326258 0.10260965
0.31593772 0.10243629
0.30865828 0.10222614
0.30142605 0.10197937
0.29424282 0.10169619
0.28711035 0.10137685
0.28003042 0.10102163
0.27300475 0.10063086
0.26603509 0.10020488
0.25912316 0.09974407
0.25227067 0.09924882
0.24547929 0.09871956
0.23875072 0.09815672
0.23208660 0.09756073
0.22548859 0.09693205
0.21895831 0.09627113
0.21249737 0.09557841
0.20610737 0.09485433
0.19978989 0.09409932
0.19354647 0.09331379
0.18737867 0.09249813
0.18128801 0.09165271
0.17527598 0.09077787
0.16934407 0.08987392
0.16349374 0.08894115
0.15772645 0.08797979
0.15204360 0.08699007
0.14644661 0.08597214
0.14093685 0.08492614
0.13551569 0.08385218
0.13018445 0.08275030
0.12494447 0.08162054
0.11979702 0.08046287
0.11474338 0.07927724
0.10978480 0.07806359
0.10492249 0.07682178
0.10015767 0.07555170
0.09549150 0.07425319
0.09092514 0.07292607
0.08645971 0.07157015
0.08209632 0.07018525
0.07783604 0.06877116
0.07367992 0.06732770
0.06962899 0.06585467
0.06568424 0.06435191
0.06184666 0.06281927
0.05811718 0.06125663
0.05449674 0.05966389
0.05098621 0.05804101
0.04758647 0.05638797
0.04429836 0.05470483
0.04112269 0.05299167
0.03806023 0.05124866
0.03511176 0.04947602
0.03227798 0.04767405
0.02955962 0.04584311
0.02695732 0.04398366
0.02447174 0.04209620
0.02210349 0.04018136
0.01985316 0.03823982
0.01772129 0.03627236
0.01570842 0.03427984
0.01381504 0.03226320
0.01204162 0.03022349
0.01038859 0.02816181
0.00885637 0.02607936
0.00744534 0.02397742
0.00615583 0.02185733
0.00498817 0.01972053
0.00394265 0.01756849
0.00301952 0.01540277
0.00221902 0.01322497
0.00154133 0.01103675
0.00098664 0.00883981
0.00055506 0.00663589
0.00024672 0.00442675
0.00006168 0.00221418
0.00000000 0.00000000
0.00006168 -0.00055541
0.00024672 -0.00111081
0.00055506 -0.00166619
0.00098664 -0.00222152
0.00154133 -0.00277676
0.00221902 -0.00333188
0.00301952 -0.00388681
0.00394265 -0.00444147
0.00498817 -0.00499575
0.00615583 -0.00554954
0.00744534 -0.00610268
0.00885637 -0.00665499
0.01038859 -0.00720625
0.01204162 -0.00775624
0.01381504 -0.00830467
0.01570842 -0.00885124
0.01772129 -0.00939560
0.01985316 -0.00993738
0.02210349 -0.01047616
0.02447174 -0.01101150
0.02695732 -0.01154292
0.02955962 -0.01206990
0.03227798 -0.01259190
0.03511176 -0.01310835
0.03806023 -0.01361864
0.04112269 -0.01412214
0.04429836 -0.01461820
0.04758647 -0.01510615
0.05098621 -0.01558528
0.05449674 -0.01605490
0.05811718 -0.01651427
0.06184666 -0.01696268
0.06568424 -0.01739937
0.06962899 -0.01782362
0.07367992 -0.01823468
0.07783604 -0.01863183
0.08209632 -0.01901433
0.08645971 -0.01938148
0.09092514 -0.01973258
0.09549150 -0.02006695
0.10015767 -0.02038394
0.10492249 -0.02068293
0.10978480 -0.02096331
0.11474338 -0.02122451
0.11979702 -0.02146602
0.12494447 -0.02168733
0.13018445 -0.02188800
0.13551569 -0.02206761
0.14093685 -0.02222581
0.14644661 -0.02236227
0.15204360 -0.02247673
0.15772645 -0.02256897
0.16349374 -0.02263882
0.16934407 -0.02268617
0.17527598 -0.02271095
0.18128801 -0.02271315
0.18737867 -0.02269280
0.19354647 -0.02265001
0.19978989 -0.02258492
0.20610737 -0.02249772
0.21249737 -0.02238865
0.21895831 -0.02225801
0.22548859 -0.02210615
0.23208660 -0.02193345
0.23875072 -0.02174033
0.24547929 -0.02152729
0.25227067 -0.02129483
0.25912316 -0.02104350
0.26603509 -0.02077390
0.27300475 -0.02048665
0.28003042 -0.02018241
0.28711035 -0.01986187
0.29424282 -0.01952573
0.30142605 -0.01917475
0.30865828 -0.01880968
0.31593772 -0.01843130
0.32326258 -0.01804042
0.33063104 -0.01763784
0.33804129 -0.01722440
0.34549150 -0.01680095
0.35297984 -0.01636832
0.36050445 -0.01592737
0.36806348 -0.01547898
0.37565506 -0.01502399
0.38327732 -0.01456328
0.39092838 -0.01409772
0.39860635 -0.01362816
0.40630934 -0.01315547
0.41403545 -0.01268049
0.42178277 -0.01220409
0.42954938 -0.01172708
0.43733338 -0.01125032
0.44513284 -0.01077460
0.45294584 -0.01030074
0.46077045 -0.00982954
0.46860474 -0.00936176
0.47644677 -0.00889818
0.48429462 -0.00843953
0.49214634 -0.00798654
0.50000000 -0.00753992
0.50785366 -0.00710036
0.51570538 -0.00666852
0.52355323 -0.00624505
0.53139526 -0.00583057
0.53922955 -0.00542566
0.54705416 -0.00503090
0.55486716 -0.00464683
0.56266662 -0.00427396
0.57045062 -0.00391277
0.57821723 -0.00356373
0.58596455 -0.00322723
0.59369066 -0.00290369
0.60139365 -0.00259343
0.60907162 -0.00229680
0.61672268 -0.00201405
0.62434494 -0.00174545
0.63193652 -0.00149118
0.63949555 -0.00125142
0.64702016 -0.00102630
0.65450850 -0.00081589
0.66195871 -0.00062024
0.66936896 -0.00043934
0.67673742 -0.00027316
0.68406228 -0.00012160
0.69134172 0.00001545
0.69857395 0.00013819
0.70575718 0.00024681
0.71288965 0.00034157
0.71996958 0.00042279
0.72699525 0.00049078
0.73396491 0.00054595
0.74087684 0.00058870
0.74772933 0.00061950
0.75452071 0.00063883
0.76124928 0.00064722
0.76791340 0.00064522
0.77451141 0.00063343
0.78104169 0.00061247
0.78750263 0.00058296
0.79389263 0.00054556
0.80021011 0.00050097
0.80645353 0.00044986
0.81262133 0.00039295
0.81871199 0.00033094
0.82472402 0.00026457
0.83065593 0.00019455
0.83650626 0.00012159
0.84227355 0.00004642
0.84795640 -0.00003027
0.85355339 -0.00010779
0.85906315 -0.00018546
0.86448431 -0.00026263
0.86981555 -0.00033867
0.87505553 -0.00041299
0.88020298 -0.00048500
0.88525662 -0.00055419
0.89021520 -0.00062004
0.89507751 -0.00068209
0.89984233 -0.00073992
0.90450850 -0.00079317
0.90907486 -0.00084149
0.91354029 -0.00088461
0.91790368 -0.00092229
0.92216396 -0.00095434
0.92632008 -0.00098063
0.93037101 -0.00100107
0.93431576 -0.00101563
0.93815334 -0.00102432
0.94188282 -0.00102721
0.94550326 -0.00102439
0.94901379 -0.00101604
0.95241353 -0.00100235
0.95570164 -0.00098356
0.95887731 -0.00095996
0.96193977 -0.00093187
0.96488824 -0.00089964
0.96772202 -0.00086366
0.97044038 -0.00082433
0.97304268 -0.00078210
0.97552826 -0.00073743
0.97789651 -0.00069078
0.98014684 -0.00064265
0.98227871 -0.00059351
0.98429158 -0.00054388
0.98618496 -0.00049424
0.98795838 -0.00044509
0.98961141 -0.00039691
0.99114363 -0.00035016
0.99255466 -0.00030531
0.99384417 -0.00026277
0.99501183 -0.00022297
0.99605735 -0.00018627
0.99698048 -0.00015302
0.99778098 -0.00012355
0.99845867 -0.00009813
0.99901336 -0.00007699
0.99944494 -0.00006034
0.99975328 -0.00004834
0.99993832 -0.00004109
1.00000000 -0.00003867
