sample_1293
1.00000000 0.00155748
0.99993832 0.00157697
0.99975328 0.00163544
0.99944494 0.00173285
0.99901336 0.00186911
0.99845867 0.00204415
0.99778098 0.00225781
0.99698048 0.00250996
0.99605735 0.00280039
0.99501183 0.00312888
0.99384417 0.00349519
0.99255466 0.00389902
0.99114363 0.00434004
0.98961141 0.00481789
0.98795838 0.00533218
0.98618496 0.00588245
0.98429158 0.00646823
0.98227871 0.00708898
0.98014684 0.00774415
0.97789651 0.00843313
0.97552826 0.00915524
0.97304268 0.00990979
0.97044038 0.01069604
0.96772202 0.01151319
0.96488824 0.01236039
0.96193977 0.01323678
0.95887731 0.01414141
0.95570164 0.01507332
0.95241353 0.01603151
0.94901379 0.01701491
0.94550326 0.01802245
0.94188282 0.01905301
0.93815334 0.02010544
0.93431576 0.02117856
0.93037101 0.02227116
0.92632008 0.02338203
0.92216396 0.02450992
0.91790368 0.02565359
0.91354029 0.02681178
0.90907486 0.02798323
0.90450850 0.02916667
0.89984233 0.03036086
0.89507751 0.03156455
0.89021520 0.03277653
0.88525662 0.03399559
0.88020298 0.03522054
0.87505553 0.03645026
0.86981555 0.03768362
0.86448431 0.03891955
0.85906315 0.04015703
0.85355339 0.04139507
0.84795640 0.04263273
0.84227355 0.04386914
0.83650626 0.04510346
0.83065593 0.04633493
0.82472402 0.04756283
0.81871199 0.04878650
0.81262133 0.05000534
0.80645353 0.05121882
0.80021011 0.05242646
0.79389263 0.05362781
0.78750263 0.05482253
0.78104169 0.05601027
0.77451141 0.05719076
0.76791340 0.05836378
0.76124928 0.05952914
0.75452071 0.06068669
0.74772933 0.06183630
0.74087684 0.06297788
0.73396491 0.06411135
0.72699525 0.06523666
0.71996958 0.06635375
0.71288965 0.06746257
0.70575718 0.06856308
0.69857395 0.06965521
0.69134172 0.07073888
0.68406228 0.07181399
0.67673742 0.07288040
0.66936896 0.07393796
0.66195871 0.07498646
0.65450850 0.07602565
0.64702016 0.07705522
0.63949555 0.07807482
0.63193652 0.07908404
0.62434494 0.08008240
0.61672268 0.08106935
0.60907162 0.08204428
0.60139365 0.08300653
0.59369066 0.08395533
0.58596455 0.08488988
0.57821723 0.08580929
0.57045062 0.08671260
0.56266662 0.08759879
0.55486716 0.08846678
0.54705416 0.08931543
0.53922955 0.09014354
0.53139526 0.09094985
0.52355323 0.09173308
0.51570538 0.09249189
0.50785366 0.09322492
0.50000000 0.09393076
0.49214634 0.09460801
0.48429462 0.09525525
0.47644677 0.09587104
0.46860474 0.09645399
0.46077045 0.09700266
0.45294584 0.09751570
0.44513284 0.09799174
0.43733338 0.09842947
0.42954938 0.09882764
0.42178277 0.09918503
0.41403545 0.09950052
0.40630934 0.09977302
0.39860635 0.10000156
0.39092838 0.10018522
0.38327732 0.10032321
0.37565506 0.10041480
0.36806348 0.10045940
0.36050445 0.10045649
0.35297984 0.10040569
0.34549150 0.10030672
0.33804129 0.10015941
0.33063104 0.09996372
0.32326258 0.09971972
0.31593772 0.09942760
0.30865828 0.09908765
0.30142605 0.09870028
0.29424282 0.09826602
0.28711035 0.09778549
0.28003042 0.09725943
0.27300475 0.09668864
0.26603509 0.09607405
0.25912316 0.09541665
0.25227067 0.09471751
0.24547929 0.09397777
0.23875072 0.09319863
0.23208660 0.09238133
0.22548859 0.09152718
0.21895831 0.09063750
0.21249737 0.08971365
0.20610737 0.08875700
0.19978989 0.08776892
0.19354647 0.08675080
0.18737867 0.08570400
0.18128801 0.08462986
0.17527598 0.08352972
0.16934407 0.08240487
0.16349374 0.08125654
0.15772645 0.08008594
0.15204360 0.07889422
0.14644661 0.07768246
0.14093685 0.07645169
0.13551569 0.07520286
0.13018445 0.07393686
0.12494447 0.07265450
0.11979702 0.07135650
0.11474338 0.07004354
0.10978480 0.06871619
0.10492249 0.06737497
0.10015767 0.06602029
0.09549150 0.06465253
0.09092514 0.06327198
0.08645971 0.06187885
0.08209632 0.06047331
0.07783604 0.05905547
0.07367992 0.05762539
0.06962899 0.05618307
0.06568424 0.05472847
0.06184666 0.05326154
0.05811718 0.05178219
0.05449674 0.05029029
0.05098621 0.04878573
0.04758647 0.04726838
0.04429836 0.04573810
0.04112269 0.04419478
0.03806023 0.04263832
0.03511176 0.04106862
0.03227798 0.03948563
0.02955962 0.03788932
0.02695732 0.03627972
0.02447174 0.03465689
0.02210349 0.03302092
0.01985316 0.03137199
0.01772129 0.02971030
0.01570842 0.02803613
0.01381504 0.02634981
0.01204162 0.02465173
0.01038859 0.02294236
0.00885637 0.02122219
0.00744534 0.01949181
0.00615583 0.01775185
0.00498817 0.01600299
0.00394265 0.01424599
0.00301952 0.01248163
0.00221902 0.01071075
0.00154133 0.00893423
0.00098664 0.00715299
0.00055506 0.00536796
0.00024672 0.00358013
0.00006168 0.00179047
0.00000000 0.00000000
0.00006168 -0.00115148
0.00024672 -0.00230088
0.00055506 -0.00344612
0.00098664 -0.00458513
0.00154133 -0.00571586
0.00221902 -0.00683630
0.00301952 -0.00794449
0.00394265 -0.00903847
0.00498817 -0.01011637
0.00615583 -0.01117637
0.00744534 -0.01221669
0.00885637 -0.01323565
0.01038859 -0.01423162
0.01204162 -0.01520307
0.01381504 -0.01614854
0.01570842 -0.01706667
0.01772129 -0.01795618
0.01985316 -0.01881590
0.02210349 -0.01964475
0.02447174 -0.02044177
0.02695732 -0.02120609
0.02955962 -0.02193696
0.03227798 -0.02263372
0.03511176 -0.02329583
0.03806023 -0.02392287
0.04112269 -0.02451451
0.04429836 -0.02507055
0.04758647 -0.02559088
0.05098621 -0.02607551
0.05449674 -0.02652455
0.05811718 -0.02693821
0.06184666 -0.02731680
0.06568424 -0.02766072
0.06962899 -0.02797048
0.07367992 -0.02824667
0.07783604 -0.02848994
0.08209632 -0.02870107
0.08645971 -0.02888086
0.09092514 -0.02903021
0.09549150 -0.02915008
0.10015767 -0.02924148
0.10492249 -0.02930549
0.10978480 -0.02934320
0.11474338 -0.02935578
0.11979702 -0.02934441
0.12494447 -0.02931029
0.13018445 -0.02925468
0.13551569 -0.02917881
0.14093685 -0.02908393
0.14644661 -0.02897133
0.15204360 -0.02884224
0.15772645 -0.02869792
0.16349374 -0.02853961
0.16934407 -0.02836851
0.17527598 -0.02818583
0.18128801 -0.02799272
0.18737867 -0.02779031
0.19354647 -0.02757969
0.19978989 -0.02736190
0.20610737 -0.02713796
0.21249737 -0.02690881
0.21895831 -0.02667537
0.22548859 -0.02643847
0.23208660 -0.02619891
0.23875072 -0.02595744
0.24547929 -0.02571473
0.25227067 -0.02547139
0.25912316 -0.02522801
0.26603509 -0.02498506
0.27300475 -0.02474301
0.28003042 -0.02450223
0.28711035 -0.02426306
0.29424282 -0.02402576
0.30142605 -0.02379056
0.30865828 -0.02355762
0.31593772 -0.02332706
0.32326258 -0.02309896
0.33063104 -0.02287335
0.33804129 -0.02265020
0.34549150 -0.02242948
0.35297984 -0.02221109
0.36050445 -0.02199493
0.36806348 -0.02178086
0.37565506 -0.02156870
0.38327732 -0.02135827
0.39092838 -0.02114938
0.39860635 -0.02094182
0.40630934 -0.02073535
0.41403545 -0.02052976
0.42178277 -0.02032482
0.42954938 -0.02012030
0.43733338 -0.01991598
0.44513284 -0.01971165
0.45294584 -0.01950711
0.46077045 -0.01930215
0.46860474 -0.01909662
0.47644677 -0.01889034
0.48429462 -0.01868318
0.49214634 -0.01847503
0.50000000 -0.01826578
0.50785366 -0.01805536
0.51570538 -0.01784372
0.52355323 -0.01763084
0.53139526 -0.01741670
0.53922955 -0.01720132
0.54705416 -0.01698476
0.55486716 -0.01676707
0.56266662 -0.01654834
0.57045062 -0.01632867
0.57821723 -0.01610820
0.58596455 -0.01588705
0.59369066 -0.01566539
0.60139365 -0.01544338
0.60907162 -0.01522121
0.61672268 -0.01499906
0.62434494 -0.01477713
0.63193652 -0.01455561
0.63949555 -0.01433472
0.64702016 -0.01411463
0.65450850 -0.01389556
0.66195871 -0.01367769
0.66936896 -0.01346121
0.67673742 -0.01324627
0.68406228 -0.01303305
0.69134172 -0.01282169
0.69857395 -0.01261231
0.70575718 -0.01240502
0.71288965 -0.01219991
0.71996958 -0.01199706
0.72699525 -0.01179650
0.73396491 -0.01159827
0.74087684 -0.01140237
0.74772933 -0.01120876
0.75452071 -0.01101741
0.76124928 -0.01082825
0.76791340 -0.01064118
0.77451141 -0.01045609
0.78104169 -0.01027285
0.78750263 -0.01009129
0.79389263 -0.00991125
0.80021011 -0.00973253
0.80645353 -0.00955493
0.81262133 -0.00937823
0.81871199 -0.00920219
0.82472402 -0.00902659
0.83065593 -0.00885118
0.83650626 -0.00867572
0.84227355 -0.00849996
0.84795640 -0.00832365
0.85355339 -0.00814657
0.85906315 -0.00796848
0.86448431 -0.00778917
0.86981555 -0.00760844
0.87505553 -0.00742610
0.88020298 -0.00724199
0.88525662 -0.00705597
0.89021520 -0.00686792
0.89507751 -0.00667774
0.89984233 -0.00648539
0.90450850 -0.00629082
0.90907486 -0.00609405
0.91354029 -0.00589512
0.91790368 -0.00569408
0.92216396 -0.00549106
0.92632008 -0.00528620
0.93037101 -0.00507967
0.93431576 -0.00487171
0.93815334 -0.00466256
0.94188282 -0.00445251
0.94550326 -0.00424190
0.94901379 -0.00403107
0.95241353 -0.00382043
0.95570164 -0.00361039
0.95887731 -0.00340141
0.96193977 -0.00319395
0.96488824 -0.00298851
0.96772202 -0.00278562
0.97044038 -0.00258581
0.97304268 -0.00238962
0.97552826 -0.00219762
0.97789651 -0.00201036
0.98014684 -0.00182844
0.98227871 -0.00165240
0.98429158 -0.00148282
0.98618496 -0.00132025
0.98795838 -0.00116525
0.98961141 -0.00101834
0.99114363 -0.00088003
0.99255466 -0.00075082
0.99384417 -0.00063116
0.99501183 -0.00052151
0.99605735 -0.00042225
0.99698048 -0.00033376
0.99778098 -0.00025638
0.99845867 -0.00019039
0.99901336 -0.00013606
0.99944494 -0.00009357
0.99975328 -0.00006311
0.99993832 -0.00004479
1.00000000 -0.00003867
