sample_1014
1.00000000 0.00155748
0.99993832 0.00157145
0.99975328 0.00161337
0.99944494 0.00168323
0.99901336 0.00178103
0.99845867 0.00190679
0.99778098 0.00206049
0.99698048 0.00224214
0.99605735 0.00245173
0.99501183 0.00268925
0.99384417 0.00295469
0.99255466 0.00324804
0.99114363 0.00356925
0.98961141 0.00391829
0.98795838 0.00429511
0.98618496 0.00469965
0.98429158 0.00513183
0.98227871 0.00559154
0.98014684 0.00607867
0.97789651 0.00659308
0.97552826 0.00713461
0.97304268 0.00770307
0.97044038 0.00829826
0.96772202 0.00891992
0.96488824 0.00956780
0.96193977 0.01024158
0.95887731 0.01094095
0.95570164 0.01166552
0.95241353 0.01241491
0.94901379 0.01318869
0.94550326 0.01398639
0.94188282 0.01480750
0.93815334 0.01565150
0.93431576 0.01651782
0.93037101 0.01740586
0.92632008 0.01831498
0.92216396 0.01924452
0.91790368 0.02019379
0.91354029 0.02116206
0.90907486 0.02214857
0.90450850 0.02315256
0.89984233 0.02417322
0.89507751 0.02520973
0.89021520 0.02626123
0.88525662 0.02732688
0.88020298 0.02840579
0.87505553 0.02949707
0.86981555 0.03059981
0.86448431 0.03171311
0.85906315 0.03283604
0.85355339 0.03396768
0.84795640 0.03510710
0.84227355 0.03625337
0.83650626 0.03740557
0.83065593 0.03856277
0.82472402 0.03972405
0.81871199 0.04088851
0.81262133 0.04205522
0.80645353 0.04322331
0.80021011 0.04439188
0.79389263 0.04556005
0.78750263 0.04672697
0.78104169 0.04789178
0.77451141 0.04905364
0.76791340 0.05021173
0.76124928 0.05136522
0.75452071 0.05251333
0.74772933 0.05365526
0.74087684 0.05479022
0.73396491 0.05591746
0.72699525 0.05703622
0.71996958 0.05814574
0.71288965 0.05924529
0.70575718 0.06033413
0.69857395 0.06141155
0.69134172 0.06247681
0.68406228 0.06352921
0.67673742 0.06456803
0.66936896 0.06559255
0.66195871 0.06660208
0.65450850 0.06759590
0.64702016 0.06857331
0.63949555 0.06953359
0.63193652 0.07047604
0.62434494 0.07139995
0.61672268 0.07230461
0.60907162 0.07318930
0.60139365 0.07405332
0.59369066 0.07489595
0.58596455 0.07571647
0.57821723 0.07651419
0.57045062 0.07728839
0.56266662 0.07803837
0.55486716 0.07876343
0.54705416 0.07946288
0.53922955 0.08013605
0.53139526 0.08078226
0.52355323 0.08140087
0.51570538 0.08199122
0.50785366 0.08255270
0.50000000 0.08308472
0.49214634 0.08358670
0.48429462 0.08405808
0.47644677 0.08449836
0.46860474 0.08490705
0.46077045 0.08528368
0.45294584 0.08562786
0.44513284 0.08593919
0.43733338 0.08621735
0.42954938 0.08646205
0.42178277 0.08667304
0.41403545 0.08685012
0.40630934 0.08699315
0.39860635 0.08710202
0.39092838 0.08717669
0.38327732 0.08721715
0.37565506 0.08722347
0.36806348 0.08719575
0.36050445 0.08713415
0.35297984 0.08703887
0.34549150 0.08691018
0.33804129 0.08674836
0.33063104 0.08655378
0.32326258 0.08632683
0.31593772 0.08606794
0.30865828 0.08577758
0.30142605 0.08545626
0.29424282 0.08510452
0.28711035 0.08472292
0.28003042 0.08431206
0.27300475 0.08387255
0.26603509 0.08340500
0.25912316 0.08291006
0.25227067 0.08238837
0.24547929 0.08184057
0.23875072 0.08126731
0.23208660 0.08066921
0.22548859 0.08004691
0.21895831 0.07940101
0.21249737 0.07873210
0.20610737 0.07804073
0.19978989 0.07732744
0.19354647 0.07659273
0.18737867 0.07583707
0.18128801 0.07506088
0.17527598 0.07426455
0.16934407 0.07344843
0.16349374 0.07261280
0.15772645 0.07175794
0.15204360 0.07088403
0.14644661 0.06999123
0.14093685 0.06907967
0.13551569 0.06814939
0.13018445 0.06720041
0.12494447 0.06623272
0.11979702 0.06524623
0.11474338 0.06424084
0.10978480 0.06321640
0.10492249 0.06217272
0.10015767 0.06110961
0.09549150 0.06002681
0.09092514 0.05892407
0.08645971 0.05780112
0.08209632 0.05665767
0.07783604 0.05549342
0.07367992 0.05430809
0.06962899 0.05310137
0.06568424 0.05187299
0.06184666 0.05062270
0.05811718 0.04935024
0.05449674 0.04805541
0.05098621 0.04673802
0.04758647 0.04539793
0.04429836 0.04403504
0.04112269 0.04264932
0.03806023 0.04124075
0.03511176 0.03980940
0.03227798 0.03835540
0.02955962 0.03687893
0.02695732 0.03538025
0.02447174 0.03385970
0.02210349 0.03231766
0.01985316 0.03075463
0.01772129 0.02917114
0.01570842 0.02756782
0.01381504 0.02594538
0.01204162 0.02430460
0.01038859 0.02264632
0.00885637 0.02097148
0.00744534 0.01928105
0.00615583 0.01757611
0.00498817 0.01585776
0.00394265 0.01412720
0.00301952 0.01238565
0.00221902 0.01063441
0.00154133 0.00887479
0.00098664 0.00710817
0.00055506 0.00533595
0.00024672 0.00355955
0.00006168 0.00178041
0.00000000 0.00000000
0.00006168 -0.00121219
0.00024672 -0.00242269
0.00055506 -0.00362980
0.00098664 -0.00483186
0.00154133 -0.00602717
0.00221902 -0.00721409
0.00301952 -0.00839097
0.00394265 -0.00955620
0.00498817 -0.01070817
0.00615583 -0.01184533
0.00744534 -0.01296613
0.00885637 -0.01406907
0.01038859 -0.01515270
0.01204162 -0.01621559
0.01381504 -0.01725637
0.01570842 -0.01827370
0.01772129 -0.01926632
0.01985316 -0.02023298
0.02210349 -0.02117253
0.02447174 -0.02208386
0.02695732 -0.02296590
0.02955962 -0.02381769
0.03227798 -0.02463829
0.03511176 -0.02542686
0.03806023 -0.02618261
0.04112269 -0.02690483
0.04429836 -0.02759288
0.04758647 -0.02824619
0.05098621 -0.02886429
0.05449674 -0.02944675
0.05811718 -0.02999324
0.06184666 -0.03050349
0.06568424 -0.03097734
0.06962899 -0.03141467
0.07367992 -0.03181546
0.07783604 -0.03217975
0.08209632 -0.03250769
0.08645971 -0.03279946
0.09092514 -0.03305535
0.09549150 -0.03327570
0.10015767 -0.03346093
0.10492249 -0.03361154
0.10978480 -0.03372808
0.11474338 -0.03381116
0.11979702 -0.03386147
0.12494447 -0.03387976
0.13018445 -0.03386681
0.13551569 -0.03382348
0.14093685 -0.03375067
0.14644661 -0.03364931
0.15204360 -0.03352041
0.15772645 -0.03336497
0.16349374 -0.03318407
0.16934407 -0.03297879
0.17527598 -0.03275025
0.18128801 -0.03249958
0.18737867 -0.03222794
0.19354647 -0.03193651
0.19978989 -0.03162645
0.20610737 -0.03129896
0.21249737 -0.03095521
0.21895831 -0.03059640
0.22548859 -0.03022369
0.23208660 -0.02983826
0.23875072 -0.02944124
0.24547929 -0.02903379
0.25227067 -0.02861699
0.25912316 -0.02819195
0.26603509 -0.02775972
0.27300475 -0.02732133
0.28003042 -0.02687777
0.28711035 -0.02643000
0.29424282 -0.02597895
0.30142605 -0.02552548
0.30865828 -0.02507045
0.31593772 -0.02461466
0.32326258 -0.02415884
0.33063104 -0.02370372
0.33804129 -0.02324996
0.34549150 -0.02279817
0.35297984 -0.02234893
0.36050445 -0.02190276
0.36806348 -0.02146014
0.37565506 -0.02102151
0.38327732 -0.02058726
0.39092838 -0.02015775
0.39860635 -0.01973328
0.40630934 -0.01931411
0.41403545 -0.01890049
0.42178277 -0.01849259
0.42954938 -0.01809059
0.43733338 -0.01769461
0.44513284 -0.01730474
0.45294584 -0.01692105
0.46077045 -0.01654358
0.46860474 -0.01617235
0.47644677 -0.01580735
0.48429462 -0.01544855
0.49214634 -0.01509593
0.50000000 -0.01474941
0.50785366 -0.01440893
0.51570538 -0.01407441
0.52355323 -0.01374577
0.53139526 -0.01342290
0.53922955 -0.01310570
0.54705416 -0.01279408
0.55486716 -0.01248793
0.56266662 -0.01218714
0.57045062 -0.01189162
0.57821723 -0.01160125
0.58596455 -0.01131594
0.59369066 -0.01103561
0.60139365 -0.01076016
0.60907162 -0.01048951
0.61672268 -0.01022358
0.62434494 -0.00996230
0.63193652 -0.00970561
0.63949555 -0.00945346
0.64702016 -0.00920579
0.65450850 -0.00896255
0.66195871 -0.00872372
0.66936896 -0.00848924
0.67673742 -0.00825910
0.68406228 -0.00803327
0.69134172 -0.00781173
0.69857395 -0.00759445
0.70575718 -0.00738142
0.71288965 -0.00717263
0.71996958 -0.00696805
0.72699525 -0.00676767
0.73396491 -0.00657147
0.74087684 -0.00637943
0.74772933 -0.00619153
0.75452071 -0.00600774
0.76124928 -0.00582803
0.76791340 -0.00565236
0.77451141 -0.00548069
0.78104169 -0.00531298
0.78750263 -0.00514918
0.79389263 -0.00498922
0.80021011 -0.00483305
0.80645353 -0.00468059
0.81262133 -0.00453176
0.81871199 -0.00438649
0.82472402 -0.00424469
0.83065593 -0.00410625
0.83650626 -0.00397110
0.84227355 -0.00383912
0.84795640 -0.00371021
0.85355339 -0.00358427
0.85906315 -0.00346117
0.86448431 -0.00334082
0.86981555 -0.00322310
0.87505553 -0.00310790
0.88020298 -0.00299510
0.88525662 -0.00288461
0.89021520 -0.00277633
0.89507751 -0.00267014
0.89984233 -0.00256596
0.90450850 -0.00246370
0.90907486 -0.00236328
0.91354029 -0.00226462
0.91790368 -0.00216766
0.92216396 -0.00207236
0.92632008 -0.00197865
0.93037101 -0.00188651
0.93431576 -0.00179591
0.93815334 -0.00170683
0.94188282 -0.00161928
0.94550326 -0.00153326
0.94901379 -0.00144880
0.95241353 -0.00136592
0.95570164 -0.00128466
0.95887731 -0.00120508
0.96193977 -0.00112724
0.96488824 -0.00105122
0.96772202 -0.00097708
0.97044038 -0.00090493
0.97304268 -0.00083486
0.97552826 -0.00076697
0.97789651 -0.00070138
0.98014684 -0.00063818
0.98227871 -0.00057751
0.98429158 -0.00051947
0.98618496 -0.00046420
0.98795838 -0.00041180
0.98961141 -0.00036241
0.99114363 -0.00031613
0.99255466 -0.00027307
0.99384417 -0.00023336
0.99501183 -0.00019709
0.99605735 -0.00016435
0.99698048 -0.00013525
0.99778098 -0.00010985
0.99845867 -0.00008823
0.99901336 -0.00007046
0.99944494 -0.00005658
0.99975328 -0.00004664
0.99993832 -0.00004066
1.00000000 -0.00003867
