sample_1320
1.00000000 0.00155748
0.99993832 0.00157429
0.99975328 0.00162472
0.99944494 0.00170879
0.99901336 0.00182649
0.99845867 0.00197785
0.99778098 0.00216286
0.99698048 0.00238155
0.99605735 0.00263393
0.99501183 0.00292000
0.99384417 0.00323975
0.99255466 0.00359317
0.99114363 0.00398023
0.98961141 0.00440089
0.98795838 0.00485509
0.98618496 0.00534273
0.98429158 0.00586369
0.98227871 0.00641784
0.98014684 0.00700498
0.97789651 0.00762490
0.97552826 0.00827734
0.97304268 0.00896199
0.97044038 0.00967850
0.96772202 0.01042647
0.96488824 0.01120545
0.96193977 0.01201492
0.95887731 0.01285432
0.95570164 0.01372303
0.95241353 0.01462038
0.94901379 0.01554562
0.94550326 0.01649797
0.94188282 0.01747657
0.93815334 0.01848051
0.93431576 0.01950884
0.93037101 0.02056053
0.92632008 0.02163453
0.92216396 0.02272972
0.91790368 0.02384494
0.91354029 0.02497900
0.90907486 0.02613067
0.90450850 0.02729869
0.89984233 0.02848176
0.89507751 0.02967858
0.89021520 0.03088782
0.88525662 0.03210815
0.88020298 0.03333821
0.87505553 0.03457668
0.86981555 0.03582222
0.86448431 0.03707351
0.85906315 0.03832925
0.85355339 0.03958816
0.84795640 0.04084899
0.84227355 0.04211053
0.83650626 0.04337161
0.83065593 0.04463109
0.82472402 0.04588791
0.81871199 0.04714102
0.81262133 0.04838945
0.80645353 0.04963230
0.80021011 0.05086870
0.79389263 0.05209788
0.78750263 0.05331909
0.78104169 0.05453168
0.77451141 0.05573506
0.76791340 0.05692868
0.76124928 0.05811209
0.75452071 0.05928487
0.74772933 0.06044666
0.74087684 0.06159719
0.73396491 0.06273621
0.72699525 0.06386353
0.71996958 0.06497900
0.71288965 0.06608252
0.70575718 0.06717402
0.69857395 0.06825346
0.69134172 0.06932081
0.68406228 0.07037609
0.67673742 0.07141930
0.66936896 0.07245045
0.66195871 0.07346958
0.65450850 0.07447667
0.64702016 0.07547173
0.63949555 0.07645473
0.63193652 0.07742562
0.62434494 0.07838431
0.61672268 0.07933067
0.60907162 0.08026455
0.60139365 0.08118573
0.59369066 0.08209394
0.58596455 0.08298886
0.57821723 0.08387010
0.57045062 0.08473722
0.56266662 0.08558971
0.55486716 0.08642699
0.54705416 0.08724842
0.53922955 0.08805328
0.53139526 0.08884080
0.52355323 0.08961013
0.51570538 0.09036035
0.50785366 0.09109050
0.50000000 0.09179953
0.49214634 0.09248636
0.48429462 0.09314985
0.47644677 0.09378880
0.46860474 0.09440199
0.46077045 0.09498814
0.45294584 0.09554595
0.44513284 0.09607411
0.43733338 0.09657127
0.42954938 0.09703609
0.42178277 0.09746721
0.41403545 0.09786329
0.40630934 0.09822300
0.39860635 0.09854502
0.39092838 0.09882807
0.38327732 0.09907091
0.37565506 0.09927234
0.36806348 0.09943120
0.36050445 0.09954640
0.35297984 0.09961691
0.34549150 0.09964179
0.33804129 0.09962016
0.33063104 0.09955123
0.32326258 0.09943428
0.31593772 0.09926872
0.30865828 0.09905404
0.30142605 0.09878982
0.29424282 0.09847576
0.28711035 0.09811166
0.28003042 0.09769743
0.27300475 0.09723309
0.26603509 0.09671877
0.25912316 0.09615471
0.25227067 0.09554125
0.24547929 0.09487885
0.23875072 0.09416806
0.23208660 0.09340955
0.22548859 0.09260408
0.21895831 0.09175249
0.21249737 0.09085573
0.20610737 0.08991483
0.19978989 0.08893090
0.19354647 0.08790512
0.18737867 0.08683875
0.18128801 0.08573310
0.17527598 0.08458954
0.16934407 0.08340949
0.16349374 0.08219442
0.15772645 0.08094583
0.15204360 0.07966523
0.14644661 0.07835420
0.14093685 0.07701428
0.13551569 0.07564705
0.13018445 0.07425410
0.12494447 0.07283698
0.11979702 0.07139726
0.11474338 0.06993648
0.10978480 0.06845616
0.10492249 0.06695780
0.10015767 0.06544286
0.09549150 0.06391275
0.09092514 0.06236887
0.08645971 0.06081254
0.08209632 0.05924506
0.07783604 0.05766765
0.07367992 0.05608150
0.06962899 0.05448774
0.06568424 0.05288742
0.06184666 0.05128156
0.05811718 0.04967109
0.05449674 0.04805689
0.05098621 0.04643979
0.04758647 0.04482054
0.04429836 0.04319984
0.04112269 0.04157833
0.03806023 0.03995657
0.03511176 0.03833508
0.03227798 0.03671432
0.02955962 0.03509470
0.02695732 0.03347655
0.02447174 0.03186018
0.02210349 0.03024582
0.01985316 0.02863369
0.01772129 0.02702393
0.01570842 0.02541665
0.01381504 0.02381193
0.01204162 0.02220978
0.01038859 0.02061022
0.00885637 0.01901320
0.00744534 0.01741865
0.00615583 0.01582649
0.00498817 0.01423659
0.00394265 0.01264881
0.00301952 0.01106298
0.00221902 0.00947892
0.00154133 0.00789645
0.00098664 0.00631533
0.00055506 0.00473537
0.00024672 0.00315631
0.00006168 0.00157794
0.00000000 0.00000000
0.00006168 -0.00099511
0.00024672 -0.00198946
0.00055506 -0.00298230
0.00098664 -0.00397287
0.00154133 -0.00496040
0.00221902 -0.00594413
0.00301952 -0.00692332
0.00394265 -0.00789719
0.00498817 -0.00886500
0.00615583 -0.00982598
0.00744534 -0.01077938
0.00885637 -0.01172445
0.01038859 -0.01266043
0.01204162 -0.01358658
0.01381504 -0.01450214
0.01570842 -0.01540637
0.01772129 -0.01629853
0.01985316 -0.01717788
0.02210349 -0.01804369
0.02447174 -0.01889522
0.02695732 -0.01973176
0.02955962 -0.02055258
0.03227798 -0.02135697
0.03511176 -0.02214424
0.03806023 -0.02291368
0.04112269 -0.02366462
0.04429836 -0.02439637
0.04758647 -0.02510828
0.05098621 -0.02579969
0.05449674 -0.02646997
0.05811718 -0.02711849
0.06184666 -0.02774464
0.06568424 -0.02834784
0.06962899 -0.02892751
0.07367992 -0.02948309
0.07783604 -0.03001406
0.08209632 -0.03051989
0.08645971 -0.03100011
0.09092514 -0.03145424
0.09549150 -0.03188183
0.10015767 -0.03228248
0.10492249 -0.03265580
0.10978480 -0.03300143
0.11474338 -0.03331903
0.11979702 -0.03360831
0.12494447 -0.03386900
0.13018445 -0.03410086
0.13551569 -0.03430370
0.14093685 -0.03447734
0.14644661 -0.03462166
0.15204360 -0.03473656
0.15772645 -0.03482198
0.16349374 -0.03487791
0.16934407 -0.03490437
0.17527598 -0.03490140
0.18128801 -0.03486913
0.18737867 -0.03480767
0.19354647 -0.03471721
0.19978989 -0.03459798
0.20610737 -0.03445023
0.21249737 -0.03427426
0.21895831 -0.03407043
0.22548859 -0.03383911
0.23208660 -0.03358073
0.23875072 -0.03329575
0.24547929 -0.03298469
0.25227067 -0.03264809
0.25912316 -0.03228653
0.26603509 -0.03190064
0.27300475 -0.03149108
0.28003042 -0.03105855
0.28711035 -0.03060379
0.29424282 -0.03012756
0.30142605 -0.02963067
0.30865828 -0.02911395
0.31593772 -0.02857828
0.32326258 -0.02802454
0.33063104 -0.02745366
0.33804129 -0.02686660
0.34549150 -0.02626433
0.35297984 -0.02564784
0.36050445 -0.02501817
0.36806348 -0.02437634
0.37565506 -0.02372341
0.38327732 -0.02306046
0.39092838 -0.02238857
0.39860635 -0.02170883
0.40630934 -0.02102234
0.41403545 -0.02033022
0.42178277 -0.01963358
0.42954938 -0.01893353
0.43733338 -0.01823117
0.44513284 -0.01752763
0.45294584 -0.01682400
0.46077045 -0.01612137
0.46860474 -0.01542083
0.47644677 -0.01472345
0.48429462 -0.01403027
0.49214634 -0.01334233
0.50000000 -0.01266064
0.50785366 -0.01198618
0.51570538 -0.01131993
0.52355323 -0.01066282
0.53139526 -0.01001574
0.53922955 -0.00937958
0.54705416 -0.00875516
0.55486716 -0.00814328
0.56266662 -0.00754471
0.57045062 -0.00696017
0.57821723 -0.00639034
0.58596455 -0.00583585
0.59369066 -0.00529729
0.60139365 -0.00477520
0.60907162 -0.00427009
0.61672268 -0.00378240
0.62434494 -0.00331252
0.63193652 -0.00286082
0.63949555 -0.00242757
0.64702016 -0.00201304
0.65450850 -0.00161743
0.66195871 -0.00124086
0.66936896 -0.00088344
0.67673742 -0.00054522
0.68406228 -0.00022618
0.69134172 0.00007372
0.69857395 0.00035460
0.70575718 0.00061660
0.71288965 0.00085992
0.71996958 0.00108481
0.72699525 0.00129155
0.73396491 0.00148046
0.74087684 0.00165192
0.74772933 0.00180633
0.75452071 0.00194414
0.76124928 0.00206581
0.76791340 0.00217185
0.77451141 0.00226280
0.78104169 0.00233922
0.78750263 0.00240170
0.79389263 0.00245084
0.80021011 0.00248726
0.80645353 0.00251161
0.81262133 0.00252455
0.81871199 0.00252672
0.82472402 0.00251881
0.83065593 0.00250149
0.83650626 0.00247544
0.84227355 0.00244133
0.84795640 0.00239984
0.85355339 0.00235163
0.85906315 0.00229736
0.86448431 0.00223768
0.86981555 0.00217321
0.87505553 0.00210458
0.88020298 0.00203239
0.88525662 0.00195722
0.89021520 0.00187962
0.89507751 0.00180013
0.89984233 0.00171926
0.90450850 0.00163750
0.90907486 0.00155530
0.91354029 0.00147309
0.91790368 0.00139128
0.92216396 0.00131024
0.92632008 0.00123031
0.93037101 0.00115179
0.93431576 0.00107498
0.93815334 0.00100013
0.94188282 0.00092746
0.94550326 0.00085715
0.94901379 0.00078939
0.95241353 0.00072429
0.95570164 0.00066199
0.95887731 0.00060255
0.96193977 0.00054605
0.96488824 0.00049252
0.96772202 0.00044197
0.97044038 0.00039441
0.97304268 0.00034981
0.97552826 0.00030814
0.97789651 0.00026934
0.98014684 0.00023335
0.98227871 0.00020009
0.98429158 0.00016947
0.98618496 0.00014140
0.98795838 0.00011579
0.98961141 0.00009253
0.99114363 0.00007152
0.99255466 0.00005265
0.99384417 0.00003583
0.99501183 0.00002094
0.99605735 0.00000791
0.99698048 -0.00000337
0.99778098 -0.00001297
0.99845867 -0.00002096
0.99901336 -0.00002741
0.99944494 -0.00003237
0.99975328 -0.00003588
0.99993832 -0.00003797
1.00000000 -0.00003867
