sample_486
1.00000000 0.00155748
0.99993832 0.00157513
0.99975328 0.00162807
0.99944494 0.00171632
0.99901336 0.00183989
0.99845867 0.00199880
0.99778098 0.00219307
0.99698048 0.00242272
0.99605735 0.00268777
0.99501183 0.00298823
0.99384417 0.00332413
0.99255466 0.00369546
0.99114363 0.00410221
0.98961141 0.00454435
0.98795838 0.00502184
0.98618496 0.00553462
0.98429158 0.00608257
0.98227871 0.00666559
0.98014684 0.00728351
0.97789651 0.00793613
0.97552826 0.00862321
0.97304268 0.00934447
0.97044038 0.01009957
0.96772202 0.01088813
0.96488824 0.01170972
0.96193977 0.01256383
0.95887731 0.01344992
0.95570164 0.01436736
0.95241353 0.01531549
0.94901379 0.01629357
0.94550326 0.01730079
0.94188282 0.01833629
0.93815334 0.01939915
0.93431576 0.02048837
0.93037101 0.02160291
0.92632008 0.02274166
0.92216396 0.02390345
0.91790368 0.02508707
0.91354029 0.02629125
0.90907486 0.02751469
0.90450850 0.02875602
0.89984233 0.03001386
0.89507751 0.03128677
0.89021520 0.03257332
0.88525662 0.03387202
0.88020298 0.03518139
0.87505553 0.03649993
0.86981555 0.03782612
0.86448431 0.03915847
0.85906315 0.04049548
0.85355339 0.04183566
0.84795640 0.04317755
0.84227355 0.04451971
0.83650626 0.04586074
0.83065593 0.04719926
0.82472402 0.04853394
0.81871199 0.04986349
0.81262133 0.05118669
0.80645353 0.05250235
0.80021011 0.05380936
0.79389263 0.05510665
0.78750263 0.05639323
0.78104169 0.05766818
0.77451141 0.05893063
0.76791340 0.06017979
0.76124928 0.06141494
0.75452071 0.06263544
0.74772933 0.06384069
0.74087684 0.06503019
0.73396491 0.06620348
0.72699525 0.06736019
0.71996958 0.06849999
0.71288965 0.06962260
0.70575718 0.07072782
0.69857395 0.07181549
0.69134172 0.07288548
0.68406228 0.07393771
0.67673742 0.07497213
0.66936896 0.07598874
0.66195871 0.07698751
0.65450850 0.07796849
0.64702016 0.07893169
0.63949555 0.07987715
0.63193652 0.08080489
0.62434494 0.08171494
0.61672268 0.08260729
0.60907162 0.08348194
0.60139365 0.08433882
0.59369066 0.08517788
0.58596455 0.08599898
0.57821723 0.08680196
0.57045062 0.08758662
0.56266662 0.08835270
0.55486716 0.08909988
0.54705416 0.08982779
0.53922955 0.09053598
0.53139526 0.09122397
0.52355323 0.09189118
0.51570538 0.09253700
0.50785366 0.09316072
0.50000000 0.09376159
0.49214634 0.09433879
0.48429462 0.09489144
0.47644677 0.09541859
0.46860474 0.09591926
0.46077045 0.09639239
0.45294584 0.09683689
0.44513284 0.09725162
0.43733338 0.09763540
0.42954938 0.09798704
0.42178277 0.09830530
0.41403545 0.09858894
0.40630934 0.09883668
0.39860635 0.09904728
0.39092838 0.09921947
0.38327732 0.09935200
0.37565506 0.09944364
0.36806348 0.09949321
0.36050445 0.09949953
0.35297984 0.09946149
0.34549150 0.09937802
0.33804129 0.09924811
0.33063104 0.09907082
0.32326258 0.09884529
0.31593772 0.09857074
0.30865828 0.09824647
0.30142605 0.09787189
0.29424282 0.09744649
0.28711035 0.09696989
0.28003042 0.09644180
0.27300475 0.09586206
0.26603509 0.09523061
0.25912316 0.09454754
0.25227067 0.09381304
0.24547929 0.09302742
0.23875072 0.09219115
0.23208660 0.09130480
0.22548859 0.09036906
0.21895831 0.08938477
0.21249737 0.08835287
0.20610737 0.08727444
0.19978989 0.08615066
0.19354647 0.08498283
0.18737867 0.08377237
0.18128801 0.08252078
0.17527598 0.08122969
0.16934407 0.07990079
0.16349374 0.07853588
0.15772645 0.07713683
0.15204360 0.07570557
0.14644661 0.07424410
0.14093685 0.07275449
0.13551569 0.07123884
0.13018445 0.06969929
0.12494447 0.06813800
0.11979702 0.06655717
0.11474338 0.06495899
0.10978480 0.06334567
0.10492249 0.06171938
0.10015767 0.06008231
0.09549150 0.05843660
0.09092514 0.05678436
0.08645971 0.05512765
0.08209632 0.05346850
0.07783604 0.05180885
0.07367992 0.05015060
0.06962899 0.04849554
0.06568424 0.04684541
0.06184666 0.04520184
0.05811718 0.04356638
0.05449674 0.04194046
0.05098621 0.04032543
0.04758647 0.03872250
0.04429836 0.03713279
0.04112269 0.03555729
0.03806023 0.03399688
0.03511176 0.03245229
0.03227798 0.03092416
0.02955962 0.02941299
0.02695732 0.02791915
0.02447174 0.02644290
0.02210349 0.02498435
0.01985316 0.02354352
0.01772129 0.02212028
0.01570842 0.02071440
0.01381504 0.01932552
0.01204162 0.01795320
0.01038859 0.01659685
0.00885637 0.01525581
0.00744534 0.01392931
0.00615583 0.01261650
0.00498817 0.01131642
0.00394265 0.01002806
0.00301952 0.00875032
0.00221902 0.00748204
0.00154133 0.00622202
0.00098664 0.00496897
0.00055506 0.00372160
0.00024672 0.00247856
0.00006168 0.00123849
0.00000000 0.00000000
0.00006168 -0.00094360
0.00024672 -0.00188509
0.00055506 -0.00282235
0.00098664 -0.00375332
0.00154133 -0.00467591
0.00221902 -0.00558812
0.00301952 -0.00648799
0.00394265 -0.00737358
0.00498817 -0.00824307
0.00615583 -0.00909469
0.00744534 -0.00992674
0.00885637 -0.01073762
0.01038859 -0.01152585
0.01204162 -0.01229002
0.01381504 -0.01302883
0.01570842 -0.01374113
0.01772129 -0.01442583
0.01985316 -0.01508202
0.02210349 -0.01570886
0.02447174 -0.01630567
0.02695732 -0.01687189
0.02955962 -0.01740707
0.03227798 -0.01791091
0.03511176 -0.01838321
0.03806023 -0.01882391
0.04112269 -0.01923306
0.04429836 -0.01961084
0.04758647 -0.01995752
0.05098621 -0.02027352
0.05449674 -0.02055931
0.05811718 -0.02081551
0.06184666 -0.02104278
0.06568424 -0.02124192
0.06962899 -0.02141376
0.07367992 -0.02155923
0.07783604 -0.02167932
0.08209632 -0.02177507
0.08645971 -0.02184756
0.09092514 -0.02189793
0.09549150 -0.02192734
0.10015767 -0.02193698
0.10492249 -0.02192804
0.10978480 -0.02190174
0.11474338 -0.02185928
0.11979702 -0.02180187
0.12494447 -0.02173070
0.13018445 -0.02164693
0.13551569 -0.02155170
0.14093685 -0.02144613
0.14644661 -0.02133127
0.15204360 -0.02120816
0.15772645 -0.02107776
0.16349374 -0.02094099
0.16934407 -0.02079871
0.17527598 -0.02065174
0.18128801 -0.02050080
0.18737867 -0.02034658
0.19354647 -0.02018968
0.19978989 -0.02003065
0.20610737 -0.01986997
0.21249737 -0.01970804
0.21895831 -0.01954522
0.22548859 -0.01938177
0.23208660 -0.01921793
0.23875072 -0.01905384
0.24547929 -0.01888962
0.25227067 -0.01872529
0.25912316 -0.01856088
0.26603509 -0.01839631
0.27300475 -0.01823150
0.28003042 -0.01806632
0.28711035 -0.01790061
0.29424282 -0.01773416
0.30142605 -0.01756677
0.30865828 -0.01739819
0.31593772 -0.01722817
0.32326258 -0.01705646
0.33063104 -0.01688279
0.33804129 -0.01670689
0.34549150 -0.01652850
0.35297984 -0.01634738
0.36050445 -0.01616328
0.36806348 -0.01597599
0.37565506 -0.01578530
0.38327732 -0.01559105
0.39092838 -0.01539308
0.39860635 -0.01519128
0.40630934 -0.01498557
0.41403545 -0.01477590
0.42178277 -0.01456225
0.42954938 -0.01434465
0.43733338 -0.01412316
0.44513284 -0.01389788
0.45294584 -0.01366895
0.46077045 -0.01343655
0.46860474 -0.01320089
0.47644677 -0.01296223
0.48429462 -0.01272085
0.49214634 -0.01247706
0.50000000 -0.01223121
0.50785366 -0.01198369
0.51570538 -0.01173489
0.52355323 -0.01148524
0.53139526 -0.01123517
0.53922955 -0.01098515
0.54705416 -0.01073565
0.55486716 -0.01048714
0.56266662 -0.01024012
0.57045062 -0.00999506
0.57821723 -0.00975246
0.58596455 -0.00951278
0.59369066 -0.00927649
0.60139365 -0.00904404
0.60907162 -0.00881588
0.61672268 -0.00859241
0.62434494 -0.00837403
0.63193652 -0.00816111
0.63949555 -0.00795397
0.64702016 -0.00775292
0.65450850 -0.00755823
0.66195871 -0.00737013
0.66936896 -0.00718882
0.67673742 -0.00701445
0.68406228 -0.00684714
0.69134172 -0.00668696
0.69857395 -0.00653394
0.70575718 -0.00638808
0.71288965 -0.00624931
0.71996958 -0.00611755
0.72699525 -0.00599267
0.73396491 -0.00587448
0.74087684 -0.00576278
0.74772933 -0.00565733
0.75452071 -0.00555784
0.76124928 -0.00546400
0.76791340 -0.00537547
0.77451141 -0.00529188
0.78104169 -0.00521284
0.78750263 -0.00513793
0.79389263 -0.00506672
0.80021011 -0.00499878
0.80645353 -0.00493364
0.81262133 -0.00487083
0.81871199 -0.00480990
0.82472402 -0.00475038
0.83065593 -0.00469179
0.83650626 -0.00463369
0.84227355 -0.00457562
0.84795640 -0.00451715
0.85355339 -0.00445786
0.85906315 -0.00439736
0.86448431 -0.00433525
0.86981555 -0.00427121
0.87505553 -0.00420489
0.88020298 -0.00413601
0.88525662 -0.00406431
0.89021520 -0.00398956
0.89507751 -0.00391157
0.89984233 -0.00383019
0.90450850 -0.00374530
0.90907486 -0.00365682
0.91354029 -0.00356471
0.91790368 -0.00346899
0.92216396 -0.00336970
0.92632008 -0.00326691
0.93037101 -0.00316075
0.93431576 -0.00305138
0.93815334 -0.00293899
0.94188282 -0.00282383
0.94550326 -0.00270615
0.94901379 -0.00258627
0.95241353 -0.00246450
0.95570164 -0.00234121
0.95887731 -0.00221679
0.96193977 -0.00209163
0.96488824 -0.00196618
0.96772202 -0.00184087
0.97044038 -0.00171616
0.97304268 -0.00159254
0.97552826 -0.00147047
0.97789651 -0.00135045
0.98014684 -0.00123295
0.98227871 -0.00111848
0.98429158 -0.00100751
0.98618496 -0.00090052
0.98795838 -0.00079796
0.98961141 -0.00070030
0.99114363 -0.00060796
0.99255466 -0.00052135
0.99384417 -0.00044087
0.99501183 -0.00036689
0.99605735 -0.00029974
0.99698048 -0.00023973
0.99778098 -0.00018714
0.99845867 -0.00014222
0.99901336 -0.00010518
0.99944494 -0.00007618
0.99975328 -0.00005538
0.99993832 -0.00004285
1.00000000 -0.00003867
