sample_136
1.00000000 0.00155748
0.99993832 0.00157272
0.99975328 0.00161845
0.99944494 0.00169463
0.99901336 0.00180125
0.99845867 0.00193825
0.99778098 0.00210559
0.99698048 0.00230319
0.99605735 0.00253097
0.99501183 0.00278884
0.99384417 0.00307667
0.99255466 0.00339435
0.99114363 0.00374171
0.98961141 0.00411861
0.98795838 0.00452485
0.98618496 0.00496023
0.98429158 0.00542452
0.98227871 0.00591749
0.98014684 0.00643887
0.97789651 0.00698836
0.97552826 0.00756565
0.97304268 0.00817040
0.97044038 0.00880226
0.96772202 0.00946083
0.96488824 0.01014570
0.96193977 0.01085645
0.95887731 0.01159260
0.95570164 0.01235368
0.95241353 0.01313918
0.94901379 0.01394857
0.94550326 0.01478130
0.94188282 0.01563680
0.93815334 0.01651448
0.93431576 0.01741372
0.93037101 0.01833391
0.92632008 0.01927439
0.92216396 0.02023452
0.91790368 0.02121363
0.91354029 0.02221104
0.90907486 0.02322608
0.90450850 0.02425804
0.89984233 0.02530624
0.89507751 0.02636997
0.89021520 0.02744855
0.88525662 0.02854128
0.88020298 0.02964746
0.87505553 0.03076641
0.86981555 0.03189744
0.86448431 0.03303989
0.85906315 0.03419307
0.85355339 0.03535635
0.84795640 0.03652906
0.84227355 0.03771057
0.83650626 0.03890025
0.83065593 0.04009748
0.82472402 0.04130166
0.81871199 0.04251218
0.81262133 0.04372845
0.80645353 0.04494989
0.80021011 0.04617592
0.79389263 0.04740595
0.78750263 0.04863941
0.78104169 0.04987573
0.77451141 0.05111433
0.76791340 0.05235462
0.76124928 0.05359600
0.75452071 0.05483787
0.74772933 0.05607962
0.74087684 0.05732060
0.73396491 0.05856015
0.72699525 0.05979760
0.71996958 0.06103225
0.71288965 0.06226334
0.70575718 0.06349013
0.69857395 0.06471180
0.69134172 0.06592751
0.68406228 0.06713639
0.67673742 0.06833753
0.66936896 0.06952996
0.66195871 0.07071267
0.65450850 0.07188463
0.64702016 0.07304474
0.63949555 0.07419186
0.63193652 0.07532482
0.62434494 0.07644240
0.61672268 0.07754334
0.60907162 0.07862632
0.60139365 0.07969002
0.59369066 0.08073307
0.58596455 0.08175407
0.57821723 0.08275158
0.57045062 0.08372417
0.56266662 0.08467037
0.55486716 0.08558870
0.54705416 0.08647768
0.53922955 0.08733584
0.53139526 0.08816170
0.52355323 0.08895381
0.51570538 0.08971072
0.50785366 0.09043103
0.50000000 0.09111336
0.49214634 0.09175639
0.48429462 0.09235881
0.47644677 0.09291942
0.46860474 0.09343705
0.46077045 0.09391059
0.45294584 0.09433905
0.44513284 0.09472148
0.43733338 0.09505705
0.42954938 0.09534500
0.42178277 0.09558469
0.41403545 0.09577558
0.40630934 0.09591723
0.39860635 0.09600932
0.39092838 0.09605165
0.38327732 0.09604413
0.37565506 0.09598678
0.36806348 0.09587975
0.36050445 0.09572332
0.35297984 0.09551786
0.34549150 0.09526388
0.33804129 0.09496199
0.33063104 0.09461292
0.32326258 0.09421750
0.31593772 0.09377667
0.30865828 0.09329145
0.30142605 0.09276298
0.29424282 0.09219245
0.28711035 0.09158115
0.28003042 0.09093044
0.27300475 0.09024172
0.26603509 0.08951647
0.25912316 0.08875618
0.25227067 0.08796241
0.24547929 0.08713672
0.23875072 0.08628070
0.23208660 0.08539592
0.22548859 0.08448398
0.21895831 0.08354644
0.21249737 0.08258485
0.20610737 0.08160073
0.19978989 0.08059554
0.19354647 0.07957072
0.18737867 0.07852763
0.18128801 0.07746757
0.17527598 0.07639177
0.16934407 0.07530139
0.16349374 0.07419749
0.15772645 0.07308107
0.15204360 0.07195300
0.14644661 0.07081410
0.14093685 0.06966505
0.13551569 0.06850647
0.13018445 0.06733885
0.12494447 0.06616260
0.11979702 0.06497803
0.11474338 0.06378535
0.10978480 0.06258468
0.10492249 0.06137606
0.10015767 0.06015942
0.09549150 0.05893464
0.09092514 0.05770151
0.08645971 0.05645976
0.08209632 0.05520906
0.07783604 0.05394902
0.07367992 0.05267922
0.06962899 0.05139919
0.06568424 0.05010844
0.06184666 0.04880647
0.05811718 0.04749273
0.05449674 0.04616673
0.05098621 0.04482794
0.04758647 0.04347586
0.04429836 0.04211003
0.04112269 0.04073001
0.03806023 0.03933540
0.03511176 0.03792586
0.03227798 0.03650108
0.02955962 0.03506085
0.02695732 0.03360500
0.02447174 0.03213345
0.02210349 0.03064619
0.01985316 0.02914328
0.01772129 0.02762489
0.01570842 0.02609125
0.01381504 0.02454271
0.01204162 0.02297967
0.01038859 0.02140264
0.00885637 0.01981221
0.00744534 0.01820907
0.00615583 0.01659396
0.00498817 0.01496773
0.00394265 0.01333127
0.00301952 0.01168557
0.00221902 0.01003166
0.00154133 0.00837063
0.00098664 0.00670363
0.00055506 0.00503184
0.00024672 0.00335648
0.00006168 0.00167878
0.00000000 0.00000000
0.00006168 -0.00119056
0.00024672 -0.00237951
0.00055506 -0.00356527
0.00098664 -0.00474623
0.00154133 -0.00592082
0.00221902 -0.00708747
0.00301952 -0.00824465
0.00394265 -0.00939084
0.00498817 -0.01052455
0.00615583 -0.01164433
0.00744534 -0.01274877
0.00885637 -0.01383649
0.01038859 -0.01490617
0.01204162 -0.01595653
0.01381504 -0.01698634
0.01570842 -0.01799444
0.01772129 -0.01897970
0.01985316 -0.01994108
0.02210349 -0.02087759
0.02447174 -0.02178831
0.02695732 -0.02267240
0.02955962 -0.02352906
0.03227798 -0.02435760
0.03511176 -0.02515738
0.03806023 -0.02592785
0.04112269 -0.02666854
0.04429836 -0.02737903
0.04758647 -0.02805902
0.05098621 -0.02870825
0.05449674 -0.02932657
0.05811718 -0.02991389
0.06184666 -0.03047020
0.06568424 -0.03099558
0.06962899 -0.03149016
0.07367992 -0.03195418
0.07783604 -0.03238791
0.08209632 -0.03279173
0.08645971 -0.03316606
0.09092514 -0.03351139
0.09549150 -0.03382829
0.10015767 -0.03411735
0.10492249 -0.03437926
0.10978480 -0.03461473
0.11474338 -0.03482451
0.11979702 -0.03500943
0.12494447 -0.03517033
0.13018445 -0.03530808
0.13551569 -0.03542359
0.14093685 -0.03551780
0.14644661 -0.03559165
0.15204360 -0.03564610
0.15772645 -0.03568212
0.16349374 -0.03570070
0.16934407 -0.03570281
0.17527598 -0.03568940
0.18128801 -0.03566144
0.18737867 -0.03561987
0.19354647 -0.03556561
0.19978989 -0.03549954
0.20610737 -0.03542253
0.21249737 -0.03533541
0.21895831 -0.03523898
0.22548859 -0.03513398
0.23208660 -0.03502112
0.23875072 -0.03490106
0.24547929 -0.03477441
0.25227067 -0.03464173
0.25912316 -0.03450352
0.26603509 -0.03436023
0.27300475 -0.03421226
0.28003042 -0.03405993
0.28711035 -0.03390353
0.29424282 -0.03374328
0.30142605 -0.03357934
0.30865828 -0.03341183
0.31593772 -0.03324080
0.32326258 -0.03306625
0.33063104 -0.03288813
0.33804129 -0.03270636
0.34549150 -0.03252078
0.35297984 -0.03233123
0.36050445 -0.03213748
0.36806348 -0.03193927
0.37565506 -0.03173632
0.38327732 -0.03152832
0.39092838 -0.03131494
0.39860635 -0.03109582
0.40630934 -0.03087060
0.41403545 -0.03063890
0.42178277 -0.03040036
0.42954938 -0.03015458
0.43733338 -0.02990120
0.44513284 -0.02963986
0.45294584 -0.02937022
0.46077045 -0.02909193
0.46860474 -0.02880471
0.47644677 -0.02850826
0.48429462 -0.02820235
0.49214634 -0.02788676
0.50000000 -0.02756132
0.50785366 -0.02722588
0.51570538 -0.02688036
0.52355323 -0.02652471
0.53139526 -0.02615893
0.53922955 -0.02578306
0.54705416 -0.02539720
0.55486716 -0.02500150
0.56266662 -0.02459616
0.57045062 -0.02418142
0.57821723 -0.02375758
0.58596455 -0.02332498
0.59369066 -0.02288403
0.60139365 -0.02243515
0.60907162 -0.02197883
0.61672268 -0.02151559
0.62434494 -0.02104601
0.63193652 -0.02057067
0.63949555 -0.02009020
0.64702016 -0.01960528
0.65450850 -0.01911659
0.66195871 -0.01862483
0.66936896 -0.01813073
0.67673742 -0.01763503
0.68406228 -0.01713848
0.69134172 -0.01664184
0.69857395 -0.01614587
0.70575718 -0.01565131
0.71288965 -0.01515892
0.71996958 -0.01466943
0.72699525 -0.01418357
0.73396491 -0.01370203
0.74087684 -0.01322549
0.74772933 -0.01275461
0.75452071 -0.01229002
0.76124928 -0.01183230
0.76791340 -0.01138203
0.77451141 -0.01093972
0.78104169 -0.01050585
0.78750263 -0.01008087
0.79389263 -0.00966519
0.80021011 -0.00925916
0.80645353 -0.00886310
0.81262133 -0.00847727
0.81871199 -0.00810191
0.82472402 -0.00773720
0.83065593 -0.00738328
0.83650626 -0.00704025
0.84227355 -0.00670816
0.84795640 -0.00638702
0.85355339 -0.00607683
0.85906315 -0.00577751
0.86448431 -0.00548898
0.86981555 -0.00521110
0.87505553 -0.00494373
0.88020298 -0.00468668
0.88525662 -0.00443974
0.89021520 -0.00420270
0.89507751 -0.00397529
0.89984233 -0.00375725
0.90450850 -0.00354832
0.90907486 -0.00334821
0.91354029 -0.00315661
0.91790368 -0.00297324
0.92216396 -0.00279779
0.92632008 -0.00262996
0.93037101 -0.00246947
0.93431576 -0.00231600
0.93815334 -0.00216929
0.94188282 -0.00202906
0.94550326 -0.00189504
0.94901379 -0.00176697
0.95241353 -0.00164463
0.95570164 -0.00152779
0.95887731 -0.00141623
0.96193977 -0.00130977
0.96488824 -0.00120823
0.96772202 -0.00111145
0.97044038 -0.00101929
0.97304268 -0.00093162
0.97552826 -0.00084833
0.97789651 -0.00076933
0.98014684 -0.00069454
0.98227871 -0.00062389
0.98429158 -0.00055733
0.98618496 -0.00049482
0.98795838 -0.00043633
0.98961141 -0.00038183
0.99114363 -0.00033133
0.99255466 -0.00028482
0.99384417 -0.00024229
0.99501183 -0.00020375
0.99605735 -0.00016922
0.99698048 -0.00013870
0.99778098 -0.00011222
0.99845867 -0.00008978
0.99901336 -0.00007140
0.99944494 -0.00005709
0.99975328 -0.00004686
0.99993832 -0.00004072
1.00000000 -0.00003867
