sample_831
1.00000000 0.00155748
0.99993832 0.00156965
0.99975328 0.00160618
0.99944494 0.00166715
0.99901336 0.00175266
0.99845867 0.00186288
0.99778098 0.00199800
0.99698048 0.00215827
0.99605735 0.00234397
0.99501183 0.00255540
0.99384417 0.00279292
0.99255466 0.00305689
0.99114363 0.00334771
0.98961141 0.00366580
0.98795838 0.00401158
0.98618496 0.00438549
0.98429158 0.00478798
0.98227871 0.00521949
0.98014684 0.00568046
0.97789651 0.00617131
0.97552826 0.00669246
0.97304268 0.00724430
0.97044038 0.00782719
0.96772202 0.00844147
0.96488824 0.00908744
0.96193977 0.00976536
0.95887731 0.01047544
0.95570164 0.01121786
0.95241353 0.01199274
0.94901379 0.01280014
0.94550326 0.01364006
0.94188282 0.01451246
0.93815334 0.01541723
0.93431576 0.01635418
0.93037101 0.01732309
0.92632008 0.01832364
0.92216396 0.01935546
0.91790368 0.02041813
0.91354029 0.02151113
0.90907486 0.02263392
0.90450850 0.02378585
0.89984233 0.02496626
0.89507751 0.02617437
0.89021520 0.02740941
0.88525662 0.02867049
0.88020298 0.02995671
0.87505553 0.03126711
0.86981555 0.03260068
0.86448431 0.03395636
0.85906315 0.03533306
0.85355339 0.03672965
0.84795640 0.03814495
0.84227355 0.03957776
0.83650626 0.04102686
0.83065593 0.04249099
0.82472402 0.04396887
0.81871199 0.04545920
0.81262133 0.04696066
0.80645353 0.04847191
0.80021011 0.04999161
0.79389263 0.05151840
0.78750263 0.05305090
0.78104169 0.05458774
0.77451141 0.05612752
0.76791340 0.05766885
0.76124928 0.05921032
0.75452071 0.06075054
0.74772933 0.06228808
0.74087684 0.06382152
0.73396491 0.06534944
0.72699525 0.06687041
0.71996958 0.06838299
0.71288965 0.06988574
0.70575718 0.07137721
0.69857395 0.07285595
0.69134172 0.07432047
0.68406228 0.07576932
0.67673742 0.07720102
0.66936896 0.07861406
0.66195871 0.08000696
0.65450850 0.08137820
0.64702016 0.08272627
0.63949555 0.08404965
0.63193652 0.08534681
0.62434494 0.08661621
0.61672268 0.08785631
0.60907162 0.08906558
0.60139365 0.09024246
0.59369066 0.09138543
0.58596455 0.09249295
0.57821723 0.09356349
0.57045062 0.09459554
0.56266662 0.09558760
0.55486716 0.09653820
0.54705416 0.09744589
0.53922955 0.09830925
0.53139526 0.09912688
0.52355323 0.09989744
0.51570538 0.10061963
0.50785366 0.10129220
0.50000000 0.10191396
0.49214634 0.10248378
0.48429462 0.10300060
0.47644677 0.10346344
0.46860474 0.10387139
0.46077045 0.10422364
0.45294584 0.10451946
0.44513284 0.10475823
0.43733338 0.10493941
0.42954938 0.10506259
0.42178277 0.10512747
0.41403545 0.10513385
0.40630934 0.10508165
0.39860635 0.10497093
0.39092838 0.10480185
0.38327732 0.10457471
0.37565506 0.10428992
0.36806348 0.10394803
0.36050445 0.10354971
0.35297984 0.10309574
0.34549150 0.10258704
0.33804129 0.10202465
0.33063104 0.10140971
0.32326258 0.10074348
0.31593772 0.10002732
0.30865828 0.09926270
0.30142605 0.09845118
0.29424282 0.09759440
0.28711035 0.09669410
0.28003042 0.09575208
0.27300475 0.09477019
0.26603509 0.09375036
0.25912316 0.09269455
0.25227067 0.09160476
0.24547929 0.09048303
0.23875072 0.08933139
0.23208660 0.08815190
0.22548859 0.08694660
0.21895831 0.08571753
0.21249737 0.08446670
0.20610737 0.08319609
0.19978989 0.08190763
0.19354647 0.08060321
0.18737867 0.07928466
0.18128801 0.07795372
0.17527598 0.07661209
0.16934407 0.07526135
0.16349374 0.07390302
0.15772645 0.07253852
0.15204360 0.07116915
0.14644661 0.06979613
0.14093685 0.06842056
0.13551569 0.06704344
0.13018445 0.06566565
0.12494447 0.06428797
0.11979702 0.06291105
0.11474338 0.06153545
0.10978480 0.06016159
0.10492249 0.05878982
0.10015767 0.05742037
0.09549150 0.05605337
0.09092514 0.05468886
0.08645971 0.05332677
0.08209632 0.05196699
0.07783604 0.05060929
0.07367992 0.04925341
0.06962899 0.04789899
0.06568424 0.04654564
0.06184666 0.04519293
0.05811718 0.04384037
0.05449674 0.04248745
0.05098621 0.04113366
0.04758647 0.03977846
0.04429836 0.03842129
0.04112269 0.03706163
0.03806023 0.03569895
0.03511176 0.03433275
0.03227798 0.03296254
0.02955962 0.03158789
0.02695732 0.03020838
0.02447174 0.02882367
0.02210349 0.02743344
0.01985316 0.02603744
0.01772129 0.02463548
0.01570842 0.02322742
0.01381504 0.02181319
0.01204162 0.02039278
0.01038859 0.01896626
0.00885637 0.01753374
0.00744534 0.01609542
0.00615583 0.01465154
0.00498817 0.01320241
0.00394265 0.01174841
0.00301952 0.01028995
0.00221902 0.00882749
0.00154133 0.00736156
0.00098664 0.00589269
0.00055506 0.00442149
0.00024672 0.00294855
0.00006168 0.00147450
0.00000000 0.00000000
0.00006168 -0.00058978
0.00024672 -0.00117956
0.00055506 -0.00176930
0.00098664 -0.00235898
0.00154133 -0.00294857
0.00221902 -0.00353801
0.00301952 -0.00412725
0.00394265 -0.00471620
0.00498817 -0.00530477
0.00615583 -0.00589282
0.00744534 -0.00648021
0.00885637 -0.00706676
0.01038859 -0.00765227
0.01204162 -0.00823650
0.01381504 -0.00881918
0.01570842 -0.00940001
0.01772129 -0.00997866
0.01985316 -0.01055476
0.02210349 -0.01112792
0.02447174 -0.01169769
0.02695732 -0.01226362
0.02955962 -0.01282521
0.03227798 -0.01338193
0.03511176 -0.01393321
0.03806023 -0.01447849
0.04112269 -0.01501714
0.04429836 -0.01554854
0.04758647 -0.01607203
0.05098621 -0.01658695
0.05449674 -0.01709260
0.05811718 -0.01758829
0.06184666 -0.01807331
0.06568424 -0.01854696
0.06962899 -0.01900852
0.07367992 -0.01945728
0.07783604 -0.01989254
0.08209632 -0.02031362
0.08645971 -0.02071981
0.09092514 -0.02111047
0.09549150 -0.02148495
0.10015767 -0.02184264
0.10492249 -0.02218293
0.10978480 -0.02250529
0.11474338 -0.02280917
0.11979702 -0.02309409
0.12494447 -0.02335961
0.13018445 -0.02360533
0.13551569 -0.02383087
0.14093685 -0.02403594
0.14644661 -0.02422028
0.15204360 -0.02438366
0.15772645 -0.02452593
0.16349374 -0.02464699
0.16934407 -0.02474678
0.17527598 -0.02482531
0.18128801 -0.02488264
0.18737867 -0.02491888
0.19354647 -0.02493420
0.19978989 -0.02492881
0.20610737 -0.02490299
0.21249737 -0.02485706
0.21895831 -0.02479140
0.22548859 -0.02470642
0.23208660 -0.02460259
0.23875072 -0.02448042
0.24547929 -0.02434046
0.25227067 -0.02418329
0.25912316 -0.02400954
0.26603509 -0.02381987
0.27300475 -0.02361494
0.28003042 -0.02339548
0.28711035 -0.02316222
0.29424282 -0.02291590
0.30142605 -0.02265729
0.30865828 -0.02238718
0.31593772 -0.02210633
0.32326258 -0.02181556
0.33063104 -0.02151564
0.33804129 -0.02120738
0.34549150 -0.02089156
0.35297984 -0.02056896
0.36050445 -0.02024035
0.36806348 -0.01990649
0.37565506 -0.01956811
0.38327732 -0.01922594
0.39092838 -0.01888068
0.39860635 -0.01853300
0.40630934 -0.01818356
0.41403545 -0.01783297
0.42178277 -0.01748185
0.42954938 -0.01713076
0.43733338 -0.01678023
0.44513284 -0.01643076
0.45294584 -0.01608285
0.46077045 -0.01573691
0.46860474 -0.01539337
0.47644677 -0.01505259
0.48429462 -0.01471492
0.49214634 -0.01438067
0.50000000 -0.01405012
0.50785366 -0.01372351
0.51570538 -0.01340106
0.52355323 -0.01308296
0.53139526 -0.01276937
0.53922955 -0.01246042
0.54705416 -0.01215621
0.55486716 -0.01185683
0.56266662 -0.01156234
0.57045062 -0.01127277
0.57821723 -0.01098814
0.58596455 -0.01070846
0.59369066 -0.01043371
0.60139365 -0.01016385
0.60907162 -0.00989884
0.61672268 -0.00963864
0.62434494 -0.00938316
0.63193652 -0.00913235
0.63949555 -0.00888612
0.64702016 -0.00864438
0.65450850 -0.00840705
0.66195871 -0.00817403
0.66936896 -0.00794523
0.67673742 -0.00772057
0.68406228 -0.00749993
0.69134172 -0.00728325
0.69857395 -0.00707042
0.70575718 -0.00686136
0.71288965 -0.00665600
0.71996958 -0.00645425
0.72699525 -0.00625605
0.73396491 -0.00606132
0.74087684 -0.00587002
0.74772933 -0.00568208
0.75452071 -0.00549746
0.76124928 -0.00531612
0.76791340 -0.00513802
0.77451141 -0.00496312
0.78104169 -0.00479141
0.78750263 -0.00462287
0.79389263 -0.00445747
0.80021011 -0.00429522
0.80645353 -0.00413610
0.81262133 -0.00398011
0.81871199 -0.00382726
0.82472402 -0.00367755
0.83065593 -0.00353099
0.83650626 -0.00338758
0.84227355 -0.00324734
0.84795640 -0.00311027
0.85355339 -0.00297640
0.85906315 -0.00284572
0.86448431 -0.00271826
0.86981555 -0.00259402
0.87505553 -0.00247301
0.88020298 -0.00235524
0.88525662 -0.00224071
0.89021520 -0.00212943
0.89507751 -0.00202140
0.89984233 -0.00191662
0.90450850 -0.00181507
0.90907486 -0.00171676
0.91354029 -0.00162167
0.91790368 -0.00152979
0.92216396 -0.00144110
0.92632008 -0.00135557
0.93037101 -0.00127319
0.93431576 -0.00119392
0.93815334 -0.00111773
0.94188282 -0.00104459
0.94550326 -0.00097447
0.94901379 -0.00090731
0.95241353 -0.00084308
0.95570164 -0.00078174
0.95887731 -0.00072324
0.96193977 -0.00066753
0.96488824 -0.00061455
0.96772202 -0.00056427
0.97044038 -0.00051662
0.97304268 -0.00047156
0.97552826 -0.00042903
0.97789651 -0.00038898
0.98014684 -0.00035136
0.98227871 -0.00031611
0.98429158 -0.00028319
0.98618496 -0.00025254
0.98795838 -0.00022412
0.98961141 -0.00019788
0.99114363 -0.00017378
0.99255466 -0.00015177
0.99384417 -0.00013181
0.99501183 -0.00011387
0.99605735 -0.00009792
0.99698048 -0.00008392
0.99778098 -0.00007184
0.99845867 -0.00006166
0.99901336 -0.00005336
0.99944494 -0.00004692
0.99975328 -0.00004233
0.99993832 -0.00003959
1.00000000 -0.00003867
