sample_1125
1.00000000 0.00155748
0.99993832 0.00157240
0.99975328 0.00161717
0.99944494 0.00169182
0.99901336 0.00179641
0.99845867 0.00193101
0.99778098 0.00209570
0.99698048 0.00229059
0.99605735 0.00251580
0.99501183 0.00277145
0.99384417 0.00305769
0.99255466 0.00337465
0.99114363 0.00372247
0.98961141 0.00410128
0.98795838 0.00451121
0.98618496 0.00495238
0.98429158 0.00542489
0.98227871 0.00592880
0.98014684 0.00646417
0.97789651 0.00703101
0.97552826 0.00762932
0.97304268 0.00825902
0.97044038 0.00892003
0.96772202 0.00961220
0.96488824 0.01033534
0.96193977 0.01108918
0.95887731 0.01187342
0.95570164 0.01268769
0.95241353 0.01353158
0.94901379 0.01440457
0.94550326 0.01530612
0.94188282 0.01623561
0.93815334 0.01719234
0.93431576 0.01817557
0.93037101 0.01918449
0.92632008 0.02021821
0.92216396 0.02127579
0.91790368 0.02235624
0.91354029 0.02345851
0.90907486 0.02458149
0.90450850 0.02572402
0.89984233 0.02688492
0.89507751 0.02806293
0.89021520 0.02925680
0.88525662 0.03046522
0.88020298 0.03168685
0.87505553 0.03292036
0.86981555 0.03416439
0.86448431 0.03541756
0.85906315 0.03667851
0.85355339 0.03794588
0.84795640 0.03921831
0.84227355 0.04049446
0.83650626 0.04177302
0.83065593 0.04305270
0.82472402 0.04433223
0.81871199 0.04561040
0.81262133 0.04688602
0.80645353 0.04815797
0.80021011 0.04942515
0.79389263 0.05068653
0.78750263 0.05194112
0.78104169 0.05318802
0.77451141 0.05442635
0.76791340 0.05565531
0.76124928 0.05687417
0.75452071 0.05808222
0.74772933 0.05927887
0.74087684 0.06046354
0.73396491 0.06163574
0.72699525 0.06279501
0.71996958 0.06394096
0.71288965 0.06507326
0.70575718 0.06619161
0.69857395 0.06729576
0.69134172 0.06838550
0.68406228 0.06946065
0.67673742 0.07052108
0.66936896 0.07156666
0.66195871 0.07259730
0.65450850 0.07361292
0.64702016 0.07461344
0.63949555 0.07559881
0.63193652 0.07656895
0.62434494 0.07752380
0.61672268 0.07846327
0.60907162 0.07938727
0.60139365 0.08029568
0.59369066 0.08118835
0.58596455 0.08206511
0.57821723 0.08292577
0.57045062 0.08377007
0.56266662 0.08459775
0.55486716 0.08540847
0.54705416 0.08620187
0.53922955 0.08697754
0.53139526 0.08773502
0.52355323 0.08847381
0.51570538 0.08919334
0.50785366 0.08989303
0.50000000 0.09057222
0.49214634 0.09123021
0.48429462 0.09186628
0.47644677 0.09247964
0.46860474 0.09306948
0.46077045 0.09363495
0.45294584 0.09417517
0.44513284 0.09468923
0.43733338 0.09517619
0.42954938 0.09563512
0.42178277 0.09606504
0.41403545 0.09646499
0.40630934 0.09683398
0.39860635 0.09717106
0.39092838 0.09747524
0.38327732 0.09774559
0.37565506 0.09798117
0.36806348 0.09818107
0.36050445 0.09834441
0.35297984 0.09847034
0.34549150 0.09855807
0.33804129 0.09860682
0.33063104 0.09861588
0.32326258 0.09858460
0.31593772 0.09851237
0.30865828 0.09839864
0.30142605 0.09824293
0.29424282 0.09804482
0.28711035 0.09780397
0.28003042 0.09752009
0.27300475 0.09719298
0.26603509 0.09682249
0.25912316 0.09640856
0.25227067 0.09595121
0.24547929 0.09545049
0.23875072 0.09490657
0.23208660 0.09431966
0.22548859 0.09369005
0.21895831 0.09301808
0.21249737 0.09230419
0.20610737 0.09154883
0.19978989 0.09075254
0.19354647 0.08991591
0.18737867 0.08903959
0.18128801 0.08812425
0.17527598 0.08717063
0.16934407 0.08617949
0.16349374 0.08515164
0.15772645 0.08408792
0.15204360 0.08298919
0.14644661 0.08185634
0.14093685 0.08069027
0.13551569 0.07949191
0.13018445 0.07826219
0.12494447 0.07700204
0.11979702 0.07571242
0.11474338 0.07439427
0.10978480 0.07304853
0.10492249 0.07167613
0.10015767 0.07027801
0.09549150 0.06885509
0.09092514 0.06740826
0.08645971 0.06593843
0.08209632 0.06444646
0.07783604 0.06293320
0.07367992 0.06139951
0.06962899 0.05984618
0.06568424 0.05827402
0.06184666 0.05668381
0.05811718 0.05507629
0.05449674 0.05345220
0.05098621 0.05181224
0.04758647 0.05015712
0.04429836 0.04848749
0.04112269 0.04680401
0.03806023 0.04510732
0.03511176 0.04339802
0.03227798 0.04167672
0.02955962 0.03994401
0.02695732 0.03820044
0.02447174 0.03644658
0.02210349 0.03468298
0.01985316 0.03291016
0.01772129 0.03112866
0.01570842 0.02933899
0.01381504 0.02754167
0.01204162 0.02573720
0.01038859 0.02392608
0.00885637 0.02210881
0.00744534 0.02028588
0.00615583 0.01845778
0.00498817 0.01662501
0.00394265 0.01478805
0.00301952 0.01294739
0.00221902 0.01110351
0.00154133 0.00925691
0.00098664 0.00740806
0.00055506 0.00555746
0.00024672 0.00370560
0.00006168 0.00185294
0.00000000 0.00000000
0.00006168 -0.00101653
0.00024672 -0.00203183
0.00055506 -0.00304466
0.00098664 -0.00405378
0.00154133 -0.00505795
0.00221902 -0.00605594
0.00301952 -0.00704653
0.00394265 -0.00802848
0.00498817 -0.00900057
0.00615583 -0.00996160
0.00744534 -0.01091034
0.00885637 -0.01184559
0.01038859 -0.01276618
0.01204162 -0.01367091
0.01381504 -0.01455862
0.01570842 -0.01542816
0.01772129 -0.01627839
0.01985316 -0.01710820
0.02210349 -0.01791650
0.02447174 -0.01870220
0.02695732 -0.01946427
0.02955962 -0.02020170
0.03227798 -0.02091350
0.03511176 -0.02159873
0.03806023 -0.02225647
0.04112269 -0.02288586
0.04429836 -0.02348609
0.04758647 -0.02405636
0.05098621 -0.02459597
0.05449674 -0.02510424
0.05811718 -0.02558056
0.06184666 -0.02602436
0.06568424 -0.02643517
0.06962899 -0.02681256
0.07367992 -0.02715616
0.07783604 -0.02746569
0.08209632 -0.02774093
0.08645971 -0.02798173
0.09092514 -0.02818803
0.09549150 -0.02835984
0.10015767 -0.02849723
0.10492249 -0.02860037
0.10978480 -0.02866951
0.11474338 -0.02870496
0.11979702 -0.02870711
0.12494447 -0.02867643
0.13018445 -0.02861348
0.13551569 -0.02851888
0.14093685 -0.02839332
0.14644661 -0.02823756
0.15204360 -0.02805244
0.15772645 -0.02783885
0.16349374 -0.02759774
0.16934407 -0.02733013
0.17527598 -0.02703710
0.18128801 -0.02671975
0.18737867 -0.02637924
0.19354647 -0.02601680
0.19978989 -0.02563364
0.20610737 -0.02523105
0.21249737 -0.02481031
0.21895831 -0.02437276
0.22548859 -0.02391972
0.23208660 -0.02345254
0.23875072 -0.02297257
0.24547929 -0.02248116
0.25227067 -0.02197966
0.25912316 -0.02146940
0.26603509 -0.02095171
0.27300475 -0.02042789
0.28003042 -0.01989922
0.28711035 -0.01936696
0.29424282 -0.01883233
0.30142605 -0.01829650
0.30865828 -0.01776063
0.31593772 -0.01722581
0.32326258 -0.01669312
0.33063104 -0.01616355
0.33804129 -0.01563807
0.34549150 -0.01511759
0.35297984 -0.01460297
0.36050445 -0.01409500
0.36806348 -0.01359444
0.37565506 -0.01310197
0.38327732 -0.01261823
0.39092838 -0.01214379
0.39860635 -0.01167919
0.40630934 -0.01122490
0.41403545 -0.01078132
0.42178277 -0.01034883
0.42954938 -0.00992774
0.43733338 -0.00951831
0.44513284 -0.00912077
0.45294584 -0.00873529
0.46077045 -0.00836200
0.46860474 -0.00800100
0.47644677 -0.00765234
0.48429462 -0.00731604
0.49214634 -0.00699209
0.50000000 -0.00668045
0.50785366 -0.00638104
0.51570538 -0.00609379
0.52355323 -0.00581857
0.53139526 -0.00555525
0.53922955 -0.00530368
0.54705416 -0.00506368
0.55486716 -0.00483508
0.56266662 -0.00461768
0.57045062 -0.00441128
0.57821723 -0.00421568
0.58596455 -0.00403065
0.59369066 -0.00385597
0.60139365 -0.00369141
0.60907162 -0.00353674
0.61672268 -0.00339173
0.62434494 -0.00325613
0.63193652 -0.00312971
0.63949555 -0.00301222
0.64702016 -0.00290341
0.65450850 -0.00280305
0.66195871 -0.00271088
0.66936896 -0.00262664
0.67673742 -0.00255007
0.68406228 -0.00248092
0.69134172 -0.00241893
0.69857395 -0.00236380
0.70575718 -0.00231529
0.71288965 -0.00227308
0.71996958 -0.00223691
0.72699525 -0.00220647
0.73396491 -0.00218145
0.74087684 -0.00216155
0.74772933 -0.00214643
0.75452071 -0.00213578
0.76124928 -0.00212926
0.76791340 -0.00212652
0.77451141 -0.00212720
0.78104169 -0.00213094
0.78750263 -0.00213738
0.79389263 -0.00214615
0.80021011 -0.00215686
0.80645353 -0.00216913
0.81262133 -0.00218258
0.81871199 -0.00219682
0.82472402 -0.00221146
0.83065593 -0.00222612
0.83650626 -0.00224042
0.84227355 -0.00225398
0.84795640 -0.00226644
0.85355339 -0.00227744
0.85906315 -0.00228663
0.86448431 -0.00229368
0.86981555 -0.00229828
0.87505553 -0.00230012
0.88020298 -0.00229894
0.88525662 -0.00229447
0.89021520 -0.00228649
0.89507751 -0.00227478
0.89984233 -0.00225918
0.90450850 -0.00223954
0.90907486 -0.00221573
0.91354029 -0.00218769
0.91790368 -0.00215534
0.92216396 -0.00211869
0.92632008 -0.00207775
0.93037101 -0.00203256
0.93431576 -0.00198322
0.93815334 -0.00192985
0.94188282 -0.00187261
0.94550326 -0.00181168
0.94901379 -0.00174730
0.95241353 -0.00167971
0.95570164 -0.00160921
0.95887731 -0.00153610
0.96193977 -0.00146072
0.96488824 -0.00138344
0.96772202 -0.00130464
0.97044038 -0.00122474
0.97304268 -0.00114413
0.97552826 -0.00106327
0.97789651 -0.00098260
0.98014684 -0.00090256
0.98227871 -0.00082361
0.98429158 -0.00074620
0.98618496 -0.00067079
0.98795838 -0.00059782
0.98961141 -0.00052772
0.99114363 -0.00046092
0.99255466 -0.00039781
0.99384417 -0.00033879
0.99501183 -0.00028422
0.99605735 -0.00023444
0.99698048 -0.00018975
0.99778098 -0.00015043
0.99845867 -0.00011673
0.99901336 -0.00008887
0.99944494 -0.00006701
0.99975328 -0.00005130
0.99993832 -0.00004183
1.00000000 -0.00003867
