sample_1288
1.00000000 0.00155748
0.99993832 0.00157100
0.99975328 0.00161157
0.99944494 0.00167917
0.99901336 0.00177378
0.99845867 0.00189537
0.99778098 0.00204389
0.99698048 0.00221931
0.99605735 0.00242155
0.99501183 0.00265056
0.99384417 0.00290626
0.99255466 0.00318856
0.99114363 0.00349736
0.98961141 0.00383256
0.98795838 0.00419405
0.98618496 0.00458169
0.98429158 0.00499535
0.98227871 0.00543488
0.98014684 0.00590013
0.97789651 0.00639093
0.97552826 0.00690710
0.97304268 0.00744845
0.97044038 0.00801480
0.96772202 0.00860592
0.96488824 0.00922160
0.96193977 0.00986161
0.95887731 0.01052573
0.95570164 0.01121370
0.95241353 0.01192528
0.94901379 0.01266019
0.94550326 0.01341818
0.94188282 0.01419898
0.93815334 0.01500229
0.93431576 0.01582784
0.93037101 0.01667533
0.92632008 0.01754446
0.92216396 0.01843494
0.91790368 0.01934647
0.91354029 0.02027872
0.90907486 0.02123140
0.90450850 0.02220420
0.89984233 0.02319678
0.89507751 0.02420885
0.89021520 0.02524008
0.88525662 0.02629015
0.88020298 0.02735874
0.87505553 0.02844551
0.86981555 0.02955015
0.86448431 0.03067232
0.85906315 0.03181168
0.85355339 0.03296790
0.84795640 0.03414062
0.84227355 0.03532949
0.83650626 0.03653415
0.83065593 0.03775423
0.82472402 0.03898933
0.81871199 0.04023907
0.81262133 0.04150303
0.80645353 0.04278078
0.80021011 0.04407186
0.79389263 0.04537581
0.78750263 0.04669213
0.78104169 0.04802029
0.77451141 0.04935975
0.76791340 0.05070992
0.76124928 0.05207019
0.75452071 0.05343990
0.74772933 0.05481836
0.74087684 0.05620485
0.73396491 0.05759858
0.72699525 0.05899874
0.71996958 0.06040447
0.71288965 0.06181485
0.70575718 0.06322891
0.69857395 0.06464565
0.69134172 0.06606399
0.68406228 0.06748283
0.67673742 0.06890098
0.66936896 0.07031723
0.66195871 0.07173029
0.65450850 0.07313886
0.64702016 0.07454153
0.63949555 0.07593690
0.63193652 0.07732348
0.62434494 0.07869976
0.61672268 0.08006418
0.60907162 0.08141514
0.60139365 0.08275100
0.59369066 0.08407010
0.58596455 0.08537075
0.57821723 0.08665123
0.57045062 0.08790981
0.56266662 0.08914473
0.55486716 0.09035426
0.54705416 0.09153662
0.53922955 0.09269008
0.53139526 0.09381289
0.52355323 0.09490334
0.51570538 0.09595972
0.50785366 0.09698037
0.50000000 0.09796366
0.49214634 0.09890799
0.48429462 0.09981183
0.47644677 0.10067370
0.46860474 0.10149217
0.46077045 0.10226590
0.45294584 0.10299360
0.44513284 0.10367407
0.43733338 0.10430620
0.42954938 0.10488895
0.42178277 0.10542140
0.41403545 0.10590271
0.40630934 0.10633213
0.39860635 0.10670903
0.39092838 0.10703288
0.38327732 0.10730326
0.37565506 0.10751985
0.36806348 0.10768244
0.36050445 0.10779094
0.35297984 0.10784535
0.34549150 0.10784578
0.33804129 0.10779246
0.33063104 0.10768570
0.32326258 0.10752592
0.31593772 0.10731364
0.30865828 0.10704947
0.30142605 0.10673408
0.29424282 0.10636827
0.28711035 0.10595286
0.28003042 0.10548878
0.27300475 0.10497701
0.26603509 0.10441859
0.25912316 0.10381460
0.25227067 0.10316617
0.24547929 0.10247446
0.23875072 0.10174067
0.23208660 0.10096600
0.22548859 0.10015169
0.21895831 0.09929895
0.21249737 0.09840903
0.20610737 0.09748314
0.19978989 0.09652248
0.19354647 0.09552824
0.18737867 0.09450159
0.18128801 0.09344362
0.17527598 0.09235544
0.16934407 0.09123808
0.16349374 0.09009254
0.15772645 0.08891975
0.15204360 0.08772059
0.14644661 0.08649590
0.14093685 0.08524644
0.13551569 0.08397292
0.13018445 0.08267599
0.12494447 0.08135621
0.11979702 0.08001413
0.11474338 0.07865018
0.10978480 0.07726478
0.10492249 0.07585827
0.10015767 0.07443094
0.09549150 0.07298303
0.09092514 0.07151472
0.08645971 0.07002616
0.08209632 0.06851748
0.07783604 0.06698874
0.07367992 0.06543999
0.06962899 0.06387127
0.06568424 0.06228257
0.06184666 0.06067391
0.05811718 0.05904527
0.05449674 0.05739666
0.05098621 0.05572807
0.04758647 0.05403952
0.04429836 0.05233105
0.04112269 0.05060272
0.03806023 0.04885461
0.03511176 0.04708686
0.03227798 0.04529964
0.02955962 0.04349314
0.02695732 0.04166763
0.02447174 0.03982342
0.02210349 0.03796088
0.01985316 0.03608042
0.01772129 0.03418252
0.01570842 0.03226774
0.01381504 0.03033666
0.01204162 0.02838996
0.01038859 0.02642836
0.00885637 0.02445264
0.00744534 0.02246365
0.00615583 0.02046228
0.00498817 0.01844950
0.00394265 0.01642631
0.00301952 0.01439376
0.00221902 0.01235294
0.00154133 0.01030499
0.00098664 0.00825107
0.00055506 0.00619239
0.00024672 0.00413015
0.00006168 0.00206561
0.00000000 0.00000000
0.00006168 -0.00072849
0.00024672 -0.00145624
0.00055506 -0.00218248
0.00098664 -0.00290647
0.00154133 -0.00362748
0.00221902 -0.00434477
0.00301952 -0.00505764
0.00394265 -0.00576537
0.00498817 -0.00646729
0.00615583 -0.00716274
0.00744534 -0.00785107
0.00885637 -0.00853166
0.01038859 -0.00920393
0.01204162 -0.00986732
0.01381504 -0.01052128
0.01570842 -0.01116531
0.01772129 -0.01179894
0.01985316 -0.01242174
0.02210349 -0.01303330
0.02447174 -0.01363324
0.02695732 -0.01422123
0.02955962 -0.01479698
0.03227798 -0.01536021
0.03511176 -0.01591070
0.03806023 -0.01644826
0.04112269 -0.01697274
0.04429836 -0.01748399
0.04758647 -0.01798195
0.05098621 -0.01846655
0.05449674 -0.01893777
0.05811718 -0.01939562
0.06184666 -0.01984013
0.06568424 -0.02027136
0.06962899 -0.02068940
0.07367992 -0.02109438
0.07783604 -0.02148642
0.08209632 -0.02186567
0.08645971 -0.02223232
0.09092514 -0.02258655
0.09549150 -0.02292856
0.10015767 -0.02325858
0.10492249 -0.02357681
0.10978480 -0.02388350
0.11474338 -0.02417887
0.11979702 -0.02446317
0.12494447 -0.02473662
0.13018445 -0.02499946
0.13551569 -0.02525191
0.14093685 -0.02549420
0.14644661 -0.02572653
0.15204360 -0.02594912
0.15772645 -0.02616213
0.16349374 -0.02636575
0.16934407 -0.02656014
0.17527598 -0.02674542
0.18128801 -0.02692173
0.18737867 -0.02708915
0.19354647 -0.02724778
0.19978989 -0.02739766
0.20610737 -0.02753883
0.21249737 -0.02767132
0.21895831 -0.02779510
0.22548859 -0.02791014
0.23208660 -0.02801641
0.23875072 -0.02811381
0.24547929 -0.02820225
0.25227067 -0.02828163
0.25912316 -0.02835180
0.26603509 -0.02841262
0.27300475 -0.02846391
0.28003042 -0.02850549
0.28711035 -0.02853718
0.29424282 -0.02855876
0.30142605 -0.02857001
0.30865828 -0.02857072
0.31593772 -0.02856066
0.32326258 -0.02853960
0.33063104 -0.02850731
0.33804129 -0.02846356
0.34549150 -0.02840814
0.35297984 -0.02834083
0.36050445 -0.02826142
0.36806348 -0.02816972
0.37565506 -0.02806556
0.38327732 -0.02794878
0.39092838 -0.02781922
0.39860635 -0.02767679
0.40630934 -0.02752137
0.41403545 -0.02735290
0.42178277 -0.02717134
0.42954938 -0.02697667
0.43733338 -0.02676891
0.44513284 -0.02654810
0.45294584 -0.02631434
0.46077045 -0.02606773
0.46860474 -0.02580843
0.47644677 -0.02553661
0.48429462 -0.02525251
0.49214634 -0.02495637
0.50000000 -0.02464850
0.50785366 -0.02432921
0.51570538 -0.02399886
0.52355323 -0.02365786
0.53139526 -0.02330662
0.53922955 -0.02294560
0.54705416 -0.02257530
0.55486716 -0.02219623
0.56266662 -0.02180893
0.57045062 -0.02141397
0.57821723 -0.02101192
0.58596455 -0.02060341
0.59369066 -0.02018906
0.60139365 -0.01976950
0.60907162 -0.01934540
0.61672268 -0.01891739
0.62434494 -0.01848617
0.63193652 -0.01805239
0.63949555 -0.01761673
0.64702016 -0.01717985
0.65450850 -0.01674243
0.66195871 -0.01630511
0.66936896 -0.01586855
0.67673742 -0.01543337
0.68406228 -0.01500020
0.69134172 -0.01456963
0.69857395 -0.01414223
0.70575718 -0.01371858
0.71288965 -0.01329919
0.71996958 -0.01288456
0.72699525 -0.01247519
0.73396491 -0.01207150
0.74087684 -0.01167391
0.74772933 -0.01128281
0.75452071 -0.01089855
0.76124928 -0.01052143
0.76791340 -0.01015174
0.77451141 -0.00978972
0.78104169 -0.00943559
0.78750263 -0.00908952
0.79389263 -0.00875165
0.80021011 -0.00842210
0.80645353 -0.00810093
0.81262133 -0.00778821
0.81871199 -0.00748393
0.82472402 -0.00718809
0.83065593 -0.00690065
0.83650626 -0.00662154
0.84227355 -0.00635067
0.84795640 -0.00608793
0.85355339 -0.00583319
0.85906315 -0.00558629
0.86448431 -0.00534706
0.86981555 -0.00511534
0.87505553 -0.00489093
0.88020298 -0.00467363
0.88525662 -0.00446323
0.89021520 -0.00425952
0.89507751 -0.00406228
0.89984233 -0.00387131
0.90450850 -0.00368638
0.90907486 -0.00350729
0.91354029 -0.00333383
0.91790368 -0.00316581
0.92216396 -0.00300303
0.92632008 -0.00284531
0.93037101 -0.00269248
0.93431576 -0.00254438
0.93815334 -0.00240088
0.94188282 -0.00226183
0.94550326 -0.00212713
0.94901379 -0.00199666
0.95241353 -0.00187035
0.95570164 -0.00174812
0.95887731 -0.00162991
0.96193977 -0.00151568
0.96488824 -0.00140541
0.96772202 -0.00129907
0.97044038 -0.00119668
0.97304268 -0.00109824
0.97552826 -0.00100377
0.97789651 -0.00091331
0.98014684 -0.00082690
0.98227871 -0.00074460
0.98429158 -0.00066647
0.98618496 -0.00059256
0.98795838 -0.00052295
0.98961141 -0.00045771
0.99114363 -0.00039691
0.99255466 -0.00034064
0.99384417 -0.00028896
0.99501183 -0.00024195
0.99605735 -0.00019968
0.99698048 -0.00016221
0.99778098 -0.00012961
0.99845867 -0.00010193
0.99901336 -0.00007921
0.99944494 -0.00006150
0.99975328 -0.00004882
0.99993832 -0.00004121
1.00000000 -0.00003867
