sample_1450
1.00000000 0.00155748
0.99993832 0.00157288
0.99975328 0.00161908
0.99944494 0.00169606
0.99901336 0.00180378
0.99845867 0.00194219
0.99778098 0.00211124
0.99698048 0.00231084
0.99605735 0.00254090
0.99501183 0.00280130
0.99384417 0.00309191
0.99255466 0.00341256
0.99114363 0.00376309
0.98961141 0.00414328
0.98795838 0.00455290
0.98618496 0.00499169
0.98429158 0.00545935
0.98227871 0.00595557
0.98014684 0.00647997
0.97789651 0.00703216
0.97552826 0.00761172
0.97304268 0.00821817
0.97044038 0.00885101
0.96772202 0.00950968
0.96488824 0.01019359
0.96193977 0.01090212
0.95887731 0.01163461
0.95570164 0.01239034
0.95241353 0.01316857
0.94901379 0.01396853
0.94550326 0.01478939
0.94188282 0.01563032
0.93815334 0.01649043
0.93431576 0.01736883
0.93037101 0.01826458
0.92632008 0.01917674
0.92216396 0.02010435
0.91790368 0.02104642
0.91354029 0.02200198
0.90907486 0.02297004
0.90450850 0.02394961
0.89984233 0.02493970
0.89507751 0.02593935
0.89021520 0.02694761
0.88525662 0.02796353
0.88020298 0.02898620
0.87505553 0.03001474
0.86981555 0.03104831
0.86448431 0.03208609
0.85906315 0.03312731
0.85355339 0.03417126
0.84795640 0.03521725
0.84227355 0.03626466
0.83650626 0.03731293
0.83065593 0.03836154
0.82472402 0.03941003
0.81871199 0.04045801
0.81262133 0.04150513
0.80645353 0.04255111
0.80021011 0.04359573
0.79389263 0.04463881
0.78750263 0.04568024
0.78104169 0.04671995
0.77451141 0.04775793
0.76791340 0.04879419
0.76124928 0.04982881
0.75452071 0.05086188
0.74772933 0.05189352
0.74087684 0.05292389
0.73396491 0.05395315
0.72699525 0.05498149
0.71996958 0.05600907
0.71288965 0.05703608
0.70575718 0.05806269
0.69857395 0.05908903
0.69134172 0.06011524
0.68406228 0.06114139
0.67673742 0.06216754
0.66936896 0.06319369
0.66195871 0.06421977
0.65450850 0.06524568
0.64702016 0.06627122
0.63949555 0.06729614
0.63193652 0.06832011
0.62434494 0.06934269
0.61672268 0.07036339
0.60907162 0.07138159
0.60139365 0.07239661
0.59369066 0.07340764
0.58596455 0.07441381
0.57821723 0.07541411
0.57045062 0.07640746
0.56266662 0.07739268
0.55486716 0.07836848
0.54705416 0.07933348
0.53922955 0.08028623
0.53139526 0.08122516
0.52355323 0.08214866
0.51570538 0.08305502
0.50785366 0.08394246
0.50000000 0.08480915
0.49214634 0.08565322
0.48429462 0.08647273
0.47644677 0.08726571
0.46860474 0.08803019
0.46077045 0.08876417
0.45294584 0.08946562
0.44513284 0.09013255
0.43733338 0.09076299
0.42954938 0.09135496
0.42178277 0.09190655
0.41403545 0.09241588
0.40630934 0.09288116
0.39860635 0.09330063
0.39092838 0.09367263
0.38327732 0.09399560
0.37565506 0.09426805
0.36806348 0.09448862
0.36050445 0.09465606
0.35297984 0.09476925
0.34549150 0.09482719
0.33804129 0.09482901
0.33063104 0.09477399
0.32326258 0.09466156
0.31593772 0.09449130
0.30865828 0.09426293
0.30142605 0.09397634
0.29424282 0.09363154
0.28711035 0.09322874
0.28003042 0.09276828
0.27300475 0.09225065
0.26603509 0.09167649
0.25912316 0.09104658
0.25227067 0.09036186
0.24547929 0.08962340
0.23875072 0.08883237
0.23208660 0.08799009
0.22548859 0.08709801
0.21895831 0.08615765
0.21249737 0.08517065
0.20610737 0.08413874
0.19978989 0.08306373
0.19354647 0.08194750
0.18737867 0.08079199
0.18128801 0.07959920
0.17527598 0.07837117
0.16934407 0.07710996
0.16349374 0.07581766
0.15772645 0.07449638
0.15204360 0.07314822
0.14644661 0.07177528
0.14093685 0.07037964
0.13551569 0.06896336
0.13018445 0.06752847
0.12494447 0.06607694
0.11979702 0.06461072
0.11474338 0.06313167
0.10978480 0.06164162
0.10492249 0.06014231
0.10015767 0.05863542
0.09549150 0.05712256
0.09092514 0.05560522
0.08645971 0.05408486
0.08209632 0.05256282
0.07783604 0.05104035
0.07367992 0.04951863
0.06962899 0.04799872
0.06568424 0.04648162
0.06184666 0.04496821
0.05811718 0.04345931
0.05449674 0.04195562
0.05098621 0.04045778
0.04758647 0.03896633
0.04429836 0.03748173
0.04112269 0.03600436
0.03806023 0.03453453
0.03511176 0.03307247
0.03227798 0.03161835
0.02955962 0.03017225
0.02695732 0.02873422
0.02447174 0.02730424
0.02210349 0.02588223
0.01985316 0.02446805
0.01772129 0.02306155
0.01570842 0.02166249
0.01381504 0.02027063
0.01204162 0.01888568
0.01038859 0.01750731
0.00885637 0.01613517
0.00744534 0.01476888
0.00615583 0.01340804
0.00498817 0.01205224
0.00394265 0.01070103
0.00301952 0.00935396
0.00221902 0.00801056
0.00154133 0.00667036
0.00098664 0.00533286
0.00055506 0.00399758
0.00024672 0.00266402
0.00006168 0.00133166
0.00000000 0.00000000
0.00006168 -0.00148663
0.00024672 -0.00297065
0.00055506 -0.00444948
0.00098664 -0.00592051
0.00154133 -0.00738120
0.00221902 -0.00882899
0.00301952 -0.01026139
0.00394265 -0.01167592
0.00498817 -0.01307016
0.00615583 -0.01444175
0.00744534 -0.01578839
0.00885637 -0.01710781
0.01038859 -0.01839787
0.01204162 -0.01965645
0.01381504 -0.02088154
0.01570842 -0.02207122
0.01772129 -0.02322367
0.01985316 -0.02433714
0.02210349 -0.02541001
0.02447174 -0.02644075
0.02695732 -0.02742796
0.02955962 -0.02837035
0.03227798 -0.02926674
0.03511176 -0.03011609
0.03806023 -0.03091748
0.04112269 -0.03167011
0.04429836 -0.03237332
0.04758647 -0.03302659
0.05098621 -0.03362952
0.05449674 -0.03418185
0.05811718 -0.03468347
0.06184666 -0.03513439
0.06568424 -0.03553476
0.06962899 -0.03588487
0.07367992 -0.03618512
0.07783604 -0.03643608
0.08209632 -0.03663841
0.08645971 -0.03679292
0.09092514 -0.03690053
0.09549150 -0.03696229
0.10015767 -0.03697933
0.10492249 -0.03695293
0.10978480 -0.03688444
0.11474338 -0.03677533
0.11979702 -0.03662714
0.12494447 -0.03644149
0.13018445 -0.03622010
0.13551569 -0.03596474
0.14093685 -0.03567724
0.14644661 -0.03535948
0.15204360 -0.03501339
0.15772645 -0.03464094
0.16349374 -0.03424411
0.16934407 -0.03382492
0.17527598 -0.03338536
0.18128801 -0.03292747
0.18737867 -0.03245324
0.19354647 -0.03196467
0.19978989 -0.03146371
0.20610737 -0.03095230
0.21249737 -0.03043231
0.21895831 -0.02990559
0.22548859 -0.02937392
0.23208660 -0.02883900
0.23875072 -0.02830248
0.24547929 -0.02776593
0.25227067 -0.02723083
0.25912316 -0.02669857
0.26603509 -0.02617047
0.27300475 -0.02564772
0.28003042 -0.02513143
0.28711035 -0.02462262
0.29424282 -0.02412218
0.30142605 -0.02363092
0.30865828 -0.02314952
0.31593772 -0.02267858
0.32326258 -0.02221856
0.33063104 -0.02176987
0.33804129 -0.02133276
0.34549150 -0.02090742
0.35297984 -0.02049393
0.36050445 -0.02009227
0.36806348 -0.01970237
0.37565506 -0.01932402
0.38327732 -0.01895697
0.39092838 -0.01860089
0.39860635 -0.01825539
0.40630934 -0.01792001
0.41403545 -0.01759423
0.42178277 -0.01727750
0.42954938 -0.01696922
0.43733338 -0.01666877
0.44513284 -0.01637549
0.45294584 -0.01608869
0.46077045 -0.01580772
0.46860474 -0.01553186
0.47644677 -0.01526043
0.48429462 -0.01499276
0.49214634 -0.01472819
0.50000000 -0.01446607
0.50785366 -0.01420578
0.51570538 -0.01394675
0.52355323 -0.01368842
0.53139526 -0.01343030
0.53922955 -0.01317191
0.54705416 -0.01291286
0.55486716 -0.01265277
0.56266662 -0.01239134
0.57045062 -0.01212833
0.57821723 -0.01186352
0.58596455 -0.01159679
0.59369066 -0.01132805
0.60139365 -0.01105728
0.60907162 -0.01078450
0.61672268 -0.01050981
0.62434494 -0.01023334
0.63193652 -0.00995527
0.63949555 -0.00967585
0.64702016 -0.00939535
0.65450850 -0.00911409
0.66195871 -0.00883242
0.66936896 -0.00855074
0.67673742 -0.00826946
0.68406228 -0.00798901
0.69134172 -0.00770986
0.69857395 -0.00743248
0.70575718 -0.00715735
0.71288965 -0.00688495
0.71996958 -0.00661578
0.72699525 -0.00635030
0.73396491 -0.00608900
0.74087684 -0.00583232
0.74772933 -0.00558072
0.75452071 -0.00533459
0.76124928 -0.00509435
0.76791340 -0.00486034
0.77451141 -0.00463290
0.78104169 -0.00441232
0.78750263 -0.00419887
0.79389263 -0.00399277
0.80021011 -0.00379420
0.80645353 -0.00360330
0.81262133 -0.00342017
0.81871199 -0.00324487
0.82472402 -0.00307742
0.83065593 -0.00291780
0.83650626 -0.00276593
0.84227355 -0.00262173
0.84795640 -0.00248506
0.85355339 -0.00235574
0.85906315 -0.00223358
0.86448431 -0.00211834
0.86981555 -0.00200976
0.87505553 -0.00190756
0.88020298 -0.00181145
0.88525662 -0.00172109
0.89021520 -0.00163617
0.89507751 -0.00155634
0.89984233 -0.00148126
0.90450850 -0.00141056
0.90907486 -0.00134391
0.91354029 -0.00128095
0.91790368 -0.00122135
0.92216396 -0.00116478
0.92632008 -0.00111092
0.93037101 -0.00105947
0.93431576 -0.00101015
0.93815334 -0.00096269
0.94188282 -0.00091686
0.94550326 -0.00087244
0.94901379 -0.00082924
0.95241353 -0.00078709
0.95570164 -0.00074584
0.95887731 -0.00070539
0.96193977 -0.00066565
0.96488824 -0.00062655
0.96772202 -0.00058806
0.97044038 -0.00055018
0.97304268 -0.00051290
0.97552826 -0.00047627
0.97789651 -0.00044034
0.98014684 -0.00040518
0.98227871 -0.00037089
0.98429158 -0.00033756
0.98618496 -0.00030532
0.98795838 -0.00027428
0.98961141 -0.00024459
0.99114363 -0.00021637
0.99255466 -0.00018977
0.99384417 -0.00016492
0.99501183 -0.00014197
0.99605735 -0.00012103
0.99698048 -0.00010224
0.99778098 -0.00008570
0.99845867 -0.00007153
0.99901336 -0.00005980
0.99944494 -0.00005060
0.99975328 -0.00004399
0.99993832 -0.00004000
1.00000000 -0.00003867
