sample_1187
1.00000000 0.00155748
0.99993832 0.00157367
0.99975328 0.00162225
0.99944494 0.00170325
0.99901336 0.00181670
0.99845867 0.00196265
0.99778098 0.00214118
0.99698048 0.00235235
0.99605735 0.00259624
0.99501183 0.00287296
0.99384417 0.00318257
0.99255466 0.00352518
0.99114363 0.00390087
0.98961141 0.00430970
0.98795838 0.00475175
0.98618496 0.00522704
0.98429158 0.00573560
0.98227871 0.00627742
0.98014684 0.00685247
0.97789651 0.00746067
0.97552826 0.00810190
0.97304268 0.00877602
0.97044038 0.00948282
0.96772202 0.01022205
0.96488824 0.01099339
0.96193977 0.01179648
0.95887731 0.01263090
0.95570164 0.01349617
0.95241353 0.01439172
0.94901379 0.01531696
0.94550326 0.01627120
0.94188282 0.01725369
0.93815334 0.01826364
0.93431576 0.01930016
0.93037101 0.02036232
0.92632008 0.02144912
0.92216396 0.02255952
0.91790368 0.02369239
0.91354029 0.02484658
0.90907486 0.02602087
0.90450850 0.02721400
0.89984233 0.02842469
0.89507751 0.02965158
0.89021520 0.03089333
0.88525662 0.03214853
0.88020298 0.03341579
0.87505553 0.03469366
0.86981555 0.03598073
0.86448431 0.03727555
0.85906315 0.03857668
0.85355339 0.03988269
0.84795640 0.04119218
0.84227355 0.04250374
0.83650626 0.04381599
0.83065593 0.04512759
0.82472402 0.04643721
0.81871199 0.04774358
0.81262133 0.04904545
0.80645353 0.05034161
0.80021011 0.05163092
0.79389263 0.05291226
0.78750263 0.05418456
0.78104169 0.05544681
0.77451141 0.05669805
0.76791340 0.05793736
0.76124928 0.05916388
0.75452071 0.06037678
0.74772933 0.06157530
0.74087684 0.06275871
0.73396491 0.06392633
0.72699525 0.06507751
0.71996958 0.06621166
0.71288965 0.06732818
0.70575718 0.06842655
0.69857395 0.06950625
0.69134172 0.07056678
0.68406228 0.07160766
0.67673742 0.07262843
0.66936896 0.07362863
0.66195871 0.07460782
0.65450850 0.07556554
0.64702016 0.07650135
0.63949555 0.07741477
0.63193652 0.07830535
0.62434494 0.07917259
0.61672268 0.08001599
0.60907162 0.08083504
0.60139365 0.08162918
0.59369066 0.08239784
0.58596455 0.08314045
0.57821723 0.08385638
0.57045062 0.08454498
0.56266662 0.08520560
0.55486716 0.08583753
0.54705416 0.08644006
0.53922955 0.08701245
0.53139526 0.08755396
0.52355323 0.08806380
0.51570538 0.08854120
0.50785366 0.08898537
0.50000000 0.08939551
0.49214634 0.08977083
0.48429462 0.09011055
0.47644677 0.09041388
0.46860474 0.09068008
0.46077045 0.09090840
0.45294584 0.09109814
0.44513284 0.09124863
0.43733338 0.09135925
0.42954938 0.09142940
0.42178277 0.09145855
0.41403545 0.09144625
0.40630934 0.09139207
0.39860635 0.09129568
0.39092838 0.09115681
0.38327732 0.09097528
0.37565506 0.09075099
0.36806348 0.09048391
0.36050445 0.09017412
0.35297984 0.08982178
0.34549150 0.08942713
0.33804129 0.08899053
0.33063104 0.08851241
0.32326258 0.08799332
0.31593772 0.08743388
0.30865828 0.08683480
0.30142605 0.08619689
0.29424282 0.08552105
0.28711035 0.08480825
0.28003042 0.08405954
0.27300475 0.08327605
0.26603509 0.08245897
0.25912316 0.08160956
0.25227067 0.08072913
0.24547929 0.07981904
0.23875072 0.07888068
0.23208660 0.07791549
0.22548859 0.07692494
0.21895831 0.07591050
0.21249737 0.07487366
0.20610737 0.07381591
0.19978989 0.07273874
0.19354647 0.07164363
0.18737867 0.07053202
0.18128801 0.06940534
0.17527598 0.06826497
0.16934407 0.06711227
0.16349374 0.06594852
0.15772645 0.06477496
0.15204360 0.06359278
0.14644661 0.06240309
0.14093685 0.06120694
0.13551569 0.06000528
0.13018445 0.05879902
0.12494447 0.05758898
0.11979702 0.05637588
0.11474338 0.05516037
0.10978480 0.05394304
0.10492249 0.05272436
0.10015767 0.05150475
0.09549150 0.05028453
0.09092514 0.04906396
0.08645971 0.04784321
0.08209632 0.04662241
0.07783604 0.04540159
0.07367992 0.04418073
0.06962899 0.04295977
0.06568424 0.04173858
0.06184666 0.04051699
0.05811718 0.03929481
0.05449674 0.03807178
0.05098621 0.03684764
0.04758647 0.03562211
0.04429836 0.03439488
0.04112269 0.03316566
0.03806023 0.03193413
0.03511176 0.03069999
0.03227798 0.02946295
0.02955962 0.02822273
0.02695732 0.02697908
0.02447174 0.02573177
0.02210349 0.02448059
0.01985316 0.02322539
0.01772129 0.02196604
0.01570842 0.02070244
0.01381504 0.01943455
0.01204162 0.01816236
0.01038859 0.01688593
0.00885637 0.01560533
0.00744534 0.01432069
0.00615583 0.01303220
0.00498817 0.01174005
0.00394265 0.01044452
0.00301952 0.00914590
0.00221902 0.00784451
0.00154133 0.00654071
0.00098664 0.00523490
0.00055506 0.00392748
0.00024672 0.00261889
0.00006168 0.00130958
0.00000000 0.00000000
0.00006168 -0.00089398
0.00024672 -0.00178648
0.00055506 -0.00267601
0.00098664 -0.00356111
0.00154133 -0.00444032
0.00221902 -0.00531222
0.00301952 -0.00617540
0.00394265 -0.00702851
0.00498817 -0.00787020
0.00615583 -0.00869920
0.00744534 -0.00951428
0.00885637 -0.01031425
0.01038859 -0.01109800
0.01204162 -0.01186445
0.01381504 -0.01261262
0.01570842 -0.01334157
0.01772129 -0.01405044
0.01985316 -0.01473843
0.02210349 -0.01540484
0.02447174 -0.01604903
0.02695732 -0.01667042
0.02955962 -0.01726853
0.03227798 -0.01784295
0.03511176 -0.01839334
0.03806023 -0.01891943
0.04112269 -0.01942105
0.04429836 -0.01989807
0.04758647 -0.02035045
0.05098621 -0.02077822
0.05449674 -0.02118145
0.05811718 -0.02156032
0.06184666 -0.02191502
0.06568424 -0.02224583
0.06962899 -0.02255307
0.07367992 -0.02283711
0.07783604 -0.02309838
0.08209632 -0.02333732
0.08645971 -0.02355444
0.09092514 -0.02375026
0.09549150 -0.02392535
0.10015767 -0.02408028
0.10492249 -0.02421568
0.10978480 -0.02433215
0.11474338 -0.02443034
0.11979702 -0.02451089
0.12494447 -0.02457445
0.13018445 -0.02462168
0.13551569 -0.02465323
0.14093685 -0.02466974
0.14644661 -0.02467186
0.15204360 -0.02466022
0.15772645 -0.02463543
0.16349374 -0.02459810
0.16934407 -0.02454882
0.17527598 -0.02448815
0.18128801 -0.02441664
0.18737867 -0.02433481
0.19354647 -0.02424319
0.19978989 -0.02414223
0.20610737 -0.02403241
0.21249737 -0.02391416
0.21895831 -0.02378790
0.22548859 -0.02365401
0.23208660 -0.02351285
0.23875072 -0.02336479
0.24547929 -0.02321012
0.25227067 -0.02304917
0.25912316 -0.02288222
0.26603509 -0.02270952
0.27300475 -0.02253134
0.28003042 -0.02234790
0.28711035 -0.02215942
0.29424282 -0.02196611
0.30142605 -0.02176817
0.30865828 -0.02156579
0.31593772 -0.02135913
0.32326258 -0.02114838
0.33063104 -0.02093370
0.33804129 -0.02071525
0.34549150 -0.02049319
0.35297984 -0.02026768
0.36050445 -0.02003888
0.36806348 -0.01980695
0.37565506 -0.01957203
0.38327732 -0.01933430
0.39092838 -0.01909391
0.39860635 -0.01885103
0.40630934 -0.01860583
0.41403545 -0.01835848
0.42178277 -0.01810916
0.42954938 -0.01785804
0.43733338 -0.01760530
0.44513284 -0.01735113
0.45294584 -0.01709571
0.46077045 -0.01683924
0.46860474 -0.01658190
0.47644677 -0.01632388
0.48429462 -0.01606538
0.49214634 -0.01580657
0.50000000 -0.01554766
0.50785366 -0.01528882
0.51570538 -0.01503023
0.52355323 -0.01477208
0.53139526 -0.01451453
0.53922955 -0.01425776
0.54705416 -0.01400192
0.55486716 -0.01374716
0.56266662 -0.01349364
0.57045062 -0.01324149
0.57821723 -0.01299083
0.58596455 -0.01274178
0.59369066 -0.01249445
0.60139365 -0.01224894
0.60907162 -0.01200534
0.61672268 -0.01176371
0.62434494 -0.01152413
0.63193652 -0.01128665
0.63949555 -0.01105131
0.64702016 -0.01081815
0.65450850 -0.01058720
0.66195871 -0.01035846
0.66936896 -0.01013195
0.67673742 -0.00990766
0.68406228 -0.00968559
0.69134172 -0.00946572
0.69857395 -0.00924803
0.70575718 -0.00903249
0.71288965 -0.00881906
0.71996958 -0.00860773
0.72699525 -0.00839845
0.73396491 -0.00819118
0.74087684 -0.00798589
0.74772933 -0.00778253
0.75452071 -0.00758108
0.76124928 -0.00738150
0.76791340 -0.00718376
0.77451141 -0.00698782
0.78104169 -0.00679368
0.78750263 -0.00660130
0.79389263 -0.00641069
0.80021011 -0.00622182
0.80645353 -0.00603471
0.81262133 -0.00584936
0.81871199 -0.00566579
0.82472402 -0.00548402
0.83065593 -0.00530407
0.83650626 -0.00512598
0.84227355 -0.00494981
0.84795640 -0.00477558
0.85355339 -0.00460338
0.85906315 -0.00443324
0.86448431 -0.00426526
0.86981555 -0.00409949
0.87505553 -0.00393602
0.88020298 -0.00377493
0.88525662 -0.00361631
0.89021520 -0.00346025
0.89507751 -0.00330683
0.89984233 -0.00315616
0.90450850 -0.00300832
0.90907486 -0.00286340
0.91354029 -0.00272150
0.91790368 -0.00258271
0.92216396 -0.00244711
0.92632008 -0.00231480
0.93037101 -0.00218585
0.93431576 -0.00206034
0.93815334 -0.00193834
0.94188282 -0.00181993
0.94550326 -0.00170516
0.94901379 -0.00159408
0.95241353 -0.00148676
0.95570164 -0.00138322
0.95887731 -0.00128352
0.96193977 -0.00118768
0.96488824 -0.00109573
0.96772202 -0.00100768
0.97044038 -0.00092355
0.97304268 -0.00084335
0.97552826 -0.00076707
0.97789651 -0.00069471
0.98014684 -0.00062626
0.98227871 -0.00056172
0.98429158 -0.00050105
0.98618496 -0.00044425
0.98795838 -0.00039129
0.98961141 -0.00034214
0.99114363 -0.00029678
0.99255466 -0.00025518
0.99384417 -0.00021732
0.99501183 -0.00018316
0.99605735 -0.00015268
0.99698048 -0.00012585
0.99778098 -0.00010265
0.99845867 -0.00008306
0.99901336 -0.00006706
0.99944494 -0.00005463
0.99975328 -0.00004576
0.99993832 -0.00004044
1.00000000 -0.00003867
