sample_1145
1.00000000 0.00155748
0.99993832 0.00157735
0.99975328 0.00163695
0.99944494 0.00173626
0.99901336 0.00187528
0.99845867 0.00205397
0.99778098 0.00227229
0.99698048 0.00253018
0.99605735 0.00282760
0.99501183 0.00316446
0.99384417 0.00354066
0.99255466 0.00395610
0.99114363 0.00441063
0.98961141 0.00490411
0.98795838 0.00543636
0.98618496 0.00600715
0.98429158 0.00661625
0.98227871 0.00726339
0.98014684 0.00794824
0.97789651 0.00867047
0.97552826 0.00942968
0.97304268 0.01022543
0.97044038 0.01105724
0.96772202 0.01192459
0.96488824 0.01282688
0.96193977 0.01376350
0.95887731 0.01473375
0.95570164 0.01573689
0.95241353 0.01677214
0.94901379 0.01783865
0.94550326 0.01893551
0.94188282 0.02006176
0.93815334 0.02121639
0.93431576 0.02239834
0.93037101 0.02360648
0.92632008 0.02483965
0.92216396 0.02609664
0.91790368 0.02737618
0.91354029 0.02867696
0.90907486 0.02999765
0.90450850 0.03133685
0.89984233 0.03269316
0.89507751 0.03406513
0.89021520 0.03545131
0.88525662 0.03685018
0.88020298 0.03826027
0.87505553 0.03968005
0.86981555 0.04110800
0.86448431 0.04254260
0.85906315 0.04398233
0.85355339 0.04542569
0.84795640 0.04687118
0.84227355 0.04831733
0.83650626 0.04976267
0.83065593 0.05120578
0.82472402 0.05264527
0.81871199 0.05407978
0.81262133 0.05550799
0.80645353 0.05692862
0.80021011 0.05834044
0.79389263 0.05974228
0.78750263 0.06113300
0.78104169 0.06251153
0.77451141 0.06387686
0.76791340 0.06522801
0.76124928 0.06656409
0.75452071 0.06788426
0.74772933 0.06918772
0.74087684 0.07047375
0.73396491 0.07174169
0.72699525 0.07299091
0.71996958 0.07422086
0.71288965 0.07543104
0.70575718 0.07662098
0.69857395 0.07779029
0.69134172 0.07893859
0.68406228 0.08006558
0.67673742 0.08117096
0.66936896 0.08225449
0.66195871 0.08331596
0.65450850 0.08435517
0.64702016 0.08537195
0.63949555 0.08636615
0.63193652 0.08733765
0.62434494 0.08828629
0.61672268 0.08921198
0.60907162 0.09011457
0.60139365 0.09099395
0.59369066 0.09184999
0.58596455 0.09268253
0.57821723 0.09349142
0.57045062 0.09427648
0.56266662 0.09503751
0.55486716 0.09577429
0.54705416 0.09648657
0.53922955 0.09717406
0.53139526 0.09783646
0.52355323 0.09847344
0.51570538 0.09908461
0.50785366 0.09966957
0.50000000 0.10022788
0.49214634 0.10075906
0.48429462 0.10126262
0.47644677 0.10173802
0.46860474 0.10218468
0.46077045 0.10260201
0.45294584 0.10298940
0.44513284 0.10334620
0.43733338 0.10367175
0.42954938 0.10396535
0.42178277 0.10422633
0.41403545 0.10445397
0.40630934 0.10464756
0.39860635 0.10480640
0.39092838 0.10492975
0.38327732 0.10501694
0.37565506 0.10506724
0.36806348 0.10508000
0.36050445 0.10505456
0.35297984 0.10499027
0.34549150 0.10488653
0.33804129 0.10474278
0.33063104 0.10455848
0.32326258 0.10433313
0.31593772 0.10406630
0.30865828 0.10375758
0.30142605 0.10340663
0.29424282 0.10301317
0.28711035 0.10257696
0.28003042 0.10209783
0.27300475 0.10157569
0.26603509 0.10101048
0.25912316 0.10040225
0.25227067 0.09975108
0.24547929 0.09905715
0.23875072 0.09832068
0.23208660 0.09754198
0.22548859 0.09672142
0.21895831 0.09585946
0.21249737 0.09495658
0.20610737 0.09401338
0.19978989 0.09303049
0.19354647 0.09200861
0.18737867 0.09094850
0.18128801 0.08985098
0.17527598 0.08871693
0.16934407 0.08754726
0.16349374 0.08634295
0.15772645 0.08510502
0.15204360 0.08383451
0.14644661 0.08253251
0.14093685 0.08120015
0.13551569 0.07983858
0.13018445 0.07844896
0.12494447 0.07703250
0.11979702 0.07559038
0.11474338 0.07412384
0.10978480 0.07263408
0.10492249 0.07112234
0.10015767 0.06958983
0.09549150 0.06803776
0.09092514 0.06646733
0.08645971 0.06487973
0.08209632 0.06327612
0.07783604 0.06165766
0.07367992 0.06002545
0.06962899 0.05838060
0.06568424 0.05672415
0.06184666 0.05505713
0.05811718 0.05338053
0.05449674 0.05169530
0.05098621 0.05000234
0.04758647 0.04830251
0.04429836 0.04659664
0.04112269 0.04488550
0.03806023 0.04316982
0.03511176 0.04145027
0.03227798 0.03972750
0.02955962 0.03800207
0.02695732 0.03627453
0.02447174 0.03454536
0.02210349 0.03281502
0.01985316 0.03108389
0.01772129 0.02935231
0.01570842 0.02762061
0.01381504 0.02588904
0.01204162 0.02415781
0.01038859 0.02242712
0.00885637 0.02069710
0.00744534 0.01896786
0.00615583 0.01723948
0.00498817 0.01551200
0.00394265 0.01378543
0.00301952 0.01205976
0.00221902 0.01033495
0.00154133 0.00861095
0.00098664 0.00688769
0.00055506 0.00516507
0.00024672 0.00344299
0.00006168 0.00172134
0.00000000 0.00000000
0.00006168 -0.00132138
0.00024672 -0.00264009
0.00055506 -0.00395344
0.00098664 -0.00525879
0.00154133 -0.00655353
0.00221902 -0.00783508
0.00301952 -0.00910092
0.00394265 -0.01034859
0.00498817 -0.01157572
0.00615583 -0.01278000
0.00744534 -0.01395923
0.00885637 -0.01511129
0.01038859 -0.01623419
0.01204162 -0.01732605
0.01381504 -0.01838510
0.01570842 -0.01940969
0.01772129 -0.02039834
0.01985316 -0.02134966
0.02210349 -0.02226242
0.02447174 -0.02313555
0.02695732 -0.02396808
0.02955962 -0.02475924
0.03227798 -0.02550836
0.03511176 -0.02621493
0.03806023 -0.02687859
0.04112269 -0.02749912
0.04429836 -0.02807644
0.04758647 -0.02861060
0.05098621 -0.02910179
0.05449674 -0.02955031
0.05811718 -0.02995662
0.06184666 -0.03032124
0.06568424 -0.03064486
0.06962899 -0.03092822
0.07367992 -0.03117220
0.07783604 -0.03137774
0.08209632 -0.03154587
0.08645971 -0.03167769
0.09092514 -0.03177437
0.09549150 -0.03183714
0.10015767 -0.03186725
0.10492249 -0.03186602
0.10978480 -0.03183479
0.11474338 -0.03177492
0.11979702 -0.03168778
0.12494447 -0.03157477
0.13018445 -0.03143724
0.13551569 -0.03127659
0.14093685 -0.03109416
0.14644661 -0.03089129
0.15204360 -0.03066928
0.15772645 -0.03042939
0.16349374 -0.03017287
0.16934407 -0.02990089
0.17527598 -0.02961459
0.18128801 -0.02931506
0.18737867 -0.02900332
0.19354647 -0.02868035
0.19978989 -0.02834705
0.20610737 -0.02800427
0.21249737 -0.02765281
0.21895831 -0.02729339
0.22548859 -0.02692668
0.23208660 -0.02655327
0.23875072 -0.02617371
0.24547929 -0.02578849
0.25227067 -0.02539804
0.25912316 -0.02500274
0.26603509 -0.02460291
0.27300475 -0.02419885
0.28003042 -0.02379079
0.28711035 -0.02337894
0.29424282 -0.02296347
0.30142605 -0.02254453
0.30865828 -0.02212223
0.31593772 -0.02169666
0.32326258 -0.02126792
0.33063104 -0.02083608
0.33804129 -0.02040120
0.34549150 -0.01996336
0.35297984 -0.01952263
0.36050445 -0.01907908
0.36806348 -0.01863282
0.37565506 -0.01818394
0.38327732 -0.01773259
0.39092838 -0.01727892
0.39860635 -0.01682309
0.40630934 -0.01636534
0.41403545 -0.01590588
0.42178277 -0.01544500
0.42954938 -0.01498301
0.43733338 -0.01452024
0.44513284 -0.01405708
0.45294584 -0.01359394
0.46077045 -0.01313127
0.46860474 -0.01266955
0.47644677 -0.01220931
0.48429462 -0.01175109
0.49214634 -0.01129547
0.50000000 -0.01084307
0.50785366 -0.01039450
0.51570538 -0.00995044
0.52355323 -0.00951154
0.53139526 -0.00907849
0.53922955 -0.00865199
0.54705416 -0.00823274
0.55486716 -0.00782144
0.56266662 -0.00741879
0.57045062 -0.00702549
0.57821723 -0.00664221
0.58596455 -0.00626962
0.59369066 -0.00590835
0.60139365 -0.00555903
0.60907162 -0.00522224
0.61672268 -0.00489853
0.62434494 -0.00458839
0.63193652 -0.00429231
0.63949555 -0.00401070
0.64702016 -0.00374392
0.65450850 -0.00349229
0.66195871 -0.00325606
0.66936896 -0.00303542
0.67673742 -0.00283052
0.68406228 -0.00264143
0.69134172 -0.00246814
0.69857395 -0.00231061
0.70575718 -0.00216870
0.71288965 -0.00204222
0.71996958 -0.00193092
0.72699525 -0.00183447
0.73396491 -0.00175250
0.74087684 -0.00168454
0.74772933 -0.00163011
0.75452071 -0.00158863
0.76124928 -0.00155949
0.76791340 -0.00154203
0.77451141 -0.00153554
0.78104169 -0.00153926
0.78750263 -0.00155239
0.79389263 -0.00157413
0.80021011 -0.00160361
0.80645353 -0.00163996
0.81262133 -0.00168230
0.81871199 -0.00172971
0.82472402 -0.00178128
0.83065593 -0.00183611
0.83650626 -0.00189330
0.84227355 -0.00195193
0.84795640 -0.00201114
0.85355339 -0.00207007
0.85906315 -0.00212789
0.86448431 -0.00218378
0.86981555 -0.00223700
0.87505553 -0.00228682
0.88020298 -0.00233257
0.88525662 -0.00237361
0.89021520 -0.00240937
0.89507751 -0.00243933
0.89984233 -0.00246305
0.90450850 -0.00248011
0.90907486 -0.00249019
0.91354029 -0.00249303
0.91790368 -0.00248842
0.92216396 -0.00247623
0.92632008 -0.00245640
0.93037101 -0.00242893
0.93431576 -0.00239389
0.93815334 -0.00235142
0.94188282 -0.00230171
0.94550326 -0.00224502
0.94901379 -0.00218169
0.95241353 -0.00211207
0.95570164 -0.00203662
0.95887731 -0.00195579
0.96193977 -0.00187013
0.96488824 -0.00178019
0.96772202 -0.00168659
0.97044038 -0.00158994
0.97304268 -0.00149093
0.97552826 -0.00139022
0.97789651 -0.00128853
0.98014684 -0.00118655
0.98227871 -0.00108502
0.98429158 -0.00098463
0.98618496 -0.00088611
0.98795838 -0.00079014
0.98961141 -0.00069742
0.99114363 -0.00060861
0.99255466 -0.00052434
0.99384417 -0.00044520
0.99501183 -0.00037178
0.99605735 -0.00030459
0.99698048 -0.00024412
0.99778098 -0.00019080
0.99845867 -0.00014502
0.99901336 -0.00010710
0.99944494 -0.00007733
0.99975328 -0.00005590
0.99993832 -0.00004299
1.00000000 -0.00003867
