sample_434
1.00000000 0.00155748
0.99993832 0.00157404
0.99975328 0.00162371
0.99944494 0.00170651
0.99901336 0.00182246
0.99845867 0.00197157
0.99778098 0.00215389
0.99698048 0.00236942
0.99605735 0.00261821
0.99501183 0.00290027
0.99384417 0.00321562
0.99255466 0.00356428
0.99114363 0.00394623
0.98961141 0.00436146
0.98795838 0.00480992
0.98618496 0.00529153
0.98429158 0.00580621
0.98227871 0.00635382
0.98014684 0.00693418
0.97789651 0.00754708
0.97552826 0.00819227
0.97304268 0.00886945
0.97044038 0.00957824
0.96772202 0.01031824
0.96488824 0.01108897
0.96193977 0.01188990
0.95887731 0.01272043
0.95570164 0.01357992
0.95241353 0.01446763
0.94901379 0.01538279
0.94550326 0.01632455
0.94188282 0.01729198
0.93815334 0.01828413
0.93431576 0.01929995
0.93037101 0.02033837
0.92632008 0.02139824
0.92216396 0.02247836
0.91790368 0.02357751
0.91354029 0.02469440
0.90907486 0.02582771
0.90450850 0.02697610
0.89984233 0.02813821
0.89507751 0.02931264
0.89021520 0.03049798
0.88525662 0.03169284
0.88020298 0.03289579
0.87505553 0.03410545
0.86981555 0.03532042
0.86448431 0.03653933
0.85906315 0.03776084
0.85355339 0.03898365
0.84795640 0.04020647
0.84227355 0.04142809
0.83650626 0.04264732
0.83065593 0.04386305
0.82472402 0.04507420
0.81871199 0.04627977
0.81262133 0.04747882
0.80645353 0.04867048
0.80021011 0.04985396
0.79389263 0.05102851
0.78750263 0.05219349
0.78104169 0.05334830
0.77451141 0.05449244
0.76791340 0.05562544
0.76124928 0.05674694
0.75452071 0.05785663
0.74772933 0.05895424
0.74087684 0.06003959
0.73396491 0.06111253
0.72699525 0.06217296
0.71996958 0.06322084
0.71288965 0.06425615
0.70575718 0.06527890
0.69857395 0.06628913
0.69134172 0.06728689
0.68406228 0.06827225
0.67673742 0.06924528
0.66936896 0.07020602
0.66195871 0.07115454
0.65450850 0.07209087
0.64702016 0.07301500
0.63949555 0.07392691
0.63193652 0.07482653
0.62434494 0.07571376
0.61672268 0.07658843
0.60907162 0.07745034
0.60139365 0.07829920
0.59369066 0.07913468
0.58596455 0.07995639
0.57821723 0.08076385
0.57045062 0.08155653
0.56266662 0.08233381
0.55486716 0.08309503
0.54705416 0.08383944
0.53922955 0.08456621
0.53139526 0.08527448
0.52355323 0.08596328
0.51570538 0.08663163
0.50785366 0.08727846
0.50000000 0.08790266
0.49214634 0.08850309
0.48429462 0.08907854
0.47644677 0.08962780
0.46860474 0.09014962
0.46077045 0.09064274
0.45294584 0.09110588
0.44513284 0.09153777
0.43733338 0.09193715
0.42954938 0.09230277
0.42178277 0.09263340
0.41403545 0.09292786
0.40630934 0.09318498
0.39860635 0.09340369
0.39092838 0.09358292
0.38327732 0.09372171
0.37565506 0.09381915
0.36806348 0.09387441
0.36050445 0.09388675
0.35297984 0.09385553
0.34549150 0.09378018
0.33804129 0.09366026
0.33063104 0.09349541
0.32326258 0.09328538
0.31593772 0.09303004
0.30865828 0.09272935
0.30142605 0.09238341
0.29424282 0.09199239
0.28711035 0.09155660
0.28003042 0.09107643
0.27300475 0.09055240
0.26603509 0.08998512
0.25912316 0.08937529
0.25227067 0.08872369
0.24547929 0.08803122
0.23875072 0.08729882
0.23208660 0.08652754
0.22548859 0.08571847
0.21895831 0.08487277
0.21249737 0.08399164
0.20610737 0.08307634
0.19978989 0.08212816
0.19354647 0.08114840
0.18737867 0.08013842
0.18128801 0.07909954
0.17527598 0.07803312
0.16934407 0.07694050
0.16349374 0.07582301
0.15772645 0.07468197
0.15204360 0.07351866
0.14644661 0.07233432
0.14093685 0.07113019
0.13551569 0.06990742
0.13018445 0.06866714
0.12494447 0.06741041
0.11979702 0.06613825
0.11474338 0.06485161
0.10978480 0.06355138
0.10492249 0.06223837
0.10015767 0.06091337
0.09549150 0.05957705
0.09092514 0.05823006
0.08645971 0.05687296
0.08209632 0.05550625
0.07783604 0.05413039
0.07367992 0.05274576
0.06962899 0.05135269
0.06568424 0.04995148
0.06184666 0.04854236
0.05811718 0.04712552
0.05449674 0.04570113
0.05098621 0.04426931
0.04758647 0.04283016
0.04429836 0.04138375
0.04112269 0.03993015
0.03806023 0.03846940
0.03511176 0.03700155
0.03227798 0.03552663
0.02955962 0.03404468
0.02695732 0.03255576
0.02447174 0.03105993
0.02210349 0.02955725
0.01985316 0.02804784
0.01772129 0.02653180
0.01570842 0.02500929
0.01381504 0.02348047
0.01204162 0.02194554
0.01038859 0.02040474
0.00885637 0.01885833
0.00744534 0.01730661
0.00615583 0.01574989
0.00498817 0.01418855
0.00394265 0.01262295
0.00301952 0.01105353
0.00221902 0.00948072
0.00154133 0.00790498
0.00098664 0.00632681
0.00055506 0.00474670
0.00024672 0.00316517
0.00006168 0.00158276
0.00000000 0.00000000
0.00006168 -0.00101153
0.00024672 -0.00202220
0.00055506 -0.00303117
0.00098664 -0.00403757
0.00154133 -0.00504055
0.00221902 -0.00603925
0.00301952 -0.00703283
0.00394265 -0.00802044
0.00498817 -0.00900122
0.00615583 -0.00997433
0.00744534 -0.01093894
0.00885637 -0.01189421
0.01038859 -0.01283932
0.01204162 -0.01377343
0.01381504 -0.01469575
0.01570842 -0.01560548
0.01772129 -0.01650181
0.01985316 -0.01738399
0.02210349 -0.01825125
0.02447174 -0.01910284
0.02695732 -0.01993804
0.02955962 -0.02075617
0.03227798 -0.02155652
0.03511176 -0.02233846
0.03806023 -0.02310135
0.04112269 -0.02384461
0.04429836 -0.02456767
0.04758647 -0.02527001
0.05098621 -0.02595112
0.05449674 -0.02661056
0.05811718 -0.02724792
0.06184666 -0.02786281
0.06568424 -0.02845492
0.06962899 -0.02902396
0.07367992 -0.02956969
0.07783604 -0.03009191
0.08209632 -0.03059049
0.08645971 -0.03106532
0.09092514 -0.03151636
0.09549150 -0.03194360
0.10015767 -0.03234710
0.10492249 -0.03272693
0.10978480 -0.03308323
0.11474338 -0.03341620
0.11979702 -0.03372604
0.12494447 -0.03401303
0.13018445 -0.03427746
0.13551569 -0.03451966
0.14093685 -0.03474002
0.14644661 -0.03493892
0.15204360 -0.03511679
0.15772645 -0.03527408
0.16349374 -0.03541127
0.16934407 -0.03552882
0.17527598 -0.03562725
0.18128801 -0.03570706
0.18737867 -0.03576874
0.19354647 -0.03581283
0.19978989 -0.03583983
0.20610737 -0.03585023
0.21249737 -0.03584453
0.21895831 -0.03582320
0.22548859 -0.03578672
0.23208660 -0.03573551
0.23875072 -0.03567001
0.24547929 -0.03559060
0.25227067 -0.03549764
0.25912316 -0.03539149
0.26603509 -0.03527244
0.27300475 -0.03514076
0.28003042 -0.03499671
0.28711035 -0.03484050
0.29424282 -0.03467229
0.30142605 -0.03449224
0.30865828 -0.03430046
0.31593772 -0.03409704
0.32326258 -0.03388203
0.33063104 -0.03365546
0.33804129 -0.03341734
0.34549150 -0.03316765
0.35297984 -0.03290637
0.36050445 -0.03263345
0.36806348 -0.03234882
0.37565506 -0.03205244
0.38327732 -0.03174423
0.39092838 -0.03142413
0.39860635 -0.03109208
0.40630934 -0.03074804
0.41403545 -0.03039197
0.42178277 -0.03002387
0.42954938 -0.02964373
0.43733338 -0.02925161
0.44513284 -0.02884757
0.45294584 -0.02843171
0.46077045 -0.02800419
0.46860474 -0.02756519
0.47644677 -0.02711495
0.48429462 -0.02665373
0.49214634 -0.02618189
0.50000000 -0.02569979
0.50785366 -0.02520787
0.51570538 -0.02470663
0.52355323 -0.02419659
0.53139526 -0.02367836
0.53922955 -0.02315259
0.54705416 -0.02261996
0.55486716 -0.02208124
0.56266662 -0.02153721
0.57045062 -0.02098870
0.57821723 -0.02043661
0.58596455 -0.01988183
0.59369066 -0.01932532
0.60139365 -0.01876805
0.60907162 -0.01821102
0.61672268 -0.01765523
0.62434494 -0.01710171
0.63193652 -0.01655148
0.63949555 -0.01600558
0.64702016 -0.01546502
0.65450850 -0.01493080
0.66195871 -0.01440392
0.66936896 -0.01388532
0.67673742 -0.01337594
0.68406228 -0.01287667
0.69134172 -0.01238834
0.69857395 -0.01191175
0.70575718 -0.01144763
0.71288965 -0.01099666
0.71996958 -0.01055945
0.72699525 -0.01013654
0.73396491 -0.00972841
0.74087684 -0.00933543
0.74772933 -0.00895794
0.75452071 -0.00859615
0.76124928 -0.00825024
0.76791340 -0.00792025
0.77451141 -0.00760620
0.78104169 -0.00730797
0.78750263 -0.00702540
0.79389263 -0.00675824
0.80021011 -0.00650616
0.80645353 -0.00626876
0.81262133 -0.00604557
0.81871199 -0.00583606
0.82472402 -0.00563964
0.83065593 -0.00545566
0.83650626 -0.00528342
0.84227355 -0.00512219
0.84795640 -0.00497119
0.85355339 -0.00482962
0.85906315 -0.00469665
0.86448431 -0.00457144
0.86981555 -0.00445314
0.87505553 -0.00434090
0.88020298 -0.00423388
0.88525662 -0.00413124
0.89021520 -0.00403217
0.89507751 -0.00393589
0.89984233 -0.00384165
0.90450850 -0.00374873
0.90907486 -0.00365647
0.91354029 -0.00356426
0.91790368 -0.00347152
0.92216396 -0.00337777
0.92632008 -0.00328256
0.93037101 -0.00318551
0.93431576 -0.00308634
0.93815334 -0.00298479
0.94188282 -0.00288071
0.94550326 -0.00277401
0.94901379 -0.00266467
0.95241353 -0.00255274
0.95570164 -0.00243834
0.95887731 -0.00232166
0.96193977 -0.00220296
0.96488824 -0.00208254
0.96772202 -0.00196077
0.97044038 -0.00183809
0.97304268 -0.00171495
0.97552826 -0.00159188
0.97789651 -0.00146941
0.98014684 -0.00134813
0.98227871 -0.00122864
0.98429158 -0.00111156
0.98618496 -0.00099752
0.98795838 -0.00088715
0.98961141 -0.00078110
0.99114363 -0.00067997
0.99255466 -0.00058438
0.99384417 -0.00049491
0.99501183 -0.00041211
0.99605735 -0.00033652
0.99698048 -0.00026862
0.99778098 -0.00020884
0.99845867 -0.00015757
0.99901336 -0.00011515
0.99944494 -0.00008186
0.99975328 -0.00005792
0.99993832 -0.00004349
1.00000000 -0.00003867
