sample_792
1.00000000 0.00155748
0.99993832 0.00157570
0.99975328 0.00163038
0.99944494 0.00172151
0.99901336 0.00184909
0.99845867 0.00201313
0.99778098 0.00221364
0.99698048 0.00245061
0.99605735 0.00272404
0.99501183 0.00303393
0.99384417 0.00338025
0.99255466 0.00376299
0.99114363 0.00418210
0.98961141 0.00463753
0.98795838 0.00512922
0.98618496 0.00565707
0.98429158 0.00622096
0.98227871 0.00682076
0.98014684 0.00745630
0.97789651 0.00812738
0.97552826 0.00883374
0.97304268 0.00957513
0.97044038 0.01035122
0.96772202 0.01116165
0.96488824 0.01200601
0.96193977 0.01288384
0.95887731 0.01379464
0.95570164 0.01473784
0.95241353 0.01571283
0.94901379 0.01671894
0.94550326 0.01775544
0.94188282 0.01882155
0.93815334 0.01991642
0.93431576 0.02103914
0.93037101 0.02218877
0.92632008 0.02336428
0.92216396 0.02456461
0.91790368 0.02578862
0.91354029 0.02703514
0.90907486 0.02830292
0.90450850 0.02959070
0.89984233 0.03089715
0.89507751 0.03222089
0.89021520 0.03356051
0.88525662 0.03491456
0.88020298 0.03628156
0.87505553 0.03766001
0.86981555 0.03904836
0.86448431 0.04044506
0.85906315 0.04184853
0.85355339 0.04325718
0.84795640 0.04466943
0.84227355 0.04608366
0.83650626 0.04749829
0.83065593 0.04891172
0.82472402 0.05032238
0.81871199 0.05172868
0.81262133 0.05312909
0.80645353 0.05452209
0.80021011 0.05590616
0.79389263 0.05727986
0.78750263 0.05864174
0.78104169 0.05999041
0.77451141 0.06132453
0.76791340 0.06264278
0.76124928 0.06394390
0.75452071 0.06522668
0.74772933 0.06648997
0.74087684 0.06773266
0.73396491 0.06895370
0.72699525 0.07015210
0.71996958 0.07132692
0.71288965 0.07247728
0.70575718 0.07360238
0.69857395 0.07470144
0.69134172 0.07577378
0.68406228 0.07681874
0.67673742 0.07783575
0.66936896 0.07882428
0.66195871 0.07978385
0.65450850 0.08071407
0.64702016 0.08161455
0.63949555 0.08248499
0.63193652 0.08332513
0.62434494 0.08413476
0.61672268 0.08491371
0.60907162 0.08566187
0.60139365 0.08637914
0.59369066 0.08706548
0.58596455 0.08772091
0.57821723 0.08834544
0.57045062 0.08893913
0.56266662 0.08950210
0.55486716 0.09003445
0.54705416 0.09053634
0.53922955 0.09100794
0.53139526 0.09144944
0.52355323 0.09186107
0.51570538 0.09224304
0.50785366 0.09259562
0.50000000 0.09291905
0.49214634 0.09321363
0.48429462 0.09347962
0.47644677 0.09371732
0.46860474 0.09392704
0.46077045 0.09410908
0.45294584 0.09426375
0.44513284 0.09439137
0.43733338 0.09449225
0.42954938 0.09456672
0.42178277 0.09461508
0.41403545 0.09463765
0.40630934 0.09463476
0.39860635 0.09460670
0.39092838 0.09455378
0.38327732 0.09447630
0.37565506 0.09437457
0.36806348 0.09424885
0.36050445 0.09409943
0.35297984 0.09392658
0.34549150 0.09373056
0.33804129 0.09351161
0.33063104 0.09326996
0.32326258 0.09300584
0.31593772 0.09271945
0.30865828 0.09241099
0.30142605 0.09208062
0.29424282 0.09172850
0.28711035 0.09135478
0.28003042 0.09095956
0.27300475 0.09054295
0.26603509 0.09010502
0.25912316 0.08964584
0.25227067 0.08916541
0.24547929 0.08866377
0.23875072 0.08814087
0.23208660 0.08759669
0.22548859 0.08703116
0.21895831 0.08644417
0.21249737 0.08583561
0.20610737 0.08520533
0.19978989 0.08455315
0.19354647 0.08387888
0.18737867 0.08318229
0.18128801 0.08246313
0.17527598 0.08172112
0.16934407 0.08095597
0.16349374 0.08016736
0.15772645 0.07935495
0.15204360 0.07851838
0.14644661 0.07765728
0.14093685 0.07677126
0.13551569 0.07585992
0.13018445 0.07492285
0.12494447 0.07395963
0.11979702 0.07296985
0.11474338 0.07195308
0.10978480 0.07090890
0.10492249 0.06983692
0.10015767 0.06873672
0.09549150 0.06760792
0.09092514 0.06645015
0.08645971 0.06526307
0.08209632 0.06404635
0.07783604 0.06279970
0.07367992 0.06152287
0.06962899 0.06021563
0.06568424 0.05887781
0.06184666 0.05750928
0.05811718 0.05610994
0.05449674 0.05467978
0.05098621 0.05321881
0.04758647 0.05172712
0.04429836 0.05020486
0.04112269 0.04865224
0.03806023 0.04706954
0.03511176 0.04545710
0.03227798 0.04381535
0.02955962 0.04214478
0.02695732 0.04044596
0.02447174 0.03871952
0.02210349 0.03696619
0.01985316 0.03518676
0.01772129 0.03338208
0.01570842 0.03155310
0.01381504 0.02970083
0.01204162 0.02782635
0.01038859 0.02593081
0.00885637 0.02401543
0.00744534 0.02208148
0.00615583 0.02013031
0.00498817 0.01816330
0.00394265 0.01618190
0.00301952 0.01418762
0.00221902 0.01218198
0.00154133 0.01016656
0.00098664 0.00814297
0.00055506 0.00611285
0.00024672 0.00407786
0.00006168 0.00203968
0.00000000 0.00000000
0.00006168 -0.00150255
0.00024672 -0.00300246
0.00055506 -0.00449711
0.00098664 -0.00598389
0.00154133 -0.00746021
0.00221902 -0.00892352
0.00301952 -0.01037134
0.00394265 -0.01180122
0.00498817 -0.01321078
0.00615583 -0.01459771
0.00744534 -0.01595978
0.00885637 -0.01729486
0.01038859 -0.01860091
0.01204162 -0.01987598
0.01381504 -0.02111824
0.01570842 -0.02232597
0.01772129 -0.02349758
0.01985316 -0.02463158
0.02210349 -0.02572663
0.02447174 -0.02678153
0.02695732 -0.02779518
0.02955962 -0.02876665
0.03227798 -0.02969514
0.03511176 -0.03057999
0.03806023 -0.03142067
0.04112269 -0.03221681
0.04429836 -0.03296818
0.04758647 -0.03367467
0.05098621 -0.03433632
0.05449674 -0.03495330
0.05811718 -0.03552591
0.06184666 -0.03605459
0.06568424 -0.03653989
0.06962899 -0.03698247
0.07367992 -0.03738311
0.07783604 -0.03774270
0.08209632 -0.03806223
0.08645971 -0.03834277
0.09092514 -0.03858548
0.09549150 -0.03879160
0.10015767 -0.03896243
0.10492249 -0.03909935
0.10978480 -0.03920375
0.11474338 -0.03927712
0.11979702 -0.03932093
0.12494447 -0.03933671
0.13018445 -0.03932599
0.13551569 -0.03929031
0.14093685 -0.03923121
0.14644661 -0.03915022
0.15204360 -0.03904884
0.15772645 -0.03892855
0.16349374 -0.03879080
0.16934407 -0.03863699
0.17527598 -0.03846847
0.18128801 -0.03828653
0.18737867 -0.03809241
0.19354647 -0.03788725
0.19978989 -0.03767214
0.20610737 -0.03744809
0.21249737 -0.03721603
0.21895831 -0.03697677
0.22548859 -0.03673107
0.23208660 -0.03647957
0.23875072 -0.03622285
0.24547929 -0.03596135
0.25227067 -0.03569546
0.25912316 -0.03542545
0.26603509 -0.03515150
0.27300475 -0.03487372
0.28003042 -0.03459212
0.28711035 -0.03430662
0.29424282 -0.03401708
0.30142605 -0.03372327
0.30865828 -0.03342489
0.31593772 -0.03312160
0.32326258 -0.03281298
0.33063104 -0.03249856
0.33804129 -0.03217785
0.34549150 -0.03185031
0.35297984 -0.03151536
0.36050445 -0.03117242
0.36806348 -0.03082089
0.37565506 -0.03046018
0.38327732 -0.03008968
0.39092838 -0.02970881
0.39860635 -0.02931700
0.40630934 -0.02891373
0.41403545 -0.02849850
0.42178277 -0.02807084
0.42954938 -0.02763036
0.43733338 -0.02717672
0.44513284 -0.02670962
0.45294584 -0.02622886
0.46077045 -0.02573429
0.46860474 -0.02522586
0.47644677 -0.02470358
0.48429462 -0.02416756
0.49214634 -0.02361800
0.50000000 -0.02305518
0.50785366 -0.02247947
0.51570538 -0.02189134
0.52355323 -0.02129135
0.53139526 -0.02068015
0.53922955 -0.02005846
0.54705416 -0.01942710
0.55486716 -0.01878698
0.56266662 -0.01813906
0.57045062 -0.01748441
0.57821723 -0.01682413
0.58596455 -0.01615940
0.59369066 -0.01549146
0.60139365 -0.01482159
0.60907162 -0.01415111
0.61672268 -0.01348137
0.62434494 -0.01281376
0.63193652 -0.01214966
0.63949555 -0.01149050
0.64702016 -0.01083767
0.65450850 -0.01019257
0.66195871 -0.00955657
0.66936896 -0.00893105
0.67673742 -0.00831730
0.68406228 -0.00771662
0.69134172 -0.00713023
0.69857395 -0.00655929
0.70575718 -0.00600493
0.71288965 -0.00546816
0.71996958 -0.00494996
0.72699525 -0.00445119
0.73396491 -0.00397264
0.74087684 -0.00351500
0.74772933 -0.00307889
0.75452071 -0.00266478
0.76124928 -0.00227310
0.76791340 -0.00190412
0.77451141 -0.00155806
0.78104169 -0.00123499
0.78750263 -0.00093490
0.79389263 -0.00065768
0.80021011 -0.00040312
0.80645353 -0.00017091
0.81262133 0.00003935
0.81871199 0.00022817
0.82472402 0.00039610
0.83065593 0.00054381
0.83650626 0.00067202
0.84227355 0.00078153
0.84795640 0.00087319
0.85355339 0.00094791
0.85906315 0.00100664
0.86448431 0.00105039
0.86981555 0.00108017
0.87505553 0.00109703
0.88020298 0.00110205
0.88525662 0.00109628
0.89021520 0.00108081
0.89507751 0.00105670
0.89984233 0.00102501
0.90450850 0.00098677
0.90907486 0.00094298
0.91354029 0.00089463
0.91790368 0.00084265
0.92216396 0.00078792
0.92632008 0.00073128
0.93037101 0.00067354
0.93431576 0.00061541
0.93815334 0.00055757
0.94188282 0.00050064
0.94550326 0.00044515
0.94901379 0.00039160
0.95241353 0.00034040
0.95570164 0.00029189
0.95887731 0.00024638
0.96193977 0.00020408
0.96488824 0.00016515
0.96772202 0.00012970
0.97044038 0.00009777
0.97304268 0.00006937
0.97552826 0.00004444
0.97789651 0.00002288
0.98014684 0.00000456
0.98227871 -0.00001071
0.98429158 -0.00002312
0.98618496 -0.00003291
0.98795838 -0.00004032
0.98961141 -0.00004562
0.99114363 -0.00004908
0.99255466 -0.00005098
0.99384417 -0.00005160
0.99501183 -0.00005121
0.99605735 -0.00005006
0.99698048 -0.00004841
0.99778098 -0.00004649
0.99845867 -0.00004449
0.99901336 -0.00004260
0.99944494 -0.00004097
0.99975328 -0.00003972
0.99993832 -0.00003894
1.00000000 -0.00003867
