sample_1032
1.00000000 0.00155748
0.99993832 0.00157643
0.99975328 0.00163325
0.99944494 0.00172789
0.99901336 0.00186028
0.99845867 0.00203028
0.99778098 0.00223774
0.99698048 0.00248247
0.99605735 0.00276425
0.99501183 0.00308282
0.99384417 0.00343788
0.99255466 0.00382910
0.99114363 0.00425611
0.98961141 0.00471852
0.98795838 0.00521588
0.98618496 0.00574771
0.98429158 0.00631351
0.98227871 0.00691273
0.98014684 0.00754479
0.97789651 0.00820907
0.97552826 0.00890492
0.97304268 0.00963164
0.97044038 0.01038852
0.96772202 0.01117481
0.96488824 0.01198971
0.96193977 0.01283242
0.95887731 0.01370207
0.95570164 0.01459780
0.95241353 0.01551870
0.94901379 0.01646385
0.94550326 0.01743229
0.94188282 0.01842305
0.93815334 0.01943514
0.93431576 0.02046756
0.93037101 0.02151928
0.92632008 0.02258926
0.92216396 0.02367648
0.91790368 0.02477987
0.91354029 0.02589839
0.90907486 0.02703099
0.90450850 0.02817662
0.89984233 0.02933424
0.89507751 0.03050282
0.89021520 0.03168133
0.88525662 0.03286877
0.88020298 0.03406415
0.87505553 0.03526649
0.86981555 0.03647486
0.86448431 0.03768833
0.85906315 0.03890600
0.85355339 0.04012701
0.84795640 0.04135052
0.84227355 0.04257574
0.83650626 0.04380189
0.83065593 0.04502824
0.82472402 0.04625410
0.81871199 0.04747879
0.81262133 0.04870170
0.80645353 0.04992224
0.80021011 0.05113985
0.79389263 0.05235401
0.78750263 0.05356425
0.78104169 0.05477010
0.77451141 0.05597115
0.76791340 0.05716701
0.76124928 0.05835730
0.75452071 0.05954170
0.74772933 0.06071987
0.74087684 0.06189152
0.73396491 0.06305635
0.72699525 0.06421411
0.71996958 0.06536451
0.71288965 0.06650730
0.70575718 0.06764223
0.69857395 0.06876902
0.69134172 0.06988741
0.68406228 0.07099712
0.67673742 0.07209786
0.66936896 0.07318933
0.66195871 0.07427118
0.65450850 0.07534308
0.64702016 0.07640463
0.63949555 0.07745542
0.63193652 0.07849502
0.62434494 0.07952294
0.61672268 0.08053867
0.60907162 0.08154165
0.60139365 0.08253128
0.59369066 0.08350692
0.58596455 0.08446790
0.57821723 0.08541349
0.57045062 0.08634292
0.56266662 0.08725539
0.55486716 0.08815003
0.54705416 0.08902596
0.53922955 0.08988225
0.53139526 0.09071793
0.52355323 0.09153200
0.51570538 0.09232342
0.50785366 0.09309113
0.50000000 0.09383405
0.49214634 0.09455107
0.48429462 0.09524106
0.47644677 0.09590288
0.46860474 0.09653539
0.46077045 0.09713745
0.45294584 0.09770790
0.44513284 0.09824560
0.43733338 0.09874942
0.42954938 0.09921826
0.42178277 0.09965102
0.41403545 0.10004665
0.40630934 0.10040410
0.39860635 0.10072241
0.39092838 0.10100060
0.38327732 0.10123779
0.37565506 0.10143312
0.36806348 0.10158580
0.36050445 0.10169510
0.35297984 0.10176034
0.34549150 0.10178093
0.33804129 0.10175633
0.33063104 0.10168609
0.32326258 0.10156981
0.31593772 0.10140720
0.30865828 0.10119801
0.30142605 0.10094211
0.29424282 0.10063942
0.28711035 0.10028995
0.28003042 0.09989379
0.27300475 0.09945110
0.26603509 0.09896215
0.25912316 0.09842724
0.25227067 0.09784678
0.24547929 0.09722124
0.23875072 0.09655115
0.23208660 0.09583712
0.22548859 0.09507982
0.21895831 0.09427998
0.21249737 0.09343837
0.20610737 0.09255585
0.19978989 0.09163329
0.19354647 0.09067163
0.18737867 0.08967182
0.18128801 0.08863487
0.17527598 0.08756181
0.16934407 0.08645371
0.16349374 0.08531162
0.15772645 0.08413666
0.15204360 0.08292993
0.14644661 0.08169253
0.14093685 0.08042558
0.13551569 0.07913021
0.13018445 0.07780752
0.12494447 0.07645861
0.11979702 0.07508457
0.11474338 0.07368648
0.10978480 0.07226539
0.10492249 0.07082235
0.10015767 0.06935836
0.09549150 0.06787442
0.09092514 0.06637147
0.08645971 0.06485046
0.08209632 0.06331229
0.07783604 0.06175783
0.07367992 0.06018792
0.06962899 0.05860336
0.06568424 0.05700493
0.06184666 0.05539337
0.05811718 0.05376940
0.05449674 0.05213369
0.05098621 0.05048688
0.04758647 0.04882961
0.04429836 0.04716246
0.04112269 0.04548598
0.03806023 0.04380071
0.03511176 0.04210717
0.03227798 0.04040583
0.02955962 0.03869717
0.02695732 0.03698161
0.02447174 0.03525959
0.02210349 0.03353150
0.01985316 0.03179775
0.01772129 0.03005869
0.01570842 0.02831469
0.01381504 0.02656610
0.01204162 0.02481326
0.01038859 0.02305650
0.00885637 0.02129613
0.00744534 0.01953247
0.00615583 0.01776582
0.00498817 0.01599649
0.00394265 0.01422478
0.00301952 0.01245098
0.00221902 0.01067537
0.00154133 0.00889826
0.00098664 0.00711992
0.00055506 0.00534064
0.00024672 0.00356070
0.00006168 0.00178040
0.00000000 0.00000000
0.00006168 -0.00133155
0.00024672 -0.00266041
0.00055506 -0.00398389
0.00098664 -0.00529931
0.00154133 -0.00660404
0.00221902 -0.00789547
0.00301952 -0.00917104
0.00394265 -0.01042824
0.00498817 -0.01166463
0.00615583 -0.01287784
0.00744534 -0.01406557
0.00885637 -0.01522563
0.01038859 -0.01635589
0.01204162 -0.01745435
0.01381504 -0.01851909
0.01570842 -0.01954832
0.01772129 -0.02054037
0.01985316 -0.02149367
0.02210349 -0.02240679
0.02447174 -0.02327844
0.02695732 -0.02410744
0.02955962 -0.02489275
0.03227798 -0.02563349
0.03511176 -0.02632888
0.03806023 -0.02697830
0.04112269 -0.02758126
0.04429836 -0.02813742
0.04758647 -0.02864657
0.05098621 -0.02910863
0.05449674 -0.02952364
0.05811718 -0.02989179
0.06184666 -0.03021340
0.06568424 -0.03048888
0.06962899 -0.03071879
0.07367992 -0.03090379
0.07783604 -0.03104464
0.08209632 -0.03114222
0.08645971 -0.03119748
0.09092514 -0.03121149
0.09549150 -0.03118537
0.10015767 -0.03112035
0.10492249 -0.03101771
0.10978480 -0.03087879
0.11474338 -0.03070500
0.11979702 -0.03049777
0.12494447 -0.03025861
0.13018445 -0.02998903
0.13551569 -0.02969059
0.14093685 -0.02936485
0.14644661 -0.02901339
0.15204360 -0.02863779
0.15772645 -0.02823965
0.16349374 -0.02782053
0.16934407 -0.02738199
0.17527598 -0.02692559
0.18128801 -0.02645283
0.18737867 -0.02596521
0.19354647 -0.02546417
0.19978989 -0.02495112
0.20610737 -0.02442745
0.21249737 -0.02389446
0.21895831 -0.02335343
0.22548859 -0.02280558
0.23208660 -0.02225207
0.23875072 -0.02169403
0.24547929 -0.02113249
0.25227067 -0.02056845
0.25912316 -0.02000284
0.26603509 -0.01943655
0.27300475 -0.01887039
0.28003042 -0.01830512
0.28711035 -0.01774145
0.29424282 -0.01718003
0.30142605 -0.01662146
0.30865828 -0.01606628
0.31593772 -0.01551500
0.32326258 -0.01496808
0.33063104 -0.01442594
0.33804129 -0.01388894
0.34549150 -0.01335743
0.35297984 -0.01283172
0.36050445 -0.01231210
0.36806348 -0.01179882
0.37565506 -0.01129211
0.38327732 -0.01079220
0.39092838 -0.01029930
0.39860635 -0.00981358
0.40630934 -0.00933525
0.41403545 -0.00886449
0.42178277 -0.00840146
0.42954938 -0.00794636
0.43733338 -0.00749937
0.44513284 -0.00706068
0.45294584 -0.00663049
0.46077045 -0.00620900
0.46860474 -0.00579644
0.47644677 -0.00539302
0.48429462 -0.00499899
0.49214634 -0.00461460
0.50000000 -0.00424011
0.50785366 -0.00387580
0.51570538 -0.00352196
0.52355323 -0.00317887
0.53139526 -0.00284684
0.53922955 -0.00252618
0.54705416 -0.00221720
0.55486716 -0.00192022
0.56266662 -0.00163555
0.57045062 -0.00136350
0.57821723 -0.00110438
0.58596455 -0.00085848
0.59369066 -0.00062609
0.60139365 -0.00040747
0.60907162 -0.00020287
0.61672268 -0.00001253
0.62434494 0.00016337
0.63193652 0.00032465
0.63949555 0.00047116
0.64702016 0.00060281
0.65450850 0.00071954
0.66195871 0.00082131
0.66936896 0.00090814
0.67673742 0.00098011
0.68406228 0.00103731
0.69134172 0.00107993
0.69857395 0.00110816
0.70575718 0.00112229
0.71288965 0.00112262
0.71996958 0.00110952
0.72699525 0.00108343
0.73396491 0.00104481
0.74087684 0.00099421
0.74772933 0.00093218
0.75452071 0.00085938
0.76124928 0.00077645
0.76791340 0.00068413
0.77451141 0.00058317
0.78104169 0.00047436
0.78750263 0.00035854
0.79389263 0.00023655
0.80021011 0.00010928
0.80645353 -0.00002236
0.81262133 -0.00015746
0.81871199 -0.00029509
0.82472402 -0.00043432
0.83065593 -0.00057420
0.83650626 -0.00071381
0.84227355 -0.00085224
0.84795640 -0.00098857
0.85355339 -0.00112194
0.85906315 -0.00125148
0.86448431 -0.00137638
0.86981555 -0.00149586
0.87505553 -0.00160919
0.88020298 -0.00171565
0.88525662 -0.00181463
0.89021520 -0.00190554
0.89507751 -0.00198786
0.89984233 -0.00206112
0.90450850 -0.00212494
0.90907486 -0.00217900
0.91354029 -0.00222303
0.91790368 -0.00225687
0.92216396 -0.00228040
0.92632008 -0.00229361
0.93037101 -0.00229652
0.93431576 -0.00228926
0.93815334 -0.00227202
0.94188282 -0.00224506
0.94550326 -0.00220872
0.94901379 -0.00216339
0.95241353 -0.00210953
0.95570164 -0.00204767
0.95887731 -0.00197839
0.96193977 -0.00190232
0.96488824 -0.00182013
0.96772202 -0.00173256
0.97044038 -0.00164035
0.97304268 -0.00154430
0.97552826 -0.00144522
0.97789651 -0.00134394
0.98014684 -0.00124131
0.98227871 -0.00113818
0.98429158 -0.00103540
0.98618496 -0.00093382
0.98795838 -0.00083427
0.98961141 -0.00073756
0.99114363 -0.00064448
0.99255466 -0.00055578
0.99384417 -0.00047219
0.99501183 -0.00039438
0.99605735 -0.00032298
0.99698048 -0.00025856
0.99778098 -0.00020164
0.99845867 -0.00015268
0.99901336 -0.00011208
0.99944494 -0.00008016
0.99975328 -0.00005717
0.99993832 -0.00004330
1.00000000 -0.00003867
