sample_180
1.00000000 0.00155748
0.99993832 0.00157718
0.99975328 0.00163627
0.99944494 0.00173472
0.99901336 0.00187248
0.99845867 0.00204946
0.99778098 0.00226557
0.99698048 0.00252069
0.99605735 0.00281467
0.99501183 0.00314733
0.99384417 0.00351849
0.99255466 0.00392792
0.99114363 0.00437536
0.98961141 0.00486053
0.98795838 0.00538313
0.98618496 0.00594281
0.98429158 0.00653919
0.98227871 0.00717188
0.98014684 0.00784041
0.97789651 0.00854433
0.97552826 0.00928310
0.97304268 0.01005617
0.97044038 0.01086297
0.96772202 0.01170284
0.96488824 0.01257514
0.96193977 0.01347914
0.95887731 0.01441409
0.95570164 0.01537922
0.95241353 0.01637369
0.94901379 0.01739664
0.94550326 0.01844716
0.94188282 0.01952433
0.93815334 0.02062715
0.93431576 0.02175463
0.93037101 0.02290572
0.92632008 0.02407936
0.92216396 0.02527444
0.91790368 0.02648984
0.91354029 0.02772442
0.90907486 0.02897700
0.90450850 0.03024640
0.89984233 0.03153142
0.89507751 0.03283085
0.89021520 0.03414347
0.88525662 0.03546806
0.88020298 0.03680338
0.87505553 0.03814823
0.86981555 0.03950137
0.86448431 0.04086160
0.85906315 0.04222773
0.85355339 0.04359856
0.84795640 0.04497294
0.84227355 0.04634973
0.83650626 0.04772781
0.83065593 0.04910610
0.82472402 0.05048352
0.81871199 0.05185906
0.81262133 0.05323172
0.80645353 0.05460055
0.80021011 0.05596463
0.79389263 0.05732308
0.78750263 0.05867505
0.78104169 0.06001976
0.77451141 0.06135644
0.76791340 0.06268438
0.76124928 0.06400289
0.75452071 0.06531135
0.74772933 0.06660917
0.74087684 0.06789577
0.73396491 0.06917064
0.72699525 0.07043330
0.71996958 0.07168329
0.71288965 0.07292019
0.70575718 0.07414360
0.69857395 0.07535315
0.69134172 0.07654850
0.68406228 0.07772931
0.67673742 0.07889528
0.66936896 0.08004610
0.66195871 0.08118149
0.65450850 0.08230116
0.64702016 0.08340483
0.63949555 0.08449220
0.63193652 0.08556300
0.62434494 0.08661693
0.61672268 0.08765367
0.60907162 0.08867291
0.60139365 0.08967429
0.59369066 0.09065747
0.58596455 0.09162206
0.57821723 0.09256764
0.57045062 0.09349379
0.56266662 0.09440002
0.55486716 0.09528585
0.54705416 0.09615075
0.53922955 0.09699414
0.53139526 0.09781544
0.52355323 0.09861402
0.51570538 0.09938921
0.50785366 0.10014032
0.50000000 0.10086661
0.49214634 0.10156733
0.48429462 0.10224168
0.47644677 0.10288885
0.46860474 0.10350800
0.46077045 0.10409826
0.45294584 0.10465874
0.44513284 0.10518854
0.43733338 0.10568675
0.42954938 0.10615243
0.42178277 0.10658465
0.41403545 0.10698248
0.40630934 0.10734497
0.39860635 0.10767120
0.39092838 0.10796025
0.38327732 0.10821122
0.37565506 0.10842320
0.36806348 0.10859535
0.36050445 0.10872682
0.35297984 0.10881680
0.34549150 0.10886453
0.33804129 0.10886928
0.33063104 0.10883035
0.32326258 0.10874711
0.31593772 0.10861897
0.30865828 0.10844540
0.30142605 0.10822593
0.29424282 0.10796012
0.28711035 0.10764764
0.28003042 0.10728819
0.27300475 0.10688155
0.26603509 0.10642757
0.25912316 0.10592617
0.25227067 0.10537734
0.24547929 0.10478113
0.23875072 0.10413767
0.23208660 0.10344718
0.22548859 0.10270991
0.21895831 0.10192623
0.21249737 0.10109654
0.20610737 0.10022132
0.19978989 0.09930113
0.19354647 0.09833657
0.18737867 0.09732832
0.18128801 0.09627711
0.17527598 0.09518374
0.16934407 0.09404904
0.16349374 0.09287392
0.15772645 0.09165930
0.15204360 0.09040618
0.14644661 0.08911559
0.14093685 0.08778857
0.13551569 0.08642622
0.13018445 0.08502966
0.12494447 0.08360003
0.11979702 0.08213850
0.11474338 0.08064624
0.10978480 0.07912445
0.10492249 0.07757432
0.10015767 0.07599705
0.09549150 0.07439385
0.09092514 0.07276591
0.08645971 0.07111443
0.08209632 0.06944059
0.07783604 0.06774554
0.07367992 0.06603044
0.06962899 0.06429643
0.06568424 0.06254459
0.06184666 0.06077602
0.05811718 0.05899176
0.05449674 0.05719284
0.05098621 0.05538025
0.04758647 0.05355494
0.04429836 0.05171783
0.04112269 0.04986981
0.03806023 0.04801172
0.03511176 0.04614437
0.03227798 0.04426854
0.02955962 0.04238495
0.02695732 0.04049429
0.02447174 0.03859721
0.02210349 0.03669433
0.01985316 0.03478622
0.01772129 0.03287342
0.01570842 0.03095642
0.01381504 0.02903570
0.01204162 0.02711167
0.01038859 0.02518473
0.00885637 0.02325525
0.00744534 0.02132355
0.00615583 0.01938995
0.00498817 0.01745472
0.00394265 0.01551812
0.00301952 0.01358037
0.00221902 0.01164170
0.00154133 0.00970228
0.00098664 0.00776231
0.00055506 0.00582194
0.00024672 0.00388134
0.00006168 0.00194064
0.00000000 0.00000000
0.00006168 -0.00076052
0.00024672 -0.00151943
0.00055506 -0.00227511
0.00098664 -0.00302596
0.00154133 -0.00377038
0.00221902 -0.00450680
0.00301952 -0.00523367
0.00394265 -0.00594947
0.00498817 -0.00665270
0.00615583 -0.00734192
0.00744534 -0.00801570
0.00885637 -0.00867267
0.01038859 -0.00931152
0.01204162 -0.00993097
0.01381504 -0.01052980
0.01570842 -0.01110686
0.01772129 -0.01166106
0.01985316 -0.01219136
0.02210349 -0.01269680
0.02447174 -0.01317649
0.02695732 -0.01362961
0.02955962 -0.01405543
0.03227798 -0.01445328
0.03511176 -0.01482257
0.03806023 -0.01516280
0.04112269 -0.01547354
0.04429836 -0.01575447
0.04758647 -0.01600531
0.05098621 -0.01622590
0.05449674 -0.01641615
0.05811718 -0.01657605
0.06184666 -0.01670569
0.06568424 -0.01680523
0.06962899 -0.01687491
0.07367992 -0.01691505
0.07783604 -0.01692605
0.08209632 -0.01690840
0.08645971 -0.01686265
0.09092514 -0.01678942
0.09549150 -0.01668942
0.10015767 -0.01656339
0.10492249 -0.01641218
0.10978480 -0.01623666
0.11474338 -0.01603778
0.11979702 -0.01581653
0.12494447 -0.01557396
0.13018445 -0.01531115
0.13551569 -0.01502924
0.14093685 -0.01472940
0.14644661 -0.01441281
0.15204360 -0.01408071
0.15772645 -0.01373434
0.16349374 -0.01337497
0.16934407 -0.01300387
0.17527598 -0.01262233
0.18128801 -0.01223164
0.18737867 -0.01183308
0.19354647 -0.01142795
0.19978989 -0.01101751
0.20610737 -0.01060302
0.21249737 -0.01018571
0.21895831 -0.00976682
0.22548859 -0.00934751
0.23208660 -0.00892895
0.23875072 -0.00851227
0.24547929 -0.00809854
0.25227067 -0.00768881
0.25912316 -0.00728409
0.26603509 -0.00688532
0.27300475 -0.00649341
0.28003042 -0.00610921
0.28711035 -0.00573351
0.29424282 -0.00536708
0.30142605 -0.00501059
0.30865828 -0.00466467
0.31593772 -0.00432990
0.32326258 -0.00400680
0.33063104 -0.00369583
0.33804129 -0.00339737
0.34549150 -0.00311178
0.35297984 -0.00283933
0.36050445 -0.00258027
0.36806348 -0.00233475
0.37565506 -0.00210290
0.38327732 -0.00188479
0.39092838 -0.00168043
0.39860635 -0.00148980
0.40630934 -0.00131281
0.41403545 -0.00114934
0.42178277 -0.00099924
0.42954938 -0.00086229
0.43733338 -0.00073827
0.44513284 -0.00062690
0.45294584 -0.00052787
0.46077045 -0.00044087
0.46860474 -0.00036552
0.47644677 -0.00030146
0.48429462 -0.00024828
0.49214634 -0.00020557
0.50000000 -0.00017289
0.50785366 -0.00014982
0.51570538 -0.00013589
0.52355323 -0.00013065
0.53139526 -0.00013363
0.53922955 -0.00014437
0.54705416 -0.00016240
0.55486716 -0.00018726
0.56266662 -0.00021848
0.57045062 -0.00025561
0.57821723 -0.00029820
0.58596455 -0.00034580
0.59369066 -0.00039798
0.60139365 -0.00045431
0.60907162 -0.00051437
0.61672268 -0.00057776
0.62434494 -0.00064409
0.63193652 -0.00071298
0.63949555 -0.00078405
0.64702016 -0.00085695
0.65450850 -0.00093133
0.66195871 -0.00100686
0.66936896 -0.00108322
0.67673742 -0.00116010
0.68406228 -0.00123720
0.69134172 -0.00131424
0.69857395 -0.00139093
0.70575718 -0.00146702
0.71288965 -0.00154224
0.71996958 -0.00161636
0.72699525 -0.00168912
0.73396491 -0.00176032
0.74087684 -0.00182971
0.74772933 -0.00189710
0.75452071 -0.00196228
0.76124928 -0.00202504
0.76791340 -0.00208520
0.77451141 -0.00214257
0.78104169 -0.00219698
0.78750263 -0.00224825
0.79389263 -0.00229623
0.80021011 -0.00234076
0.80645353 -0.00238168
0.81262133 -0.00241887
0.81871199 -0.00245218
0.82472402 -0.00248149
0.83065593 -0.00250669
0.83650626 -0.00252767
0.84227355 -0.00254434
0.84795640 -0.00255661
0.85355339 -0.00256442
0.85906315 -0.00256770
0.86448431 -0.00256641
0.86981555 -0.00256051
0.87505553 -0.00254998
0.88020298 -0.00253483
0.88525662 -0.00251507
0.89021520 -0.00249073
0.89507751 -0.00246185
0.89984233 -0.00242850
0.90450850 -0.00239076
0.90907486 -0.00234874
0.91354029 -0.00230255
0.91790368 -0.00225233
0.92216396 -0.00219825
0.92632008 -0.00214047
0.93037101 -0.00207919
0.93431576 -0.00201463
0.93815334 -0.00194702
0.94188282 -0.00187660
0.94550326 -0.00180364
0.94901379 -0.00172842
0.95241353 -0.00165123
0.95570164 -0.00157238
0.95887731 -0.00149220
0.96193977 -0.00141101
0.96488824 -0.00132915
0.96772202 -0.00124697
0.97044038 -0.00116483
0.97304268 -0.00108309
0.97552826 -0.00100210
0.97789651 -0.00092223
0.98014684 -0.00084383
0.98227871 -0.00076727
0.98429158 -0.00069290
0.98618496 -0.00062106
0.98795838 -0.00055209
0.98961141 -0.00048632
0.99114363 -0.00042404
0.99255466 -0.00036557
0.99384417 -0.00031119
0.99501183 -0.00026114
0.99605735 -0.00021569
0.99698048 -0.00017504
0.99778098 -0.00013940
0.99845867 -0.00010894
0.99901336 -0.00008381
0.99944494 -0.00006413
0.99975328 -0.00005001
0.99993832 -0.00004151
1.00000000 -0.00003867
