sample_978
1.00000000 0.00155748
0.99993832 0.00157590
0.99975328 0.00163114
0.99944494 0.00172321
0.99901336 0.00185209
0.99845867 0.00201776
0.99778098 0.00222018
0.99698048 0.00245933
0.99605735 0.00273517
0.99501183 0.00304762
0.99384417 0.00339664
0.99255466 0.00378213
0.99114363 0.00420399
0.98961141 0.00466211
0.98795838 0.00515635
0.98618496 0.00568656
0.98429158 0.00625254
0.98227871 0.00685409
0.98014684 0.00749097
0.97789651 0.00816291
0.97552826 0.00886960
0.97304268 0.00961071
0.97044038 0.01038586
0.96772202 0.01119463
0.96488824 0.01203656
0.96193977 0.01291117
0.95887731 0.01381790
0.95570164 0.01475618
0.95241353 0.01572537
0.94901379 0.01672480
0.94550326 0.01775374
0.94188282 0.01881144
0.93815334 0.01989707
0.93431576 0.02100979
0.93037101 0.02214868
0.92632008 0.02331282
0.92216396 0.02450120
0.91790368 0.02571282
0.91354029 0.02694660
0.90907486 0.02820145
0.90450850 0.02947624
0.89984233 0.03076980
0.89507751 0.03208095
0.89021520 0.03340848
0.88525662 0.03475115
0.88020298 0.03610770
0.87505553 0.03747687
0.86981555 0.03885737
0.86448431 0.04024793
0.85906315 0.04164724
0.85355339 0.04305401
0.84795640 0.04446695
0.84227355 0.04588477
0.83650626 0.04730621
0.83065593 0.04872998
0.82472402 0.05015484
0.81871199 0.05157955
0.81262133 0.05300292
0.80645353 0.05442374
0.80021011 0.05584085
0.79389263 0.05725312
0.78750263 0.05865944
0.78104169 0.06005872
0.77451141 0.06144994
0.76791340 0.06283206
0.76124928 0.06420412
0.75452071 0.06556516
0.74772933 0.06691428
0.74087684 0.06825059
0.73396491 0.06957325
0.72699525 0.07088144
0.71996958 0.07217438
0.71288965 0.07345133
0.70575718 0.07471156
0.69857395 0.07595436
0.69134172 0.07717909
0.68406228 0.07838508
0.67673742 0.07957173
0.66936896 0.08073842
0.66195871 0.08188457
0.65450850 0.08300962
0.64702016 0.08411301
0.63949555 0.08519420
0.63193652 0.08625267
0.62434494 0.08728788
0.61672268 0.08829931
0.60907162 0.08928646
0.60139365 0.09024882
0.59369066 0.09118587
0.58596455 0.09209710
0.57821723 0.09298201
0.57045062 0.09384008
0.56266662 0.09467079
0.55486716 0.09547363
0.54705416 0.09624806
0.53922955 0.09699357
0.53139526 0.09770961
0.52355323 0.09839566
0.51570538 0.09905118
0.50785366 0.09967563
0.50000000 0.10026847
0.49214634 0.10082916
0.48429462 0.10135717
0.47644677 0.10185197
0.46860474 0.10231302
0.46077045 0.10273982
0.45294584 0.10313185
0.44513284 0.10348862
0.43733338 0.10380965
0.42954938 0.10409447
0.42178277 0.10434264
0.41403545 0.10455374
0.40630934 0.10472737
0.39860635 0.10486316
0.39092838 0.10496076
0.38327732 0.10501987
0.37565506 0.10504020
0.36806348 0.10502151
0.36050445 0.10496359
0.35297984 0.10486628
0.34549150 0.10472944
0.33804129 0.10455299
0.33063104 0.10433687
0.32326258 0.10408109
0.31593772 0.10378568
0.30865828 0.10345072
0.30142605 0.10307634
0.29424282 0.10266270
0.28711035 0.10221002
0.28003042 0.10171854
0.27300475 0.10118856
0.26603509 0.10062040
0.25912316 0.10001443
0.25227067 0.09937106
0.24547929 0.09869072
0.23875072 0.09797388
0.23208660 0.09722104
0.22548859 0.09643273
0.21895831 0.09560949
0.21249737 0.09475190
0.20610737 0.09386055
0.19978989 0.09293604
0.19354647 0.09197901
0.18737867 0.09099008
0.18128801 0.08996989
0.17527598 0.08891910
0.16934407 0.08783835
0.16349374 0.08672830
0.15772645 0.08558959
0.15204360 0.08442288
0.14644661 0.08322879
0.14093685 0.08200798
0.13551569 0.08076104
0.13018445 0.07948861
0.12494447 0.07819128
0.11979702 0.07686964
0.11474338 0.07552425
0.10978480 0.07415568
0.10492249 0.07276446
0.10015767 0.07135113
0.09549150 0.06991619
0.09092514 0.06846015
0.08645971 0.06698347
0.08209632 0.06548664
0.07783604 0.06397011
0.07367992 0.06243431
0.06962899 0.06087969
0.06568424 0.05930666
0.06184666 0.05771565
0.05811718 0.05610706
0.05449674 0.05448130
0.05098621 0.05283877
0.04758647 0.05117988
0.04429836 0.04950502
0.04112269 0.04781462
0.03806023 0.04610906
0.03511176 0.04438879
0.03227798 0.04265421
0.02955962 0.04090577
0.02695732 0.03914392
0.02447174 0.03736911
0.02210349 0.03558181
0.01985316 0.03378253
0.01772129 0.03197175
0.01570842 0.03015000
0.01381504 0.02831783
0.01204162 0.02647578
0.01038859 0.02462442
0.00885637 0.02276435
0.00744534 0.02089618
0.00615583 0.01902053
0.00498817 0.01713803
0.00394265 0.01524935
0.00301952 0.01335515
0.00221902 0.01145612
0.00154133 0.00955295
0.00098664 0.00764635
0.00055506 0.00573703
0.00024672 0.00382571
0.00006168 0.00191313
0.00000000 0.00000000
0.00006168 -0.00140042
0.00024672 -0.00279851
0.00055506 -0.00419195
0.00098664 -0.00557842
0.00154133 -0.00695562
0.00221902 -0.00832125
0.00301952 -0.00967305
0.00394265 -0.01100878
0.00498817 -0.01232621
0.00615583 -0.01362317
0.00744534 -0.01489751
0.00885637 -0.01614713
0.01038859 -0.01736998
0.01204162 -0.01856403
0.01381504 -0.01972735
0.01570842 -0.02085805
0.01772129 -0.02195428
0.01985316 -0.02301430
0.02210349 -0.02403641
0.02447174 -0.02501900
0.02695732 -0.02596053
0.02955962 -0.02685958
0.03227798 -0.02771478
0.03511176 -0.02852486
0.03806023 -0.02928867
0.04112269 -0.03000513
0.04429836 -0.03067330
0.04758647 -0.03129233
0.05098621 -0.03186147
0.05449674 -0.03238010
0.05811718 -0.03284771
0.06184666 -0.03326392
0.06568424 -0.03362846
0.06962899 -0.03394118
0.07367992 -0.03420207
0.07783604 -0.03441123
0.08209632 -0.03456890
0.08645971 -0.03467542
0.09092514 -0.03473128
0.09549150 -0.03473709
0.10015767 -0.03469356
0.10492249 -0.03460155
0.10978480 -0.03446203
0.11474338 -0.03427607
0.11979702 -0.03404487
0.12494447 -0.03376973
0.13018445 -0.03345206
0.13551569 -0.03309335
0.14093685 -0.03269522
0.14644661 -0.03225934
0.15204360 -0.03178749
0.15772645 -0.03128151
0.16349374 -0.03074331
0.16934407 -0.03017488
0.17527598 -0.02957825
0.18128801 -0.02895549
0.18737867 -0.02830873
0.19354647 -0.02764011
0.19978989 -0.02695182
0.20610737 -0.02624604
0.21249737 -0.02552498
0.21895831 -0.02479083
0.22548859 -0.02404577
0.23208660 -0.02329199
0.23875072 -0.02253163
0.24547929 -0.02176680
0.25227067 -0.02099959
0.25912316 -0.02023202
0.26603509 -0.01946607
0.27300475 -0.01870365
0.28003042 -0.01794661
0.28711035 -0.01719673
0.29424282 -0.01645571
0.30142605 -0.01572517
0.30865828 -0.01500664
0.31593772 -0.01430155
0.32326258 -0.01361126
0.33063104 -0.01293701
0.33804129 -0.01227996
0.34549150 -0.01164116
0.35297984 -0.01102156
0.36050445 -0.01042201
0.36806348 -0.00984325
0.37565506 -0.00928592
0.38327732 -0.00875058
0.39092838 -0.00823766
0.39860635 -0.00774751
0.40630934 -0.00728038
0.41403545 -0.00683644
0.42178277 -0.00641575
0.42954938 -0.00601830
0.43733338 -0.00564399
0.44513284 -0.00529265
0.45294584 -0.00496404
0.46077045 -0.00465782
0.46860474 -0.00437364
0.47644677 -0.00411104
0.48429462 -0.00386953
0.49214634 -0.00364859
0.50000000 -0.00344761
0.50785366 -0.00326597
0.51570538 -0.00310303
0.52355323 -0.00295808
0.53139526 -0.00283043
0.53922955 -0.00271934
0.54705416 -0.00262406
0.55486716 -0.00254383
0.56266662 -0.00247790
0.57045062 -0.00242550
0.57821723 -0.00238585
0.58596455 -0.00235819
0.59369066 -0.00234177
0.60139365 -0.00233584
0.60907162 -0.00233966
0.61672268 -0.00235251
0.62434494 -0.00237367
0.63193652 -0.00240246
0.63949555 -0.00243819
0.64702016 -0.00248022
0.65450850 -0.00252789
0.66195871 -0.00258061
0.66936896 -0.00263776
0.67673742 -0.00269877
0.68406228 -0.00276308
0.69134172 -0.00283015
0.69857395 -0.00289947
0.70575718 -0.00297051
0.71288965 -0.00304282
0.71996958 -0.00311590
0.72699525 -0.00318932
0.73396491 -0.00326263
0.74087684 -0.00333541
0.74772933 -0.00340726
0.75452071 -0.00347777
0.76124928 -0.00354657
0.76791340 -0.00361328
0.77451141 -0.00367755
0.78104169 -0.00373902
0.78750263 -0.00379736
0.79389263 -0.00385223
0.80021011 -0.00390334
0.80645353 -0.00395036
0.81262133 -0.00399301
0.81871199 -0.00403100
0.82472402 -0.00406408
0.83065593 -0.00409198
0.83650626 -0.00411446
0.84227355 -0.00413130
0.84795640 -0.00414230
0.85355339 -0.00414727
0.85906315 -0.00414602
0.86448431 -0.00413843
0.86981555 -0.00412435
0.87505553 -0.00410368
0.88020298 -0.00407635
0.88525662 -0.00404231
0.89021520 -0.00400152
0.89507751 -0.00395399
0.89984233 -0.00389976
0.90450850 -0.00383889
0.90907486 -0.00377148
0.91354029 -0.00369765
0.91790368 -0.00361757
0.92216396 -0.00353143
0.92632008 -0.00343947
0.93037101 -0.00334195
0.93431576 -0.00323916
0.93815334 -0.00313143
0.94188282 -0.00301912
0.94550326 -0.00290263
0.94901379 -0.00278238
0.95241353 -0.00265882
0.95570164 -0.00253242
0.95887731 -0.00240368
0.96193977 -0.00227313
0.96488824 -0.00214130
0.96772202 -0.00200877
0.97044038 -0.00187609
0.97304268 -0.00174385
0.97552826 -0.00161265
0.97789651 -0.00148308
0.98014684 -0.00135574
0.98227871 -0.00123121
0.98429158 -0.00111010
0.98618496 -0.00099297
0.98795838 -0.00088039
0.98961141 -0.00077291
0.99114363 -0.00067106
0.99255466 -0.00057534
0.99384417 -0.00048623
0.99501183 -0.00040417
0.99605735 -0.00032958
0.99698048 -0.00026285
0.99778098 -0.00020430
0.99845867 -0.00015424
0.99901336 -0.00011292
0.99944494 -0.00008056
0.99975328 -0.00005733
0.99993832 -0.00004334
1.00000000 -0.00003867
