sample_525
1.00000000 0.00155748
0.99993832 0.00157366
0.99975328 0.00162218
0.99944494 0.00170302
0.99901336 0.00181613
0.99845867 0.00196144
0.99778098 0.00213888
0.99698048 0.00234834
0.99605735 0.00258968
0.99501183 0.00286277
0.99384417 0.00316744
0.99255466 0.00350348
0.99114363 0.00387069
0.98961141 0.00426881
0.98795838 0.00469757
0.98618496 0.00515668
0.98429158 0.00564581
0.98227871 0.00616459
0.98014684 0.00671263
0.97789651 0.00728952
0.97552826 0.00789480
0.97304268 0.00852798
0.97044038 0.00918853
0.96772202 0.00987592
0.96488824 0.01058954
0.96193977 0.01132878
0.95887731 0.01209298
0.95570164 0.01288147
0.95241353 0.01369353
0.94901379 0.01452843
0.94550326 0.01538538
0.94188282 0.01626360
0.93815334 0.01716227
0.93431576 0.01808055
0.93037101 0.01901759
0.92632008 0.01997252
0.92216396 0.02094446
0.91790368 0.02193251
0.91354029 0.02293578
0.90907486 0.02395336
0.90450850 0.02498436
0.89984233 0.02602789
0.89507751 0.02708305
0.89021520 0.02814897
0.88525662 0.02922480
0.88020298 0.03030968
0.87505553 0.03140280
0.86981555 0.03250336
0.86448431 0.03361058
0.85906315 0.03472372
0.85355339 0.03584207
0.84795640 0.03696495
0.84227355 0.03809171
0.83650626 0.03922174
0.83065593 0.04035448
0.82472402 0.04148937
0.81871199 0.04262592
0.81262133 0.04376366
0.80645353 0.04490215
0.80021011 0.04604101
0.79389263 0.04717985
0.78750263 0.04831834
0.78104169 0.04945617
0.77451141 0.05059304
0.76791340 0.05172869
0.76124928 0.05286286
0.75452071 0.05399530
0.74772933 0.05512578
0.74087684 0.05625406
0.73396491 0.05737991
0.72699525 0.05850309
0.71996958 0.05962334
0.71288965 0.06074038
0.70575718 0.06185392
0.69857395 0.06296363
0.69134172 0.06406917
0.68406228 0.06517012
0.67673742 0.06626607
0.66936896 0.06735653
0.66195871 0.06844095
0.65450850 0.06951876
0.64702016 0.07058932
0.63949555 0.07165191
0.63193652 0.07270577
0.62434494 0.07375007
0.61672268 0.07478392
0.60907162 0.07580635
0.60139365 0.07681634
0.59369066 0.07781278
0.58596455 0.07879454
0.57821723 0.07976039
0.57045062 0.08070905
0.56266662 0.08163920
0.55486716 0.08254945
0.54705416 0.08343838
0.53922955 0.08430450
0.53139526 0.08514632
0.52355323 0.08596230
0.51570538 0.08675088
0.50785366 0.08751048
0.50000000 0.08823951
0.49214634 0.08893641
0.48429462 0.08959958
0.47644677 0.09022747
0.46860474 0.09081854
0.46077045 0.09137130
0.45294584 0.09188429
0.44513284 0.09235610
0.43733338 0.09278537
0.42954938 0.09317083
0.42178277 0.09351127
0.41403545 0.09380557
0.40630934 0.09405270
0.39860635 0.09425171
0.39092838 0.09440179
0.38327732 0.09450220
0.37565506 0.09455233
0.36806348 0.09455169
0.36050445 0.09449992
0.35297984 0.09439677
0.34549150 0.09424211
0.33804129 0.09403597
0.33063104 0.09377847
0.32326258 0.09346988
0.31593772 0.09311061
0.30865828 0.09270115
0.30142605 0.09224217
0.29424282 0.09173440
0.28711035 0.09117874
0.28003042 0.09057615
0.27300475 0.08992773
0.26603509 0.08923465
0.25912316 0.08849819
0.25227067 0.08771970
0.24547929 0.08690061
0.23875072 0.08604241
0.23208660 0.08514666
0.22548859 0.08421495
0.21895831 0.08324892
0.21249737 0.08225024
0.20610737 0.08122059
0.19978989 0.08016167
0.19354647 0.07907518
0.18737867 0.07796280
0.18128801 0.07682622
0.17527598 0.07566707
0.16934407 0.07448698
0.16349374 0.07328751
0.15772645 0.07207018
0.15204360 0.07083648
0.14644661 0.06958779
0.14093685 0.06832546
0.13551569 0.06705076
0.13018445 0.06576487
0.12494447 0.06446892
0.11979702 0.06316393
0.11474338 0.06185084
0.10978480 0.06053052
0.10492249 0.05920374
0.10015767 0.05787119
0.09549150 0.05653348
0.09092514 0.05519114
0.08645971 0.05384460
0.08209632 0.05249424
0.07783604 0.05114035
0.07367992 0.04978316
0.06962899 0.04842282
0.06568424 0.04705945
0.06184666 0.04569309
0.05811718 0.04432374
0.05449674 0.04295136
0.05098621 0.04157588
0.04758647 0.04019719
0.04429836 0.03881515
0.04112269 0.03742964
0.03806023 0.03604048
0.03511176 0.03464752
0.03227798 0.03325059
0.02955962 0.03184955
0.02695732 0.03044426
0.02447174 0.02903458
0.02210349 0.02762043
0.01985316 0.02620171
0.01772129 0.02477838
0.01570842 0.02335043
0.01381504 0.02191787
0.01204162 0.02048076
0.01038859 0.01903919
0.00885637 0.01759328
0.00744534 0.01614321
0.00615583 0.01468918
0.00498817 0.01323143
0.00394265 0.01177025
0.00301952 0.01030593
0.00221902 0.00883883
0.00154133 0.00736932
0.00098664 0.00589778
0.00055506 0.00442464
0.00024672 0.00295033
0.00006168 0.00147530
0.00000000 0.00000000
0.00006168 -0.00110055
0.00024672 -0.00219953
0.00055506 -0.00329538
0.00098664 -0.00438654
0.00154133 -0.00547145
0.00221902 -0.00654859
0.00301952 -0.00761645
0.00394265 -0.00867353
0.00498817 -0.00971839
0.00615583 -0.01074959
0.00744534 -0.01176575
0.00885637 -0.01276549
0.01038859 -0.01374753
0.01204162 -0.01471058
0.01381504 -0.01565343
0.01570842 -0.01657491
0.01772129 -0.01747391
0.01985316 -0.01834938
0.02210349 -0.01920030
0.02447174 -0.02002575
0.02695732 -0.02082485
0.02955962 -0.02159679
0.03227798 -0.02234083
0.03511176 -0.02305628
0.03806023 -0.02374254
0.04112269 -0.02439907
0.04429836 -0.02502539
0.04758647 -0.02562111
0.05098621 -0.02618590
0.05449674 -0.02671949
0.05811718 -0.02722169
0.06184666 -0.02769238
0.06568424 -0.02813150
0.06962899 -0.02853906
0.07367992 -0.02891514
0.07783604 -0.02925987
0.08209632 -0.02957346
0.08645971 -0.02985617
0.09092514 -0.03010832
0.09549150 -0.03033027
0.10015767 -0.03052246
0.10492249 -0.03068536
0.10978480 -0.03081948
0.11474338 -0.03092541
0.11979702 -0.03100374
0.12494447 -0.03105512
0.13018445 -0.03108022
0.13551569 -0.03107977
0.14093685 -0.03105449
0.14644661 -0.03100515
0.15204360 -0.03093252
0.15772645 -0.03083742
0.16349374 -0.03072066
0.16934407 -0.03058305
0.17527598 -0.03042543
0.18128801 -0.03024864
0.18737867 -0.03005351
0.19354647 -0.02984089
0.19978989 -0.02961159
0.20610737 -0.02936645
0.21249737 -0.02910628
0.21895831 -0.02883187
0.22548859 -0.02854401
0.23208660 -0.02824348
0.23875072 -0.02793102
0.24547929 -0.02760736
0.25227067 -0.02727321
0.25912316 -0.02692927
0.26603509 -0.02657618
0.27300475 -0.02621459
0.28003042 -0.02584511
0.28711035 -0.02546834
0.29424282 -0.02508482
0.30142605 -0.02469511
0.30865828 -0.02429971
0.31593772 -0.02389911
0.32326258 -0.02349377
0.33063104 -0.02308414
0.33804129 -0.02267063
0.34549150 -0.02225365
0.35297984 -0.02183357
0.36050445 -0.02141076
0.36806348 -0.02098555
0.37565506 -0.02055828
0.38327732 -0.02012926
0.39092838 -0.01969880
0.39860635 -0.01926719
0.40630934 -0.01883472
0.41403545 -0.01840167
0.42178277 -0.01796830
0.42954938 -0.01753490
0.43733338 -0.01710173
0.44513284 -0.01666906
0.45294584 -0.01623715
0.46077045 -0.01580628
0.46860474 -0.01537673
0.47644677 -0.01494877
0.48429462 -0.01452268
0.49214634 -0.01409876
0.50000000 -0.01367730
0.50785366 -0.01325860
0.51570538 -0.01284297
0.52355323 -0.01243073
0.53139526 -0.01202219
0.53922955 -0.01161768
0.54705416 -0.01121754
0.55486716 -0.01082210
0.56266662 -0.01043171
0.57045062 -0.01004669
0.57821723 -0.00966741
0.58596455 -0.00929419
0.59369066 -0.00892738
0.60139365 -0.00856733
0.60907162 -0.00821435
0.61672268 -0.00786879
0.62434494 -0.00753095
0.63193652 -0.00720114
0.63949555 -0.00687966
0.64702016 -0.00656678
0.65450850 -0.00626278
0.66195871 -0.00596788
0.66936896 -0.00568231
0.67673742 -0.00540629
0.68406228 -0.00513998
0.69134172 -0.00488354
0.69857395 -0.00463709
0.70575718 -0.00440074
0.71288965 -0.00417454
0.71996958 -0.00395855
0.72699525 -0.00375277
0.73396491 -0.00355717
0.74087684 -0.00337171
0.74772933 -0.00319628
0.75452071 -0.00303078
0.76124928 -0.00287506
0.76791340 -0.00272892
0.77451141 -0.00259216
0.78104169 -0.00246455
0.78750263 -0.00234580
0.79389263 -0.00223562
0.80021011 -0.00213369
0.80645353 -0.00203966
0.81262133 -0.00195318
0.81871199 -0.00187384
0.82472402 -0.00180125
0.83065593 -0.00173499
0.83650626 -0.00167464
0.84227355 -0.00161974
0.84795640 -0.00156986
0.85355339 -0.00152455
0.85906315 -0.00148335
0.86448431 -0.00144582
0.86981555 -0.00141151
0.87505553 -0.00137999
0.88020298 -0.00135082
0.88525662 -0.00132359
0.89021520 -0.00129791
0.89507751 -0.00127339
0.89984233 -0.00124968
0.90450850 -0.00122642
0.90907486 -0.00120332
0.91354029 -0.00118007
0.91790368 -0.00115641
0.92216396 -0.00113212
0.92632008 -0.00110698
0.93037101 -0.00108083
0.93431576 -0.00105353
0.93815334 -0.00102495
0.94188282 -0.00099503
0.94550326 -0.00096372
0.94901379 -0.00093100
0.95241353 -0.00089688
0.95570164 -0.00086141
0.95887731 -0.00082466
0.96193977 -0.00078673
0.96488824 -0.00074774
0.96772202 -0.00070785
0.97044038 -0.00066721
0.97304268 -0.00062601
0.97552826 -0.00058447
0.97789651 -0.00054280
0.98014684 -0.00050123
0.98227871 -0.00046001
0.98429158 -0.00041938
0.98618496 -0.00037960
0.98795838 -0.00034092
0.98961141 -0.00030358
0.99114363 -0.00026785
0.99255466 -0.00023396
0.99384417 -0.00020215
0.99501183 -0.00017264
0.99605735 -0.00014563
0.99698048 -0.00012131
0.99778098 -0.00009987
0.99845867 -0.00008146
0.99901336 -0.00006621
0.99944494 -0.00005423
0.99975328 -0.00004561
0.99993832 -0.00004041
1.00000000 -0.00003867
