sample_439
1.00000000 0.00155748
0.99993832 0.00157443
0.99975328 0.00162526
0.99944494 0.00170992
0.99901336 0.00182833
0.99845867 0.00198038
0.99778098 0.00216593
0.99698048 0.00238479
0.99605735 0.00263675
0.99501183 0.00292157
0.99384417 0.00323896
0.99255466 0.00358862
0.99114363 0.00397019
0.98961141 0.00438329
0.98795838 0.00482749
0.98618496 0.00530235
0.98429158 0.00580737
0.98227871 0.00634201
0.98014684 0.00690572
0.97789651 0.00749790
0.97552826 0.00811789
0.97304268 0.00876504
0.97044038 0.00943862
0.96772202 0.01013790
0.96488824 0.01086208
0.96193977 0.01161037
0.95887731 0.01238190
0.95570164 0.01317581
0.95241353 0.01399118
0.94901379 0.01482709
0.94550326 0.01568257
0.94188282 0.01655663
0.93815334 0.01744827
0.93431576 0.01835647
0.93037101 0.01928018
0.92632008 0.02021835
0.92216396 0.02116991
0.91790368 0.02213379
0.91354029 0.02310891
0.90907486 0.02409419
0.90450850 0.02508857
0.89984233 0.02609096
0.89507751 0.02710032
0.89021520 0.02811559
0.88525662 0.02913575
0.88020298 0.03015978
0.87505553 0.03118670
0.86981555 0.03221556
0.86448431 0.03324542
0.85906315 0.03427539
0.85355339 0.03530461
0.84795640 0.03633226
0.84227355 0.03735756
0.83650626 0.03837977
0.83065593 0.03939820
0.82472402 0.04041221
0.81871199 0.04142118
0.81262133 0.04242459
0.80645353 0.04342192
0.80021011 0.04441272
0.79389263 0.04539660
0.78750263 0.04637319
0.78104169 0.04734220
0.77451141 0.04830337
0.76791340 0.04925647
0.76124928 0.05020135
0.75452071 0.05113786
0.74772933 0.05206593
0.74087684 0.05298549
0.73396491 0.05389653
0.72699525 0.05479904
0.71996958 0.05569306
0.71288965 0.05657863
0.70575718 0.05745584
0.69857395 0.05832476
0.69134172 0.05918548
0.68406228 0.06003809
0.67673742 0.06088271
0.66936896 0.06171940
0.66195871 0.06254827
0.65450850 0.06336936
0.64702016 0.06418275
0.63949555 0.06498844
0.63193652 0.06578646
0.62434494 0.06657676
0.61672268 0.06735929
0.60907162 0.06813396
0.60139365 0.06890062
0.59369066 0.06965910
0.58596455 0.07040917
0.57821723 0.07115056
0.57045062 0.07188296
0.56266662 0.07260599
0.55486716 0.07331923
0.54705416 0.07402221
0.53922955 0.07471442
0.53139526 0.07539527
0.52355323 0.07606414
0.51570538 0.07672037
0.50785366 0.07736323
0.50000000 0.07799195
0.49214634 0.07860574
0.48429462 0.07920374
0.47644677 0.07978506
0.46860474 0.08034880
0.46077045 0.08089400
0.45294584 0.08141969
0.44513284 0.08192487
0.43733338 0.08240853
0.42954938 0.08286964
0.42178277 0.08330718
0.41403545 0.08372010
0.40630934 0.08410737
0.39860635 0.08446795
0.39092838 0.08480084
0.38327732 0.08510504
0.37565506 0.08537955
0.36806348 0.08562343
0.36050445 0.08583577
0.35297984 0.08601566
0.34549150 0.08616225
0.33804129 0.08627476
0.33063104 0.08635240
0.32326258 0.08639448
0.31593772 0.08640034
0.30865828 0.08636938
0.30142605 0.08630106
0.29424282 0.08619489
0.28711035 0.08605046
0.28003042 0.08586741
0.27300475 0.08564545
0.26603509 0.08538437
0.25912316 0.08508399
0.25227067 0.08474422
0.24547929 0.08436505
0.23875072 0.08394650
0.23208660 0.08348867
0.22548859 0.08299172
0.21895831 0.08245588
0.21249737 0.08188143
0.20610737 0.08126871
0.19978989 0.08061809
0.19354647 0.07993004
0.18737867 0.07920502
0.18128801 0.07844358
0.17527598 0.07764630
0.16934407 0.07681379
0.16349374 0.07594670
0.15772645 0.07504570
0.15204360 0.07411153
0.14644661 0.07314490
0.14093685 0.07214658
0.13551569 0.07111735
0.13018445 0.07005799
0.12494447 0.06896932
0.11979702 0.06785214
0.11474338 0.06670729
0.10978480 0.06553558
0.10492249 0.06433783
0.10015767 0.06311488
0.09549150 0.06186755
0.09092514 0.06059664
0.08645971 0.05930297
0.08209632 0.05798733
0.07783604 0.05665052
0.07367992 0.05529331
0.06962899 0.05391646
0.06568424 0.05252073
0.06184666 0.05110685
0.05811718 0.04967555
0.05449674 0.04822752
0.05098621 0.04676347
0.04758647 0.04528407
0.04429836 0.04378997
0.04112269 0.04228184
0.03806023 0.04076029
0.03511176 0.03922595
0.03227798 0.03767943
0.02955962 0.03612132
0.02695732 0.03455219
0.02447174 0.03297263
0.02210349 0.03138318
0.01985316 0.02978441
0.01772129 0.02817684
0.01570842 0.02656102
0.01381504 0.02493747
0.01204162 0.02330671
0.01038859 0.02166926
0.00885637 0.02002561
0.00744534 0.01837629
0.00615583 0.01672178
0.00498817 0.01506259
0.00394265 0.01339921
0.00301952 0.01173212
0.00221902 0.01006183
0.00154133 0.00838883
0.00098664 0.00671358
0.00055506 0.00503659
0.00024672 0.00335834
0.00006168 0.00167932
0.00000000 0.00000000
0.00006168 -0.00091551
0.00024672 -0.00182999
0.00055506 -0.00274239
0.00098664 -0.00365169
0.00154133 -0.00455684
0.00221902 -0.00545683
0.00301952 -0.00635064
0.00394265 -0.00723724
0.00498817 -0.00811563
0.00615583 -0.00898482
0.00744534 -0.00984382
0.00885637 -0.01069167
0.01038859 -0.01152740
0.01204162 -0.01235008
0.01381504 -0.01315879
0.01570842 -0.01395261
0.01772129 -0.01473068
0.01985316 -0.01549214
0.02210349 -0.01623615
0.02447174 -0.01696192
0.02695732 -0.01766867
0.02955962 -0.01835566
0.03227798 -0.01902218
0.03511176 -0.01966757
0.03806023 -0.02029119
0.04112269 -0.02089245
0.04429836 -0.02147081
0.04758647 -0.02202576
0.05098621 -0.02255684
0.05449674 -0.02306365
0.05811718 -0.02354582
0.06184666 -0.02400306
0.06568424 -0.02443510
0.06962899 -0.02484175
0.07367992 -0.02522286
0.07783604 -0.02557834
0.08209632 -0.02590817
0.08645971 -0.02621237
0.09092514 -0.02649102
0.09549150 -0.02674426
0.10015767 -0.02697229
0.10492249 -0.02717536
0.10978480 -0.02735379
0.11474338 -0.02750793
0.11979702 -0.02763820
0.12494447 -0.02774507
0.13018445 -0.02782905
0.13551569 -0.02789070
0.14093685 -0.02793064
0.14644661 -0.02794951
0.15204360 -0.02794800
0.15772645 -0.02792683
0.16349374 -0.02788675
0.16934407 -0.02782855
0.17527598 -0.02775304
0.18128801 -0.02766104
0.18737867 -0.02755340
0.19354647 -0.02743097
0.19978989 -0.02729464
0.20610737 -0.02714526
0.21249737 -0.02698371
0.21895831 -0.02681087
0.22548859 -0.02662759
0.23208660 -0.02643472
0.23875072 -0.02623310
0.24547929 -0.02602355
0.25227067 -0.02580687
0.25912316 -0.02558382
0.26603509 -0.02535513
0.27300475 -0.02512153
0.28003042 -0.02488368
0.28711035 -0.02464223
0.29424282 -0.02439776
0.30142605 -0.02415084
0.30865828 -0.02390199
0.31593772 -0.02365168
0.32326258 -0.02340033
0.33063104 -0.02314834
0.33804129 -0.02289603
0.34549150 -0.02264371
0.35297984 -0.02239163
0.36050445 -0.02214000
0.36806348 -0.02188898
0.37565506 -0.02163870
0.38327732 -0.02138925
0.39092838 -0.02114067
0.39860635 -0.02089298
0.40630934 -0.02064617
0.41403545 -0.02040019
0.42178277 -0.02015496
0.42954938 -0.01991038
0.43733338 -0.01966634
0.44513284 -0.01942270
0.45294584 -0.01917930
0.46077045 -0.01893599
0.46860474 -0.01869260
0.47644677 -0.01844894
0.48429462 -0.01820483
0.49214634 -0.01796011
0.50000000 -0.01771459
0.50785366 -0.01746811
0.51570538 -0.01722052
0.52355323 -0.01697166
0.53139526 -0.01672141
0.53922955 -0.01646966
0.54705416 -0.01621630
0.55486716 -0.01596126
0.56266662 -0.01570449
0.57045062 -0.01544596
0.57821723 -0.01518565
0.58596455 -0.01492358
0.59369066 -0.01465979
0.60139365 -0.01439435
0.60907162 -0.01412733
0.61672268 -0.01385885
0.62434494 -0.01358905
0.63193652 -0.01331807
0.63949555 -0.01304609
0.64702016 -0.01277331
0.65450850 -0.01249993
0.66195871 -0.01222619
0.66936896 -0.01195232
0.67673742 -0.01167857
0.68406228 -0.01140521
0.69134172 -0.01113250
0.69857395 -0.01086073
0.70575718 -0.01059015
0.71288965 -0.01032106
0.71996958 -0.01005372
0.72699525 -0.00978842
0.73396491 -0.00952540
0.74087684 -0.00926492
0.74772933 -0.00900724
0.75452071 -0.00875259
0.76124928 -0.00850118
0.76791340 -0.00825322
0.77451141 -0.00800889
0.78104169 -0.00776837
0.78750263 -0.00753180
0.79389263 -0.00729932
0.80021011 -0.00707103
0.80645353 -0.00684702
0.81262133 -0.00662737
0.81871199 -0.00641212
0.82472402 -0.00620130
0.83065593 -0.00599491
0.83650626 -0.00579296
0.84227355 -0.00559540
0.84795640 -0.00540220
0.85355339 -0.00521330
0.85906315 -0.00502861
0.86448431 -0.00484806
0.86981555 -0.00467155
0.87505553 -0.00449896
0.88020298 -0.00433019
0.88525662 -0.00416511
0.89021520 -0.00400361
0.89507751 -0.00384555
0.89984233 -0.00369082
0.90450850 -0.00353929
0.90907486 -0.00339085
0.91354029 -0.00324538
0.91790368 -0.00310279
0.92216396 -0.00296297
0.92632008 -0.00282585
0.93037101 -0.00269135
0.93431576 -0.00255942
0.93815334 -0.00243000
0.94188282 -0.00230307
0.94550326 -0.00217862
0.94901379 -0.00205665
0.95241353 -0.00193717
0.95570164 -0.00182022
0.95887731 -0.00170585
0.96193977 -0.00159412
0.96488824 -0.00148512
0.96772202 -0.00137893
0.97044038 -0.00127567
0.97304268 -0.00117546
0.97552826 -0.00107843
0.97789651 -0.00098471
0.98014684 -0.00089446
0.98227871 -0.00080784
0.98429158 -0.00072500
0.98618496 -0.00064611
0.98795838 -0.00057133
0.98961141 -0.00050084
0.99114363 -0.00043479
0.99255466 -0.00037334
0.99384417 -0.00031666
0.99501183 -0.00026488
0.99605735 -0.00021815
0.99698048 -0.00017659
0.99778098 -0.00014033
0.99845867 -0.00010946
0.99901336 -0.00008408
0.99944494 -0.00006426
0.99975328 -0.00005006
0.99993832 -0.00004152
1.00000000 -0.00003867
