sample_760
1.00000000 0.00155748
0.99993832 0.00157669
0.99975328 0.00163431
0.99944494 0.00173025
0.99901336 0.00186437
0.99845867 0.00203649
0.99778098 0.00224636
0.99698048 0.00249368
0.99605735 0.00277812
0.99501183 0.00309928
0.99384417 0.00345671
0.99255466 0.00384993
0.99114363 0.00427839
0.98961141 0.00474153
0.98795838 0.00523872
0.98618496 0.00576932
0.98429158 0.00633262
0.98227871 0.00692790
0.98014684 0.00755441
0.97789651 0.00821136
0.97552826 0.00889795
0.97304268 0.00961333
0.97044038 0.01035667
0.96772202 0.01112709
0.96488824 0.01192370
0.96193977 0.01274562
0.95887731 0.01359195
0.95570164 0.01446178
0.95241353 0.01535420
0.94901379 0.01626830
0.94550326 0.01720318
0.94188282 0.01815794
0.93815334 0.01913169
0.93431576 0.02012355
0.93037101 0.02113265
0.92632008 0.02215815
0.92216396 0.02319920
0.91790368 0.02425499
0.91354029 0.02532473
0.90907486 0.02640764
0.90450850 0.02750297
0.89984233 0.02861000
0.89507751 0.02972803
0.89021520 0.03085638
0.88525662 0.03199441
0.88020298 0.03314149
0.87505553 0.03429703
0.86981555 0.03546047
0.86448431 0.03663125
0.85906315 0.03780886
0.85355339 0.03899282
0.84795640 0.04018265
0.84227355 0.04137791
0.83650626 0.04257817
0.83065593 0.04378302
0.82472402 0.04499209
0.81871199 0.04620499
0.81262133 0.04742137
0.80645353 0.04864088
0.80021011 0.04986319
0.79389263 0.05108797
0.78750263 0.05231488
0.78104169 0.05354360
0.77451141 0.05477382
0.76791340 0.05600519
0.76124928 0.05723739
0.75452071 0.05847006
0.74772933 0.05970286
0.74087684 0.06093540
0.73396491 0.06216731
0.72699525 0.06339817
0.71996958 0.06462755
0.71288965 0.06585500
0.70575718 0.06708004
0.69857395 0.06830215
0.69134172 0.06952080
0.68406228 0.07073540
0.67673742 0.07194536
0.66936896 0.07315002
0.66195871 0.07434870
0.65450850 0.07554068
0.64702016 0.07672520
0.63949555 0.07790147
0.63193652 0.07906864
0.62434494 0.08022584
0.61672268 0.08137214
0.60907162 0.08250660
0.60139365 0.08362822
0.59369066 0.08473596
0.58596455 0.08582876
0.57821723 0.08690552
0.57045062 0.08796509
0.56266662 0.08900631
0.55486716 0.09002799
0.54705416 0.09102892
0.53922955 0.09200783
0.53139526 0.09296348
0.52355323 0.09389458
0.51570538 0.09479985
0.50785366 0.09567796
0.50000000 0.09652763
0.49214634 0.09734753
0.48429462 0.09813635
0.47644677 0.09889280
0.46860474 0.09961557
0.46077045 0.10030338
0.45294584 0.10095498
0.44513284 0.10156912
0.43733338 0.10214459
0.42954938 0.10268020
0.42178277 0.10317482
0.41403545 0.10362732
0.40630934 0.10403665
0.39860635 0.10440180
0.39092838 0.10472178
0.38327732 0.10499570
0.37565506 0.10522270
0.36806348 0.10540199
0.36050445 0.10553284
0.35297984 0.10561459
0.34549150 0.10564666
0.33804129 0.10562853
0.33063104 0.10555975
0.32326258 0.10543997
0.31593772 0.10526890
0.30865828 0.10504633
0.30142605 0.10477213
0.29424282 0.10444626
0.28711035 0.10406876
0.28003042 0.10363975
0.27300475 0.10315943
0.26603509 0.10262808
0.25912316 0.10204607
0.25227067 0.10141384
0.24547929 0.10073190
0.23875072 0.10000086
0.23208660 0.09922138
0.22548859 0.09839422
0.21895831 0.09752017
0.21249737 0.09660012
0.20610737 0.09563502
0.19978989 0.09462587
0.19354647 0.09357372
0.18737867 0.09247970
0.18128801 0.09134497
0.17527598 0.09017073
0.16934407 0.08895825
0.16349374 0.08770880
0.15772645 0.08642373
0.15204360 0.08510436
0.14644661 0.08375210
0.14093685 0.08236832
0.13551569 0.08095445
0.13018445 0.07951191
0.12494447 0.07804213
0.11979702 0.07654655
0.11474338 0.07502659
0.10978480 0.07348368
0.10492249 0.07191923
0.10015767 0.07033465
0.09549150 0.06873131
0.09092514 0.06711058
0.08645971 0.06547378
0.08209632 0.06382222
0.07783604 0.06215716
0.07367992 0.06047985
0.06962899 0.05879146
0.06568424 0.05709316
0.06184666 0.05538605
0.05811718 0.05367119
0.05449674 0.05194959
0.05098621 0.05022221
0.04758647 0.04848996
0.04429836 0.04675368
0.04112269 0.04501419
0.03806023 0.04327222
0.03511176 0.04152847
0.03227798 0.03978355
0.02955962 0.03803805
0.02695732 0.03629248
0.02447174 0.03454730
0.02210349 0.03280293
0.01985316 0.03105971
0.01772129 0.02931794
0.01570842 0.02757786
0.01381504 0.02583968
0.01204162 0.02410355
0.01038859 0.02236956
0.00885637 0.02063777
0.00744534 0.01890819
0.00615583 0.01718081
0.00498817 0.01545557
0.00394265 0.01373236
0.00301952 0.01201106
0.00221902 0.01029152
0.00154133 0.00857356
0.00098664 0.00685699
0.00055506 0.00514158
0.00024672 0.00342711
0.00006168 0.00171333
0.00000000 0.00000000
0.00006168 -0.00098714
0.00024672 -0.00197305
0.00055506 -0.00295649
0.00098664 -0.00393623
0.00154133 -0.00491103
0.00221902 -0.00587966
0.00301952 -0.00684087
0.00394265 -0.00779345
0.00498817 -0.00873616
0.00615583 -0.00966775
0.00744534 -0.01058702
0.00885637 -0.01149273
0.01038859 -0.01238368
0.01204162 -0.01325865
0.01381504 -0.01411645
0.01570842 -0.01495589
0.01772129 -0.01577580
0.01985316 -0.01657504
0.02210349 -0.01735248
0.02447174 -0.01810701
0.02695732 -0.01883755
0.02955962 -0.01954308
0.03227798 -0.02022258
0.03511176 -0.02087509
0.03806023 -0.02149969
0.04112269 -0.02209552
0.04429836 -0.02266176
0.04758647 -0.02319767
0.05098621 -0.02370255
0.05449674 -0.02417578
0.05811718 -0.02461683
0.06184666 -0.02502520
0.06568424 -0.02540053
0.06962899 -0.02574251
0.07367992 -0.02605091
0.07783604 -0.02632562
0.08209632 -0.02656661
0.08645971 -0.02677394
0.09092514 -0.02694778
0.09549150 -0.02708840
0.10015767 -0.02719616
0.10492249 -0.02727152
0.10978480 -0.02731506
0.11474338 -0.02732744
0.11979702 -0.02730943
0.12494447 -0.02726188
0.13018445 -0.02718575
0.13551569 -0.02708209
0.14093685 -0.02695203
0.14644661 -0.02679677
0.15204360 -0.02661761
0.15772645 -0.02641590
0.16349374 -0.02619308
0.16934407 -0.02595061
0.17527598 -0.02569005
0.18128801 -0.02541296
0.18737867 -0.02512097
0.19354647 -0.02481570
0.19978989 -0.02449883
0.20610737 -0.02417202
0.21249737 -0.02383695
0.21895831 -0.02349528
0.22548859 -0.02314868
0.23208660 -0.02279877
0.23875072 -0.02244714
0.24547929 -0.02209535
0.25227067 -0.02174492
0.25912316 -0.02139728
0.26603509 -0.02105382
0.27300475 -0.02071586
0.28003042 -0.02038463
0.28711035 -0.02006128
0.29424282 -0.01974687
0.30142605 -0.01944238
0.30865828 -0.01914866
0.31593772 -0.01886647
0.32326258 -0.01859649
0.33063104 -0.01833925
0.33804129 -0.01809520
0.34549150 -0.01786467
0.35297984 -0.01764787
0.36050445 -0.01744492
0.36806348 -0.01725581
0.37565506 -0.01708044
0.38327732 -0.01691861
0.39092838 -0.01677000
0.39860635 -0.01663421
0.40630934 -0.01651075
0.41403545 -0.01639904
0.42178277 -0.01629841
0.42954938 -0.01620814
0.43733338 -0.01612743
0.44513284 -0.01605541
0.45294584 -0.01599118
0.46077045 -0.01593379
0.46860474 -0.01588224
0.47644677 -0.01583551
0.48429462 -0.01579258
0.49214634 -0.01575238
0.50000000 -0.01571387
0.50785366 -0.01567599
0.51570538 -0.01563771
0.52355323 -0.01559801
0.53139526 -0.01555589
0.53922955 -0.01551040
0.54705416 -0.01546061
0.55486716 -0.01540566
0.56266662 -0.01534473
0.57045062 -0.01527704
0.57821723 -0.01520189
0.58596455 -0.01511865
0.59369066 -0.01502674
0.60139365 -0.01492566
0.60907162 -0.01481499
0.61672268 -0.01469438
0.62434494 -0.01456354
0.63193652 -0.01442229
0.63949555 -0.01427049
0.64702016 -0.01410811
0.65450850 -0.01393516
0.66195871 -0.01375174
0.66936896 -0.01355802
0.67673742 -0.01335423
0.68406228 -0.01314067
0.69134172 -0.01291769
0.69857395 -0.01268571
0.70575718 -0.01244518
0.71288965 -0.01219662
0.71996958 -0.01194057
0.72699525 -0.01167762
0.73396491 -0.01140839
0.74087684 -0.01113352
0.74772933 -0.01085367
0.75452071 -0.01056952
0.76124928 -0.01028177
0.76791340 -0.00999110
0.77451141 -0.00969821
0.78104169 -0.00940378
0.78750263 -0.00910851
0.79389263 -0.00881306
0.80021011 -0.00851807
0.80645353 -0.00822418
0.81262133 -0.00793198
0.81871199 -0.00764206
0.82472402 -0.00735497
0.83065593 -0.00707121
0.83650626 -0.00679127
0.84227355 -0.00651558
0.84795640 -0.00624457
0.85355339 -0.00597859
0.85906315 -0.00571798
0.86448431 -0.00546303
0.86981555 -0.00521399
0.87505553 -0.00497109
0.88020298 -0.00473451
0.88525662 -0.00450438
0.89021520 -0.00428083
0.89507751 -0.00406393
0.89984233 -0.00385374
0.90450850 -0.00365028
0.90907486 -0.00345354
0.91354029 -0.00326350
0.91790368 -0.00308010
0.92216396 -0.00290329
0.92632008 -0.00273297
0.93037101 -0.00256905
0.93431576 -0.00241142
0.93815334 -0.00225995
0.94188282 -0.00211454
0.94550326 -0.00197503
0.94901379 -0.00184131
0.95241353 -0.00171323
0.95570164 -0.00159067
0.95887731 -0.00147348
0.96193977 -0.00136154
0.96488824 -0.00125474
0.96772202 -0.00115294
0.97044038 -0.00105605
0.97304268 -0.00096396
0.97552826 -0.00087658
0.97789651 -0.00079381
0.98014684 -0.00071558
0.98227871 -0.00064183
0.98429158 -0.00057249
0.98618496 -0.00050751
0.98795838 -0.00044684
0.98961141 -0.00039045
0.99114363 -0.00033831
0.99255466 -0.00029038
0.99384417 -0.00024666
0.99501183 -0.00020712
0.99605735 -0.00017176
0.99698048 -0.00014056
0.99778098 -0.00011353
0.99845867 -0.00009066
0.99901336 -0.00007194
0.99944494 -0.00005739
0.99975328 -0.00004699
0.99993832 -0.00004075
1.00000000 -0.00003867
