sample_950
1.00000000 -0.00000000
0.99993832 0.00001116
0.99975328 0.00004466
0.99944494 0.00010058
0.99901336 0.00017901
0.99845867 0.00028011
0.99778098 0.00040407
0.99698048 0.00055113
0.99605735 0.00072156
0.99501183 0.00091566
0.99384417 0.00113376
0.99255466 0.00137624
0.99114363 0.00164347
0.98961141 0.00193588
0.98795838 0.00225390
0.98618496 0.00259796
0.98429158 0.00296852
0.98227871 0.00336604
0.98014684 0.00379098
0.97789651 0.00424378
0.97552826 0.00472489
0.97304268 0.00523474
0.97044038 0.00577374
0.96772202 0.00634227
0.96488824 0.00694069
0.96193977 0.00756933
0.95887731 0.00822847
0.95570164 0.00891834
0.95241353 0.00963915
0.94901379 0.01039104
0.94550326 0.01117410
0.94188282 0.01198837
0.93815334 0.01283380
0.93431576 0.01371032
0.93037101 0.01461777
0.92632008 0.01555590
0.92216396 0.01652443
0.91790368 0.01752299
0.91354029 0.01855113
0.90907486 0.01960834
0.90450850 0.02069402
0.89984233 0.02180752
0.89507751 0.02294809
0.89021520 0.02411493
0.88525662 0.02530716
0.88020298 0.02652384
0.87505553 0.02776395
0.86981555 0.02902642
0.86448431 0.03031010
0.85906315 0.03161382
0.85355339 0.03293632
0.84795640 0.03427630
0.84227355 0.03563242
0.83650626 0.03700331
0.83065593 0.03838754
0.82472402 0.03978366
0.81871199 0.04119020
0.81262133 0.04260566
0.80645353 0.04402852
0.80021011 0.04545727
0.79389263 0.04689036
0.78750263 0.04832628
0.78104169 0.04976349
0.77451141 0.05120048
0.76791340 0.05263574
0.76124928 0.05406780
0.75452071 0.05549520
0.74772933 0.05691650
0.74087684 0.05833032
0.73396491 0.05973529
0.72699525 0.06113008
0.71996958 0.06251344
0.71288965 0.06388411
0.70575718 0.06524092
0.69857395 0.06658274
0.69134172 0.06790849
0.68406228 0.06921714
0.67673742 0.07050773
0.66936896 0.07177932
0.66195871 0.07303107
0.65450850 0.07426217
0.64702016 0.07547186
0.63949555 0.07665945
0.63193652 0.07782429
0.62434494 0.07896578
0.61672268 0.08008338
0.60907162 0.08117658
0.60139365 0.08224492
0.59369066 0.08328798
0.58596455 0.08430537
0.57821723 0.08529674
0.57045062 0.08626176
0.56266662 0.08720014
0.55486716 0.08811160
0.54705416 0.08899587
0.53922955 0.08985272
0.53139526 0.09068189
0.52355323 0.09148317
0.51570538 0.09225631
0.50785366 0.09300109
0.50000000 0.09371725
0.49214634 0.09440456
0.48429462 0.09506275
0.47644677 0.09569153
0.46860474 0.09629061
0.46077045 0.09685967
0.45294584 0.09739837
0.44513284 0.09790634
0.43733338 0.09838318
0.42954938 0.09882848
0.42178277 0.09924178
0.41403545 0.09962260
0.40630934 0.09997045
0.39860635 0.10028479
0.39092838 0.10056506
0.38327732 0.10081069
0.37565506 0.10102106
0.36806348 0.10119555
0.36050445 0.10133353
0.35297984 0.10143434
0.34549150 0.10149732
0.33804129 0.10152179
0.33063104 0.10150709
0.32326258 0.10145255
0.31593772 0.10135749
0.30865828 0.10122129
0.30142605 0.10104329
0.29424282 0.10082289
0.28711035 0.10055950
0.28003042 0.10025259
0.27300475 0.09990163
0.26603509 0.09950615
0.25912316 0.09906574
0.25227067 0.09858004
0.24547929 0.09804873
0.23875072 0.09747157
0.23208660 0.09684838
0.22548859 0.09617907
0.21895831 0.09546360
0.21249737 0.09470202
0.20610737 0.09389447
0.19978989 0.09304115
0.19354647 0.09214238
0.18737867 0.09119854
0.18128801 0.09021011
0.17527598 0.08917766
0.16934407 0.08810185
0.16349374 0.08698342
0.15772645 0.08582321
0.15204360 0.08462213
0.14644661 0.08338119
0.14093685 0.08210146
0.13551569 0.08078412
0.13018445 0.07943038
0.12494447 0.07804155
0.11979702 0.07661900
0.11474338 0.07516415
0.10978480 0.07367847
0.10492249 0.07216348
0.10015767 0.07062075
0.09549150 0.06905187
0.09092514 0.06745845
0.08645971 0.06584215
0.08209632 0.06420460
0.07783604 0.06254747
0.07367992 0.06087240
0.06962899 0.05918103
0.06568424 0.05747498
0.06184666 0.05575584
0.05811718 0.05402517
0.05449674 0.05228450
0.05098621 0.05053529
0.04758647 0.04877896
0.04429836 0.04701687
0.04112269 0.04525030
0.03806023 0.04348048
0.03511176 0.04170856
0.03227798 0.03993559
0.02955962 0.03816256
0.02695732 0.03639036
0.02447174 0.03461979
0.02210349 0.03285156
0.01985316 0.03108629
0.01772129 0.02932452
0.01570842 0.02756666
0.01381504 0.02581306
0.01204162 0.02406397
0.01038859 0.02231954
0.00885637 0.02057986
0.00744534 0.01884490
0.00615583 0.01711457
0.00498817 0.01538872
0.00394265 0.01366711
0.00301952 0.01194942
0.00221902 0.01023532
0.00154133 0.00852438
0.00098664 0.00681615
0.00055506 0.00511013
0.00024672 0.00340581
0.00006168 0.00170262
0.00000000 0.00000000
0.00006168 -0.00097041
0.00024672 -0.00193982
0.00055506 -0.00290725
0.00098664 -0.00387169
0.00154133 -0.00483221
0.00221902 -0.00578784
0.00301952 -0.00673766
0.00394265 -0.00768081
0.00498817 -0.00861641
0.00615583 -0.00954368
0.00744534 -0.01046182
0.00885637 -0.01137014
0.01038859 -0.01226797
0.01204162 -0.01315469
0.01381504 -0.01402974
0.01570842 -0.01489264
0.01772129 -0.01574294
0.01985316 -0.01658028
0.02210349 -0.01740434
0.02447174 -0.01821488
0.02695732 -0.01901170
0.02955962 -0.01979469
0.03227798 -0.02056378
0.03511176 -0.02131897
0.03806023 -0.02206030
0.04112269 -0.02278789
0.04429836 -0.02350190
0.04758647 -0.02420251
0.05098621 -0.02489000
0.05449674 -0.02556463
0.05811718 -0.02622675
0.06184666 -0.02687669
0.06568424 -0.02751484
0.06962899 -0.02814159
0.07367992 -0.02875736
0.07783604 -0.02936257
0.08209632 -0.02995764
0.08645971 -0.03054300
0.09092514 -0.03111906
0.09549150 -0.03168621
0.10015767 -0.03224484
0.10492249 -0.03279530
0.10978480 -0.03333790
0.11474338 -0.03387294
0.11979702 -0.03440065
0.12494447 -0.03492124
0.13018445 -0.03543485
0.13551569 -0.03594157
0.14093685 -0.03644144
0.14644661 -0.03693443
0.15204360 -0.03742044
0.15772645 -0.03789931
0.16349374 -0.03837082
0.16934407 -0.03883466
0.17527598 -0.03929046
0.18128801 -0.03973779
0.18737867 -0.04017611
0.19354647 -0.04060486
0.19978989 -0.04102338
0.20610737 -0.04143093
0.21249737 -0.04182674
0.21895831 -0.04220996
0.22548859 -0.04257968
0.23208660 -0.04293492
0.23875072 -0.04327469
0.24547929 -0.04359791
0.25227067 -0.04390350
0.25912316 -0.04419031
0.26603509 -0.04445717
0.27300475 -0.04470292
0.28003042 -0.04492633
0.28711035 -0.04512621
0.29424282 -0.04530133
0.30142605 -0.04545050
0.30865828 -0.04557253
0.31593772 -0.04566623
0.32326258 -0.04573047
0.33063104 -0.04576414
0.33804129 -0.04576617
0.34549150 -0.04573556
0.35297984 -0.04567134
0.36050445 -0.04557262
0.36806348 -0.04543860
0.37565506 -0.04526852
0.38327732 -0.04506173
0.39092838 -0.04481766
0.39860635 -0.04453585
0.40630934 -0.04421592
0.41403545 -0.04385760
0.42178277 -0.04346075
0.42954938 -0.04302531
0.43733338 -0.04255136
0.44513284 -0.04203909
0.45294584 -0.04148880
0.46077045 -0.04090093
0.46860474 -0.04027601
0.47644677 -0.03961473
0.48429462 -0.03891786
0.49214634 -0.03818632
0.50000000 -0.03742114
0.50785366 -0.03662345
0.51570538 -0.03579449
0.52355323 -0.03493564
0.53139526 -0.03404835
0.53922955 -0.03313418
0.54705416 -0.03219478
0.55486716 -0.03123188
0.56266662 -0.03024732
0.57045062 -0.02924299
0.57821723 -0.02822084
0.58596455 -0.02718291
0.59369066 -0.02613126
0.60139365 -0.02506801
0.60907162 -0.02399534
0.61672268 -0.02291541
0.62434494 -0.02183043
0.63193652 -0.02074263
0.63949555 -0.01965422
0.64702016 -0.01856743
0.65450850 -0.01748444
0.66195871 -0.01640745
0.66936896 -0.01533860
0.67673742 -0.01428000
0.68406228 -0.01323373
0.69134172 -0.01220180
0.69857395 -0.01118616
0.70575718 -0.01018869
0.71288965 -0.00921122
0.71996958 -0.00825548
0.72699525 -0.00732311
0.73396491 -0.00641567
0.74087684 -0.00553463
0.74772933 -0.00468134
0.75452071 -0.00385707
0.76124928 -0.00306297
0.76791340 -0.00230008
0.77451141 -0.00156934
0.78104169 -0.00087155
0.78750263 -0.00020743
0.79389263 0.00042245
0.80021011 0.00101761
0.80645353 0.00157769
0.81262133 0.00210245
0.81871199 0.00259178
0.82472402 0.00304564
0.83065593 0.00346415
0.83650626 0.00384749
0.84227355 0.00419598
0.84795640 0.00451003
0.85355339 0.00479013
0.85906315 0.00503689
0.86448431 0.00525099
0.86981555 0.00543321
0.87505553 0.00558439
0.88020298 0.00570547
0.88525662 0.00579743
0.89021520 0.00586135
0.89507751 0.00589834
0.89984233 0.00590957
0.90450850 0.00589627
0.90907486 0.00585969
0.91354029 0.00580116
0.91790368 0.00572199
0.92216396 0.00562355
0.92632008 0.00550722
0.93037101 0.00537439
0.93431576 0.00522649
0.93815334 0.00506491
0.94188282 0.00489108
0.94550326 0.00470641
0.94901379 0.00451229
0.95241353 0.00431013
0.95570164 0.00410129
0.95887731 0.00388713
0.96193977 0.00366898
0.96488824 0.00344814
0.96772202 0.00322588
0.97044038 0.00300344
0.97304268 0.00278202
0.97552826 0.00256278
0.97789651 0.00234684
0.98014684 0.00213528
0.98227871 0.00192913
0.98429158 0.00172937
0.98618496 0.00153693
0.98795838 0.00135270
0.98961141 0.00117751
0.99114363 0.00101213
0.99255466 0.00085729
0.99384417 0.00071366
0.99501183 0.00058184
0.99605735 0.00046240
0.99698048 0.00035584
0.99778098 0.00026258
0.99845867 0.00018303
0.99901336 0.00011749
0.99944494 0.00006624
0.99975328 0.00002949
0.99993832 0.00000738
1.00000000 -0.00000000
