sample_1297
1.00000000 -0.00000000
0.99993832 0.00001161
0.99975328 0.00004645
0.99944494 0.00010454
0.99901336 0.00018593
0.99845867 0.00029068
0.99778098 0.00041887
0.99698048 0.00057059
0.99605735 0.00074597
0.99501183 0.00094513
0.99384417 0.00116822
0.99255466 0.00141541
0.99114363 0.00168686
0.98961141 0.00198278
0.98795838 0.00230338
0.98618496 0.00264887
0.98429158 0.00301949
0.98227871 0.00341550
0.98014684 0.00383714
0.97789651 0.00428468
0.97552826 0.00475840
0.97304268 0.00525859
0.97044038 0.00578553
0.96772202 0.00633951
0.96488824 0.00692082
0.96193977 0.00752976
0.95887731 0.00816663
0.95570164 0.00883170
0.95241353 0.00952525
0.94901379 0.01024755
0.94550326 0.01099886
0.94188282 0.01177943
0.93815334 0.01258947
0.93431576 0.01342918
0.93037101 0.01429875
0.92632008 0.01519832
0.92216396 0.01612802
0.91790368 0.01708793
0.91354029 0.01807810
0.90907486 0.01909855
0.90450850 0.02014924
0.89984233 0.02123008
0.89507751 0.02234096
0.89021520 0.02348169
0.88525662 0.02465203
0.88020298 0.02585170
0.87505553 0.02708034
0.86981555 0.02833753
0.86448431 0.02962279
0.85906315 0.03093559
0.85355339 0.03227529
0.84795640 0.03364123
0.84227355 0.03503265
0.83650626 0.03644872
0.83065593 0.03788855
0.82472402 0.03935116
0.81871199 0.04083554
0.81262133 0.04234055
0.80645353 0.04386504
0.80021011 0.04540774
0.79389263 0.04696735
0.78750263 0.04854250
0.78104169 0.05013173
0.77451141 0.05173355
0.76791340 0.05334640
0.76124928 0.05496868
0.75452071 0.05659872
0.74772933 0.05823482
0.74087684 0.05987522
0.73396491 0.06151815
0.72699525 0.06316178
0.71996958 0.06480425
0.71288965 0.06644371
0.70575718 0.06807825
0.69857395 0.06970598
0.69134172 0.07132497
0.68406228 0.07293330
0.67673742 0.07452907
0.66936896 0.07611035
0.66195871 0.07767525
0.65450850 0.07922188
0.64702016 0.08074837
0.63949555 0.08225290
0.63193652 0.08373365
0.62434494 0.08518885
0.61672268 0.08661676
0.60907162 0.08801568
0.60139365 0.08938398
0.59369066 0.09072005
0.58596455 0.09202235
0.57821723 0.09328938
0.57045062 0.09451971
0.56266662 0.09571195
0.55486716 0.09686481
0.54705416 0.09797701
0.53922955 0.09904738
0.53139526 0.10007479
0.52355323 0.10105817
0.51570538 0.10199653
0.50785366 0.10288895
0.50000000 0.10373455
0.49214634 0.10453253
0.48429462 0.10528216
0.47644677 0.10598277
0.46860474 0.10663372
0.46077045 0.10723449
0.45294584 0.10778456
0.44513284 0.10828350
0.43733338 0.10873094
0.42954938 0.10912654
0.42178277 0.10947002
0.41403545 0.10976117
0.40630934 0.10999981
0.39860635 0.11018581
0.39092838 0.11031909
0.38327732 0.11039961
0.37565506 0.11042738
0.36806348 0.11040244
0.36050445 0.11032489
0.35297984 0.11019485
0.34549150 0.11001249
0.33804129 0.10977802
0.33063104 0.10949167
0.32326258 0.10915373
0.31593772 0.10876451
0.30865828 0.10832436
0.30142605 0.10783369
0.29424282 0.10729291
0.28711035 0.10670250
0.28003042 0.10606295
0.27300475 0.10537481
0.26603509 0.10463866
0.25912316 0.10385512
0.25227067 0.10302486
0.24547929 0.10214858
0.23875072 0.10122702
0.23208660 0.10026099
0.22548859 0.09925130
0.21895831 0.09819884
0.21249737 0.09710453
0.20610737 0.09596933
0.19978989 0.09479427
0.19354647 0.09358038
0.18737867 0.09232879
0.18128801 0.09104062
0.17527598 0.08971708
0.16934407 0.08835940
0.16349374 0.08696884
0.15772645 0.08554672
0.15204360 0.08409438
0.14644661 0.08261323
0.14093685 0.08110466
0.13551569 0.07957014
0.13018445 0.07801114
0.12494447 0.07642915
0.11979702 0.07482570
0.11474338 0.07320231
0.10978480 0.07156054
0.10492249 0.06990194
0.10015767 0.06822805
0.09549150 0.06654043
0.09092514 0.06484063
0.08645971 0.06313017
0.08209632 0.06141056
0.07783604 0.05968328
0.07367992 0.05794980
0.06962899 0.05621153
0.06568424 0.05446986
0.06184666 0.05272611
0.05811718 0.05098157
0.05449674 0.04923745
0.05098621 0.04749493
0.04758647 0.04575511
0.04429836 0.04401899
0.04112269 0.04228755
0.03806023 0.04056164
0.03511176 0.03884207
0.03227798 0.03712953
0.02955962 0.03542465
0.02695732 0.03372796
0.02447174 0.03203990
0.02210349 0.03036081
0.01985316 0.02869096
0.01772129 0.02703050
0.01570842 0.02537952
0.01381504 0.02373800
0.01204162 0.02210583
0.01038859 0.02048282
0.00885637 0.01886871
0.00744534 0.01726314
0.00615583 0.01566569
0.00498817 0.01407586
0.00394265 0.01249308
0.00301952 0.01091673
0.00221902 0.00934614
0.00154133 0.00778057
0.00098664 0.00621926
0.00055506 0.00466139
0.00024672 0.00310613
0.00006168 0.00155262
0.00000000 0.00000000
0.00006168 -0.00127606
0.00024672 -0.00255052
0.00055506 -0.00382177
0.00098664 -0.00508824
0.00154133 -0.00634834
0.00221902 -0.00760053
0.00301952 -0.00884329
0.00394265 -0.01007512
0.00498817 -0.01129457
0.00615583 -0.01250021
0.00744534 -0.01369068
0.00885637 -0.01486465
0.01038859 -0.01602086
0.01204162 -0.01715807
0.01381504 -0.01827515
0.01570842 -0.01937098
0.01772129 -0.02044454
0.01985316 -0.02149485
0.02210349 -0.02252102
0.02447174 -0.02352221
0.02695732 -0.02449764
0.02955962 -0.02544663
0.03227798 -0.02636854
0.03511176 -0.02726280
0.03806023 -0.02812893
0.04112269 -0.02896650
0.04429836 -0.02977513
0.04758647 -0.03055454
0.05098621 -0.03130446
0.05449674 -0.03202473
0.05811718 -0.03271522
0.06184666 -0.03337584
0.06568424 -0.03400658
0.06962899 -0.03460746
0.07367992 -0.03517854
0.07783604 -0.03571993
0.08209632 -0.03623177
0.08645971 -0.03671423
0.09092514 -0.03716753
0.09549150 -0.03759189
0.10015767 -0.03798757
0.10492249 -0.03835483
0.10978480 -0.03869398
0.11474338 -0.03900531
0.11979702 -0.03928914
0.12494447 -0.03954578
0.13018445 -0.03977556
0.13551569 -0.03997882
0.14093685 -0.04015587
0.14644661 -0.04030704
0.15204360 -0.04043266
0.15772645 -0.04053304
0.16349374 -0.04060849
0.16934407 -0.04065932
0.17527598 -0.04068583
0.18128801 -0.04068829
0.18737867 -0.04066700
0.19354647 -0.04062222
0.19978989 -0.04055421
0.20610737 -0.04046324
0.21249737 -0.04034955
0.21895831 -0.04021338
0.22548859 -0.04005497
0.23208660 -0.03987456
0.23875072 -0.03967238
0.24547929 -0.03944866
0.25227067 -0.03920363
0.25912316 -0.03893754
0.26603509 -0.03865063
0.27300475 -0.03834313
0.28003042 -0.03801531
0.28711035 -0.03766744
0.29424282 -0.03729978
0.30142605 -0.03691263
0.30865828 -0.03650631
0.31593772 -0.03608112
0.32326258 -0.03563742
0.33063104 -0.03517556
0.33804129 -0.03469593
0.34549150 -0.03419893
0.35297984 -0.03368499
0.36050445 -0.03315456
0.36806348 -0.03260812
0.37565506 -0.03204617
0.38327732 -0.03146923
0.39092838 -0.03087786
0.39860635 -0.03027263
0.40630934 -0.02965414
0.41403545 -0.02902301
0.42178277 -0.02837991
0.42954938 -0.02772549
0.43733338 -0.02706046
0.44513284 -0.02638552
0.45294584 -0.02570141
0.46077045 -0.02500889
0.46860474 -0.02430871
0.47644677 -0.02360167
0.48429462 -0.02288857
0.49214634 -0.02217020
0.50000000 -0.02144740
0.50785366 -0.02072098
0.51570538 -0.01999178
0.52355323 -0.01926063
0.53139526 -0.01852837
0.53922955 -0.01779585
0.54705416 -0.01706390
0.55486716 -0.01633335
0.56266662 -0.01560502
0.57045062 -0.01487975
0.57821723 -0.01415835
0.58596455 -0.01344160
0.59369066 -0.01273032
0.60139365 -0.01202526
0.60907162 -0.01132720
0.61672268 -0.01063688
0.62434494 -0.00995502
0.63193652 -0.00928234
0.63949555 -0.00861952
0.64702016 -0.00796725
0.65450850 -0.00732615
0.66195871 -0.00669687
0.66936896 -0.00608001
0.67673742 -0.00547614
0.68406228 -0.00488583
0.69134172 -0.00430960
0.69857395 -0.00374797
0.70575718 -0.00320141
0.71288965 -0.00267039
0.71996958 -0.00215534
0.72699525 -0.00165666
0.73396491 -0.00117473
0.74087684 -0.00070990
0.74772933 -0.00026250
0.75452071 0.00016716
0.76124928 0.00057884
0.76791340 0.00097227
0.77451141 0.00134724
0.78104169 0.00170357
0.78750263 0.00204111
0.79389263 0.00235971
0.80021011 0.00265929
0.80645353 0.00293978
0.81262133 0.00320114
0.81871199 0.00344336
0.82472402 0.00366647
0.83065593 0.00387052
0.83650626 0.00405561
0.84227355 0.00422187
0.84795640 0.00436943
0.85355339 0.00449851
0.85906315 0.00460932
0.86448431 0.00470212
0.86981555 0.00477721
0.87505553 0.00483491
0.88020298 0.00487560
0.88525662 0.00489967
0.89021520 0.00490756
0.89507751 0.00489974
0.89984233 0.00487672
0.90450850 0.00483904
0.90907486 0.00478726
0.91354029 0.00472201
0.91790368 0.00464391
0.92216396 0.00455365
0.92632008 0.00445191
0.93037101 0.00433943
0.93431576 0.00421696
0.93815334 0.00408528
0.94188282 0.00394521
0.94550326 0.00379755
0.94901379 0.00364316
0.95241353 0.00348289
0.95570164 0.00331762
0.95887731 0.00314823
0.96193977 0.00297562
0.96488824 0.00280068
0.96772202 0.00262430
0.97044038 0.00244740
0.97304268 0.00227085
0.97552826 0.00209555
0.97789651 0.00192236
0.98014684 0.00175215
0.98227871 0.00158576
0.98429158 0.00142400
0.98618496 0.00126767
0.98795838 0.00111753
0.98961141 0.00097431
0.99114363 0.00083871
0.99255466 0.00071140
0.99384417 0.00059298
0.99501183 0.00048404
0.99605735 0.00038510
0.99698048 0.00029664
0.99778098 0.00021909
0.99845867 0.00015282
0.99901336 0.00009816
0.99944494 0.00005537
0.99975328 0.00002466
0.99993832 0.00000617
1.00000000 -0.00000000
