sample_353
1.00000000 -0.00000000
0.99993832 0.00001310
0.99975328 0.00005242
0.99944494 0.00011795
0.99901336 0.00020970
0.99845867 0.00032767
0.99778098 0.00047187
0.99698048 0.00064231
0.99605735 0.00083899
0.99501183 0.00106191
0.99384417 0.00131109
0.99255466 0.00158653
0.99114363 0.00188823
0.98961141 0.00221618
0.98795838 0.00257040
0.98618496 0.00295086
0.98429158 0.00335756
0.98227871 0.00379048
0.98014684 0.00424959
0.97789651 0.00473485
0.97552826 0.00524624
0.97304268 0.00578368
0.97044038 0.00634714
0.96772202 0.00693652
0.96488824 0.00755176
0.96193977 0.00819274
0.95887731 0.00885937
0.95570164 0.00955151
0.95241353 0.01026903
0.94901379 0.01101178
0.94550326 0.01177957
0.94188282 0.01257223
0.93815334 0.01338954
0.93431576 0.01423129
0.93037101 0.01509723
0.92632008 0.01598710
0.92216396 0.01690063
0.91790368 0.01783750
0.91354029 0.01879741
0.90907486 0.01978001
0.90450850 0.02078496
0.89984233 0.02181187
0.89507751 0.02286034
0.89021520 0.02392997
0.88525662 0.02502031
0.88020298 0.02613091
0.87505553 0.02726130
0.86981555 0.02841098
0.86448431 0.02957945
0.85906315 0.03076617
0.85355339 0.03197060
0.84795640 0.03319218
0.84227355 0.03443032
0.83650626 0.03568443
0.83065593 0.03695389
0.82472402 0.03823807
0.81871199 0.03953632
0.81262133 0.04084798
0.80645353 0.04217238
0.80021011 0.04350881
0.79389263 0.04485658
0.78750263 0.04621496
0.78104169 0.04758321
0.77451141 0.04896057
0.76791340 0.05034630
0.76124928 0.05173959
0.75452071 0.05313967
0.74772933 0.05454571
0.74087684 0.05595689
0.73396491 0.05737237
0.72699525 0.05879130
0.71996958 0.06021281
0.71288965 0.06163601
0.70575718 0.06306000
0.69857395 0.06448386
0.69134172 0.06590666
0.68406228 0.06732745
0.67673742 0.06874525
0.66936896 0.07015908
0.66195871 0.07156794
0.65450850 0.07297080
0.64702016 0.07436663
0.63949555 0.07575437
0.63193652 0.07713293
0.62434494 0.07850123
0.61672268 0.07985815
0.60907162 0.08120254
0.60139365 0.08253327
0.59369066 0.08384917
0.58596455 0.08514903
0.57821723 0.08643166
0.57045062 0.08769583
0.56266662 0.08894031
0.55486716 0.09016384
0.54705416 0.09136515
0.53922955 0.09254296
0.53139526 0.09369597
0.52355323 0.09482289
0.51570538 0.09592240
0.50785366 0.09699318
0.50000000 0.09803391
0.49214634 0.09904326
0.48429462 0.10001990
0.47644677 0.10096252
0.46860474 0.10186978
0.46077045 0.10274038
0.45294584 0.10357301
0.44513284 0.10436639
0.43733338 0.10511924
0.42954938 0.10583031
0.42178277 0.10649837
0.41403545 0.10712221
0.40630934 0.10770066
0.39860635 0.10823259
0.39092838 0.10871689
0.38327732 0.10915249
0.37565506 0.10953839
0.36806348 0.10987361
0.36050445 0.11015723
0.35297984 0.11038840
0.34549150 0.11056630
0.33804129 0.11069021
0.33063104 0.11075943
0.32326258 0.11077337
0.31593772 0.11073150
0.30865828 0.11063334
0.30142605 0.11047851
0.29424282 0.11026672
0.28711035 0.10999773
0.28003042 0.10967141
0.27300475 0.10928770
0.26603509 0.10884664
0.25912316 0.10834835
0.25227067 0.10779303
0.24547929 0.10718099
0.23875072 0.10651260
0.23208660 0.10578836
0.22548859 0.10500882
0.21895831 0.10417464
0.21249737 0.10328655
0.20610737 0.10234539
0.19978989 0.10135206
0.19354647 0.10030754
0.18737867 0.09921292
0.18128801 0.09806933
0.17527598 0.09687799
0.16934407 0.09564018
0.16349374 0.09435725
0.15772645 0.09303061
0.15204360 0.09166173
0.14644661 0.09025212
0.14093685 0.08880336
0.13551569 0.08731704
0.13018445 0.08579481
0.12494447 0.08423834
0.11979702 0.08264933
0.11474338 0.08102949
0.10978480 0.07938057
0.10492249 0.07770429
0.10015767 0.07600239
0.09549150 0.07427662
0.09092514 0.07252869
0.08645971 0.07076032
0.08209632 0.06897319
0.07783604 0.06716896
0.07367992 0.06534926
0.06962899 0.06351567
0.06568424 0.06166974
0.06184666 0.05981296
0.05811718 0.05794678
0.05449674 0.05607258
0.05098621 0.05419168
0.04758647 0.05230534
0.04429836 0.05041475
0.04112269 0.04852102
0.03806023 0.04662519
0.03511176 0.04472823
0.03227798 0.04283102
0.02955962 0.04093437
0.02695732 0.03903901
0.02447174 0.03714557
0.02210349 0.03525461
0.01985316 0.03336663
0.01772129 0.03148200
0.01570842 0.02960106
0.01381504 0.02772405
0.01204162 0.02585112
0.01038859 0.02398238
0.00885637 0.02211784
0.00744534 0.02025745
0.00615583 0.01840112
0.00498817 0.01654867
0.00394265 0.01469987
0.00301952 0.01285446
0.00221902 0.01101211
0.00154133 0.00917247
0.00098664 0.00733513
0.00055506 0.00549967
0.00024672 0.00366564
0.00006168 0.00183258
0.00000000 0.00000000
0.00006168 -0.00076499
0.00024672 -0.00152941
0.00055506 -0.00229270
0.00098664 -0.00305429
0.00154133 -0.00381360
0.00221902 -0.00457008
0.00301952 -0.00532313
0.00394265 -0.00607220
0.00498817 -0.00681669
0.00615583 -0.00755603
0.00744534 -0.00828963
0.00885637 -0.00901692
0.01038859 -0.00973729
0.01204162 -0.01045017
0.01381504 -0.01115495
0.01570842 -0.01185106
0.01772129 -0.01253789
0.01985316 -0.01321487
0.02210349 -0.01388140
0.02447174 -0.01453690
0.02695732 -0.01518080
0.02955962 -0.01581252
0.03227798 -0.01643152
0.03511176 -0.01703723
0.03806023 -0.01762912
0.04112269 -0.01820667
0.04429836 -0.01876936
0.04758647 -0.01931672
0.05098621 -0.01984826
0.05449674 -0.02036354
0.05811718 -0.02086213
0.06184666 -0.02134364
0.06568424 -0.02180770
0.06962899 -0.02225396
0.07367992 -0.02268210
0.07783604 -0.02309186
0.08209632 -0.02348297
0.08645971 -0.02385524
0.09092514 -0.02420847
0.09549150 -0.02454253
0.10015767 -0.02485731
0.10492249 -0.02515273
0.10978480 -0.02542878
0.11474338 -0.02568544
0.11979702 -0.02592276
0.12494447 -0.02614081
0.13018445 -0.02633971
0.13551569 -0.02651958
0.14093685 -0.02668060
0.14644661 -0.02682298
0.15204360 -0.02694695
0.15772645 -0.02705275
0.16349374 -0.02714068
0.16934407 -0.02721103
0.17527598 -0.02726412
0.18128801 -0.02730028
0.18737867 -0.02731988
0.19354647 -0.02732325
0.19978989 -0.02731078
0.20610737 -0.02728283
0.21249737 -0.02723977
0.21895831 -0.02718197
0.22548859 -0.02710980
0.23208660 -0.02702361
0.23875072 -0.02692376
0.24547929 -0.02681057
0.25227067 -0.02668437
0.25912316 -0.02654546
0.26603509 -0.02639411
0.27300475 -0.02623059
0.28003042 -0.02605514
0.28711035 -0.02586797
0.29424282 -0.02566926
0.30142605 -0.02545918
0.30865828 -0.02523787
0.31593772 -0.02500542
0.32326258 -0.02476193
0.33063104 -0.02450745
0.33804129 -0.02424201
0.34549150 -0.02396562
0.35297984 -0.02367826
0.36050445 -0.02337990
0.36806348 -0.02307049
0.37565506 -0.02274996
0.38327732 -0.02241823
0.39092838 -0.02207520
0.39860635 -0.02172078
0.40630934 -0.02135486
0.41403545 -0.02097735
0.42178277 -0.02058815
0.42954938 -0.02018715
0.43733338 -0.01977429
0.44513284 -0.01934950
0.45294584 -0.01891273
0.46077045 -0.01846396
0.46860474 -0.01800320
0.47644677 -0.01753046
0.48429462 -0.01704583
0.49214634 -0.01654941
0.50000000 -0.01604133
0.50785366 -0.01552179
0.51570538 -0.01499103
0.52355323 -0.01444932
0.53139526 -0.01389699
0.53922955 -0.01333444
0.54705416 -0.01276210
0.55486716 -0.01218046
0.56266662 -0.01159008
0.57045062 -0.01099156
0.57821723 -0.01038556
0.58596455 -0.00977280
0.59369066 -0.00915404
0.60139365 -0.00853011
0.60907162 -0.00790188
0.61672268 -0.00727028
0.62434494 -0.00663627
0.63193652 -0.00600087
0.63949555 -0.00536512
0.64702016 -0.00473012
0.65450850 -0.00409699
0.66195871 -0.00346686
0.66936896 -0.00284092
0.67673742 -0.00222035
0.68406228 -0.00160635
0.69134172 -0.00100013
0.69857395 -0.00040291
0.70575718 0.00018411
0.71288965 0.00075972
0.71996958 0.00132274
0.72699525 0.00187200
0.73396491 0.00240636
0.74087684 0.00292471
0.74772933 0.00342597
0.75452071 0.00390911
0.76124928 0.00437315
0.76791340 0.00481714
0.77451141 0.00524021
0.78104169 0.00564155
0.78750263 0.00602039
0.79389263 0.00637605
0.80021011 0.00670792
0.80645353 0.00701547
0.81262133 0.00729822
0.81871199 0.00755580
0.82472402 0.00778792
0.83065593 0.00799435
0.83650626 0.00817496
0.84227355 0.00832972
0.84795640 0.00845866
0.85355339 0.00856190
0.85906315 0.00863967
0.86448431 0.00869225
0.86981555 0.00872003
0.87505553 0.00872345
0.88020298 0.00870307
0.88525662 0.00865949
0.89021520 0.00859341
0.89507751 0.00850558
0.89984233 0.00839683
0.90450850 0.00826805
0.90907486 0.00812019
0.91354029 0.00795426
0.91790368 0.00777132
0.92216396 0.00757247
0.92632008 0.00735886
0.93037101 0.00713168
0.93431576 0.00689215
0.93815334 0.00664151
0.94188282 0.00638105
0.94550326 0.00611204
0.94901379 0.00583580
0.95241353 0.00555364
0.95570164 0.00526687
0.95887731 0.00497682
0.96193977 0.00468480
0.96488824 0.00439211
0.96772202 0.00410003
0.97044038 0.00380984
0.97304268 0.00352279
0.97552826 0.00324009
0.97789651 0.00296293
0.98014684 0.00269248
0.98227871 0.00242984
0.98429158 0.00217609
0.98618496 0.00193226
0.98795838 0.00169933
0.98961141 0.00147825
0.99114363 0.00126988
0.99255466 0.00107505
0.99384417 0.00089453
0.99501183 0.00072903
0.99605735 0.00057918
0.99698048 0.00044558
0.99778098 0.00032873
0.99845867 0.00022909
0.99901336 0.00014704
0.99944494 0.00008289
0.99975328 0.00003690
0.99993832 0.00000923
1.00000000 -0.00000000
