sample_508
1.00000000 -0.00000000
0.99993832 0.00001541
0.99975328 0.00006164
0.99944494 0.00013871
0.99901336 0.00024665
0.99845867 0.00038551
0.99778098 0.00055534
0.99698048 0.00075621
0.99605735 0.00098819
0.99501183 0.00125137
0.99384417 0.00154583
0.99255466 0.00187168
0.99114363 0.00222900
0.98961141 0.00261789
0.98795838 0.00303846
0.98618496 0.00349080
0.98429158 0.00397500
0.98227871 0.00449113
0.98014684 0.00503927
0.97789651 0.00561947
0.97552826 0.00623178
0.97304268 0.00687621
0.97044038 0.00755278
0.96772202 0.00826145
0.96488824 0.00900217
0.96193977 0.00977487
0.95887731 0.01057943
0.95570164 0.01141571
0.95241353 0.01228351
0.94901379 0.01318263
0.94550326 0.01411278
0.94188282 0.01507367
0.93815334 0.01606493
0.93431576 0.01708615
0.93037101 0.01813689
0.92632008 0.01921663
0.92216396 0.02032481
0.91790368 0.02146083
0.91354029 0.02262401
0.90907486 0.02381364
0.90450850 0.02502893
0.89984233 0.02626905
0.89507751 0.02753312
0.89021520 0.02882019
0.88525662 0.03012927
0.88020298 0.03145931
0.87505553 0.03280921
0.86981555 0.03417782
0.86448431 0.03556394
0.85906315 0.03696635
0.85355339 0.03838374
0.84795640 0.03981480
0.84227355 0.04125816
0.83650626 0.04271244
0.83065593 0.04417620
0.82472402 0.04564800
0.81871199 0.04712636
0.81262133 0.04860978
0.80645353 0.05009676
0.80021011 0.05158577
0.79389263 0.05307529
0.78750263 0.05456379
0.78104169 0.05604973
0.77451141 0.05753160
0.76791340 0.05900788
0.76124928 0.06047708
0.75452071 0.06193771
0.74772933 0.06338833
0.74087684 0.06482748
0.73396491 0.06625378
0.72699525 0.06766586
0.71996958 0.06906239
0.71288965 0.07044207
0.70575718 0.07180366
0.69857395 0.07314596
0.69134172 0.07446780
0.68406228 0.07576807
0.67673742 0.07704574
0.66936896 0.07829978
0.66195871 0.07952924
0.65450850 0.08073324
0.64702016 0.08191092
0.63949555 0.08306149
0.63193652 0.08418421
0.62434494 0.08527839
0.61672268 0.08634340
0.60907162 0.08737866
0.60139365 0.08838361
0.59369066 0.08935777
0.58596455 0.09030068
0.57821723 0.09121194
0.57045062 0.09209116
0.56266662 0.09293801
0.55486716 0.09375218
0.54705416 0.09453338
0.53922955 0.09528135
0.53139526 0.09599587
0.52355323 0.09667670
0.51570538 0.09732365
0.50785366 0.09793651
0.50000000 0.09851509
0.49214634 0.09905921
0.48429462 0.09956867
0.47644677 0.10004329
0.46860474 0.10048286
0.46077045 0.10088719
0.45294584 0.10125605
0.44513284 0.10158922
0.43733338 0.10188644
0.42954938 0.10214747
0.42178277 0.10237201
0.41403545 0.10255979
0.40630934 0.10271048
0.39860635 0.10282375
0.39092838 0.10289926
0.38327732 0.10293665
0.37565506 0.10293554
0.36806348 0.10289555
0.36050445 0.10281627
0.35297984 0.10269730
0.34549150 0.10253823
0.33804129 0.10233866
0.33063104 0.10209818
0.32326258 0.10181640
0.31593772 0.10149291
0.30865828 0.10112737
0.30142605 0.10071941
0.29424282 0.10026873
0.28711035 0.09977502
0.28003042 0.09923803
0.27300475 0.09865755
0.26603509 0.09803342
0.25912316 0.09736553
0.25227067 0.09665381
0.24547929 0.09589827
0.23875072 0.09509899
0.23208660 0.09425610
0.22548859 0.09336982
0.21895831 0.09244046
0.21249737 0.09146838
0.20610737 0.09045404
0.19978989 0.08939801
0.19354647 0.08830090
0.18737867 0.08716344
0.18128801 0.08598647
0.17527598 0.08477087
0.16934407 0.08351765
0.16349374 0.08222790
0.15772645 0.08090279
0.15204360 0.07954358
0.14644661 0.07815160
0.14093685 0.07672829
0.13551569 0.07527514
0.13018445 0.07379370
0.12494447 0.07228560
0.11979702 0.07075254
0.11474338 0.06919624
0.10978480 0.06761849
0.10492249 0.06602111
0.10015767 0.06440594
0.09549150 0.06277486
0.09092514 0.06112974
0.08645971 0.05947248
0.08209632 0.05780494
0.07783604 0.05612901
0.07367992 0.05444653
0.06962899 0.05275930
0.06568424 0.05106910
0.06184666 0.04937765
0.05811718 0.04768662
0.05449674 0.04599761
0.05098621 0.04431214
0.04758647 0.04263164
0.04429836 0.04095748
0.04112269 0.03929091
0.03806023 0.03763307
0.03511176 0.03598502
0.03227798 0.03434769
0.02955962 0.03272190
0.02695732 0.03110833
0.02447174 0.02950757
0.02210349 0.02792006
0.01985316 0.02634612
0.01772129 0.02478595
0.01570842 0.02323961
0.01381504 0.02170705
0.01204162 0.02018810
0.01038859 0.01868245
0.00885637 0.01718970
0.00744534 0.01570931
0.00615583 0.01424067
0.00498817 0.01278303
0.00394265 0.01133559
0.00301952 0.00989743
0.00221902 0.00846757
0.00154133 0.00704495
0.00098664 0.00562847
0.00055506 0.00421695
0.00024672 0.00280920
0.00006168 0.00140396
0.00000000 0.00000000
0.00006168 -0.00131295
0.00024672 -0.00262502
0.00055506 -0.00393536
0.00098664 -0.00524309
0.00154133 -0.00654733
0.00221902 -0.00784723
0.00301952 -0.00914191
0.00394265 -0.01043051
0.00498817 -0.01171215
0.00615583 -0.01298598
0.00744534 -0.01425112
0.00885637 -0.01550671
0.01038859 -0.01675191
0.01204162 -0.01798584
0.01381504 -0.01920767
0.01570842 -0.02041655
0.01772129 -0.02161165
0.01985316 -0.02279213
0.02210349 -0.02395717
0.02447174 -0.02510597
0.02695732 -0.02623773
0.02955962 -0.02735167
0.03227798 -0.02844702
0.03511176 -0.02952304
0.03806023 -0.03057899
0.04112269 -0.03161416
0.04429836 -0.03262787
0.04758647 -0.03361946
0.05098621 -0.03458827
0.05449674 -0.03553371
0.05811718 -0.03645520
0.06184666 -0.03735217
0.06568424 -0.03822412
0.06962899 -0.03907055
0.07367992 -0.03989100
0.07783604 -0.04068507
0.08209632 -0.04145237
0.08645971 -0.04219254
0.09092514 -0.04290529
0.09549150 -0.04359032
0.10015767 -0.04424741
0.10492249 -0.04487635
0.10978480 -0.04547698
0.11474338 -0.04604916
0.11979702 -0.04659280
0.12494447 -0.04710782
0.13018445 -0.04759420
0.13551569 -0.04805193
0.14093685 -0.04848103
0.14644661 -0.04888156
0.15204360 -0.04925358
0.15772645 -0.04959720
0.16349374 -0.04991252
0.16934407 -0.05019968
0.17527598 -0.05045883
0.18128801 -0.05069013
0.18737867 -0.05089374
0.19354647 -0.05106983
0.19978989 -0.05121859
0.20610737 -0.05134020
0.21249737 -0.05143484
0.21895831 -0.05150268
0.22548859 -0.05154390
0.23208660 -0.05155867
0.23875072 -0.05154713
0.24547929 -0.05150943
0.25227067 -0.05144571
0.25912316 -0.05135609
0.26603509 -0.05124068
0.27300475 -0.05109957
0.28003042 -0.05093284
0.28711035 -0.05074055
0.29424282 -0.05052276
0.30142605 -0.05027951
0.30865828 -0.05001081
0.31593772 -0.04971670
0.32326258 -0.04939716
0.33063104 -0.04905221
0.33804129 -0.04868184
0.34549150 -0.04828605
0.35297984 -0.04786483
0.36050445 -0.04741817
0.36806348 -0.04694610
0.37565506 -0.04644863
0.38327732 -0.04592579
0.39092838 -0.04537764
0.39860635 -0.04480425
0.40630934 -0.04420573
0.41403545 -0.04358222
0.42178277 -0.04293387
0.42954938 -0.04226091
0.43733338 -0.04156359
0.44513284 -0.04084220
0.45294584 -0.04009709
0.46077045 -0.03932867
0.46860474 -0.03853740
0.47644677 -0.03772380
0.48429462 -0.03688846
0.49214634 -0.03603202
0.50000000 -0.03515519
0.50785366 -0.03425877
0.51570538 -0.03334361
0.52355323 -0.03241062
0.53139526 -0.03146081
0.53922955 -0.03049523
0.54705416 -0.02951502
0.55486716 -0.02852137
0.56266662 -0.02751556
0.57045062 -0.02649890
0.57821723 -0.02547279
0.58596455 -0.02443867
0.59369066 -0.02339804
0.60139365 -0.02235246
0.60907162 -0.02130351
0.61672268 -0.02025282
0.62434494 -0.01920207
0.63193652 -0.01815294
0.63949555 -0.01710716
0.64702016 -0.01606645
0.65450850 -0.01503256
0.66195871 -0.01400722
0.66936896 -0.01299219
0.67673742 -0.01198919
0.68406228 -0.01099992
0.69134172 -0.01002606
0.69857395 -0.00906928
0.70575718 -0.00813116
0.71288965 -0.00721329
0.71996958 -0.00631716
0.72699525 -0.00544423
0.73396491 -0.00459587
0.74087684 -0.00377340
0.74772933 -0.00297805
0.75452071 -0.00221096
0.76124928 -0.00147320
0.76791340 -0.00076574
0.77451141 -0.00008945
0.78104169 0.00055489
0.78750263 0.00116662
0.79389263 0.00174517
0.80021011 0.00229007
0.80645353 0.00280098
0.81262133 0.00327765
0.81871199 0.00371994
0.82472402 0.00412782
0.83065593 0.00450138
0.83650626 0.00484079
0.84227355 0.00514635
0.84795640 0.00541844
0.85355339 0.00565756
0.85906315 0.00586428
0.86448431 0.00603928
0.86981555 0.00618333
0.87505553 0.00629726
0.88020298 0.00638200
0.88525662 0.00643854
0.89021520 0.00646794
0.89507751 0.00647134
0.89984233 0.00644991
0.90450850 0.00640488
0.90907486 0.00633752
0.91354029 0.00624917
0.91790368 0.00614115
0.92216396 0.00601485
0.92632008 0.00587167
0.93037101 0.00571300
0.93431576 0.00554029
0.93815334 0.00535494
0.94188282 0.00515839
0.94550326 0.00495206
0.94901379 0.00473735
0.95241353 0.00451566
0.95570164 0.00428835
0.95887731 0.00405677
0.96193977 0.00382226
0.96488824 0.00358609
0.96772202 0.00334952
0.97044038 0.00311376
0.97304268 0.00288000
0.97552826 0.00264937
0.97789651 0.00242295
0.98014684 0.00220179
0.98227871 0.00198689
0.98429158 0.00177918
0.98618496 0.00157956
0.98795838 0.00138887
0.98961141 0.00120790
0.99114363 0.00103738
0.99255466 0.00087800
0.99384417 0.00073038
0.99501183 0.00059510
0.99605735 0.00047267
0.99698048 0.00036355
0.99778098 0.00026816
0.99845867 0.00018684
0.99901336 0.00011991
0.99944494 0.00006759
0.99975328 0.00003009
0.99993832 0.00000753
1.00000000 -0.00000000
