sample_1220
1.00000000 -0.00000000
0.99993832 0.00001754
0.99975328 0.00007017
0.99944494 0.00015784
0.99901336 0.00028052
0.99845867 0.00043815
0.99778098 0.00063063
0.99698048 0.00085787
0.99605735 0.00111974
0.99501183 0.00141610
0.99384417 0.00174679
0.99255466 0.00211161
0.99114363 0.00251037
0.98961141 0.00294283
0.98795838 0.00340873
0.98618496 0.00390780
0.98429158 0.00443971
0.98227871 0.00500415
0.98014684 0.00560075
0.97789651 0.00622913
0.97552826 0.00688885
0.97304268 0.00757949
0.97044038 0.00830055
0.96772202 0.00905153
0.96488824 0.00983189
0.96193977 0.01064107
0.95887731 0.01147845
0.95570164 0.01234341
0.95241353 0.01323529
0.94901379 0.01415338
0.94550326 0.01509697
0.94188282 0.01606529
0.93815334 0.01705756
0.93431576 0.01807297
0.93037101 0.01911068
0.92632008 0.02016981
0.92216396 0.02124948
0.91790368 0.02234876
0.91354029 0.02346672
0.90907486 0.02460238
0.90450850 0.02575479
0.89984233 0.02692292
0.89507751 0.02810577
0.89021520 0.02930232
0.88525662 0.03051151
0.88020298 0.03173230
0.87505553 0.03296364
0.86981555 0.03420446
0.86448431 0.03545368
0.85906315 0.03671025
0.85355339 0.03797310
0.84795640 0.03924115
0.84227355 0.04051335
0.83650626 0.04178864
0.83065593 0.04306597
0.82472402 0.04434430
0.81871199 0.04562261
0.81262133 0.04689988
0.80645353 0.04817511
0.80021011 0.04944732
0.79389263 0.05071553
0.78750263 0.05197879
0.78104169 0.05323617
0.77451141 0.05448675
0.76791340 0.05572963
0.76124928 0.05696394
0.75452071 0.05818881
0.74772933 0.05940341
0.74087684 0.06060692
0.73396491 0.06179854
0.72699525 0.06297748
0.71996958 0.06414299
0.71288965 0.06529433
0.70575718 0.06643076
0.69857395 0.06755159
0.69134172 0.06865611
0.68406228 0.06974366
0.67673742 0.07081357
0.66936896 0.07186520
0.66195871 0.07289791
0.65450850 0.07391109
0.64702016 0.07490412
0.63949555 0.07587642
0.63193652 0.07682740
0.62434494 0.07775648
0.61672268 0.07866311
0.60907162 0.07954671
0.60139365 0.08040676
0.59369066 0.08124271
0.58596455 0.08205404
0.57821723 0.08284022
0.57045062 0.08360075
0.56266662 0.08433513
0.55486716 0.08504286
0.54705416 0.08572346
0.53922955 0.08637647
0.53139526 0.08700141
0.52355323 0.08759786
0.51570538 0.08816536
0.50785366 0.08870350
0.50000000 0.08921188
0.49214634 0.08969010
0.48429462 0.09013778
0.47644677 0.09055458
0.46860474 0.09094015
0.46077045 0.09129419
0.45294584 0.09161638
0.44513284 0.09190648
0.43733338 0.09216422
0.42954938 0.09238938
0.42178277 0.09258177
0.41403545 0.09274122
0.40630934 0.09286759
0.39860635 0.09296075
0.39092838 0.09302064
0.38327732 0.09304719
0.37565506 0.09304037
0.36806348 0.09300020
0.36050445 0.09292671
0.35297984 0.09281996
0.34549150 0.09268005
0.33804129 0.09250710
0.33063104 0.09230127
0.32326258 0.09206273
0.31593772 0.09179170
0.30865828 0.09148841
0.30142605 0.09115311
0.29424282 0.09078609
0.28711035 0.09038764
0.28003042 0.08995809
0.27300475 0.08949778
0.26603509 0.08900706
0.25912316 0.08848630
0.25227067 0.08793588
0.24547929 0.08735619
0.23875072 0.08674762
0.23208660 0.08611059
0.22548859 0.08544550
0.21895831 0.08475274
0.21249737 0.08403274
0.20610737 0.08328588
0.19978989 0.08251257
0.19354647 0.08171320
0.18737867 0.08088814
0.18128801 0.08003777
0.17527598 0.07916245
0.16934407 0.07826252
0.16349374 0.07733831
0.15772645 0.07639015
0.15204360 0.07541832
0.14644661 0.07442312
0.14093685 0.07340481
0.13551569 0.07236364
0.13018445 0.07129986
0.12494447 0.07021367
0.11979702 0.06910528
0.11474338 0.06797489
0.10978480 0.06682267
0.10492249 0.06564878
0.10015767 0.06445338
0.09549150 0.06323661
0.09092514 0.06199862
0.08645971 0.06073953
0.08209632 0.05945949
0.07783604 0.05815862
0.07367992 0.05683705
0.06962899 0.05549493
0.06568424 0.05413239
0.06184666 0.05274960
0.05811718 0.05134672
0.05449674 0.04992394
0.05098621 0.04848145
0.04758647 0.04701947
0.04429836 0.04553825
0.04112269 0.04403804
0.03806023 0.04251915
0.03511176 0.04098189
0.03227798 0.03942662
0.02955962 0.03785371
0.02695732 0.03626358
0.02447174 0.03465668
0.02210349 0.03303351
0.01985316 0.03139457
0.01772129 0.02974043
0.01570842 0.02807168
0.01381504 0.02638895
0.01204162 0.02469292
0.01038859 0.02298427
0.00885637 0.02126376
0.00744534 0.01953215
0.00615583 0.01779024
0.00498817 0.01603886
0.00394265 0.01427888
0.00301952 0.01251118
0.00221902 0.01073667
0.00154133 0.00895629
0.00098664 0.00717099
0.00055506 0.00538172
0.00024672 0.00358948
0.00006168 0.00179524
0.00000000 0.00000000
0.00006168 -0.00085435
0.00024672 -0.00170855
0.00055506 -0.00256242
0.00098664 -0.00341581
0.00154133 -0.00426855
0.00221902 -0.00512045
0.00301952 -0.00597133
0.00394265 -0.00682100
0.00498817 -0.00766925
0.00615583 -0.00851585
0.00744534 -0.00936058
0.00885637 -0.01020317
0.01038859 -0.01104336
0.01204162 -0.01188087
0.01381504 -0.01271540
0.01570842 -0.01354662
0.01772129 -0.01437420
0.01985316 -0.01519777
0.02210349 -0.01601698
0.02447174 -0.01683141
0.02695732 -0.01764067
0.02955962 -0.01844434
0.03227798 -0.01924195
0.03511176 -0.02003308
0.03806023 -0.02081723
0.04112269 -0.02159395
0.04429836 -0.02236273
0.04758647 -0.02312308
0.05098621 -0.02387449
0.05449674 -0.02461645
0.05811718 -0.02534845
0.06184666 -0.02606998
0.06568424 -0.02678052
0.06962899 -0.02747957
0.07367992 -0.02816661
0.07783604 -0.02884115
0.08209632 -0.02950270
0.08645971 -0.03015079
0.09092514 -0.03078494
0.09549150 -0.03140471
0.10015767 -0.03200965
0.10492249 -0.03259936
0.10978480 -0.03317344
0.11474338 -0.03373150
0.11979702 -0.03427318
0.12494447 -0.03479816
0.13018445 -0.03530612
0.13551569 -0.03579677
0.14093685 -0.03626984
0.14644661 -0.03672509
0.15204360 -0.03716231
0.15772645 -0.03758129
0.16349374 -0.03798187
0.16934407 -0.03836390
0.17527598 -0.03872724
0.18128801 -0.03907180
0.18737867 -0.03939748
0.19354647 -0.03970421
0.19978989 -0.03999194
0.20610737 -0.04026064
0.21249737 -0.04051029
0.21895831 -0.04074086
0.22548859 -0.04095237
0.23208660 -0.04114481
0.23875072 -0.04131822
0.24547929 -0.04147260
0.25227067 -0.04160799
0.25912316 -0.04172440
0.26603509 -0.04182187
0.27300475 -0.04190042
0.28003042 -0.04196007
0.28711035 -0.04200085
0.29424282 -0.04202275
0.30142605 -0.04202579
0.30865828 -0.04200996
0.31593772 -0.04197526
0.32326258 -0.04192166
0.33063104 -0.04184913
0.33804129 -0.04175763
0.34549150 -0.04164713
0.35297984 -0.04151755
0.36050445 -0.04136883
0.36806348 -0.04120090
0.37565506 -0.04101368
0.38327732 -0.04080708
0.39092838 -0.04058102
0.39860635 -0.04033540
0.40630934 -0.04007013
0.41403545 -0.03978511
0.42178277 -0.03948027
0.42954938 -0.03915552
0.43733338 -0.03881078
0.44513284 -0.03844601
0.45294584 -0.03806115
0.46077045 -0.03765617
0.46860474 -0.03723107
0.47644677 -0.03678586
0.48429462 -0.03632058
0.49214634 -0.03583530
0.50000000 -0.03533013
0.50785366 -0.03480520
0.51570538 -0.03426069
0.52355323 -0.03369682
0.53139526 -0.03311384
0.53922955 -0.03251206
0.54705416 -0.03189183
0.55486716 -0.03125356
0.56266662 -0.03059771
0.57045062 -0.02992477
0.57821723 -0.02923531
0.58596455 -0.02852995
0.59369066 -0.02780937
0.60139365 -0.02707429
0.60907162 -0.02632549
0.61672268 -0.02556383
0.62434494 -0.02479019
0.63193652 -0.02400554
0.63949555 -0.02321086
0.64702016 -0.02240723
0.65450850 -0.02159575
0.66195871 -0.02077755
0.66936896 -0.01995385
0.67673742 -0.01912587
0.68406228 -0.01829489
0.69134172 -0.01746220
0.69857395 -0.01662916
0.70575718 -0.01579710
0.71288965 -0.01496742
0.71996958 -0.01414151
0.72699525 -0.01332077
0.73396491 -0.01250662
0.74087684 -0.01170046
0.74772933 -0.01090369
0.75452071 -0.01011772
0.76124928 -0.00934392
0.76791340 -0.00858364
0.77451141 -0.00783821
0.78104169 -0.00710892
0.78750263 -0.00639702
0.79389263 -0.00570373
0.80021011 -0.00503020
0.80645353 -0.00437753
0.81262133 -0.00374678
0.81871199 -0.00313890
0.82472402 -0.00255483
0.83065593 -0.00199538
0.83650626 -0.00146132
0.84227355 -0.00095332
0.84795640 -0.00047198
0.85355339 -0.00001780
0.85906315 0.00040881
0.86448431 0.00080753
0.86981555 0.00117812
0.87505553 0.00152045
0.88020298 0.00183450
0.88525662 0.00212030
0.89021520 0.00237803
0.89507751 0.00260793
0.89984233 0.00281036
0.90450850 0.00298573
0.90907486 0.00313460
0.91354029 0.00325758
0.91790368 0.00335537
0.92216396 0.00342878
0.92632008 0.00347866
0.93037101 0.00350596
0.93431576 0.00351170
0.93815334 0.00349698
0.94188282 0.00346293
0.94550326 0.00341075
0.94901379 0.00334171
0.95241353 0.00325711
0.95570164 0.00315829
0.95887731 0.00304661
0.96193977 0.00292349
0.96488824 0.00279034
0.96772202 0.00264860
0.97044038 0.00249971
0.97304268 0.00234511
0.97552826 0.00218624
0.97789651 0.00202452
0.98014684 0.00186135
0.98227871 0.00169812
0.98429158 0.00153617
0.98618496 0.00137680
0.98795838 0.00122127
0.98961141 0.00107079
0.99114363 0.00092651
0.99255466 0.00078953
0.99384417 0.00066086
0.99501183 0.00054147
0.99605735 0.00043221
0.99698048 0.00033389
0.99778098 0.00024721
0.99845867 0.00017279
0.99901336 0.00011118
0.99944494 0.00006280
0.99975328 0.00002799
0.99993832 0.00000701
1.00000000 -0.00000000
