sample_1102
1.00000000 -0.00000000
0.99993832 0.00001664
0.99975328 0.00006652
0.99944494 0.00014959
0.99901336 0.00026574
0.99845867 0.00041482
0.99778098 0.00059663
0.99698048 0.00081096
0.99605735 0.00105751
0.99501183 0.00133599
0.99384417 0.00164605
0.99255466 0.00198729
0.99114363 0.00235931
0.98961141 0.00276163
0.98795838 0.00319379
0.98618496 0.00365525
0.98429158 0.00414549
0.98227871 0.00466392
0.98014684 0.00520995
0.97789651 0.00578296
0.97552826 0.00638232
0.97304268 0.00700736
0.97044038 0.00765743
0.96772202 0.00833182
0.96488824 0.00902985
0.96193977 0.00975081
0.95887731 0.01049399
0.95570164 0.01125867
0.95241353 0.01204413
0.94901379 0.01284965
0.94550326 0.01367451
0.94188282 0.01451800
0.93815334 0.01537941
0.93431576 0.01625803
0.93037101 0.01715317
0.92632008 0.01806415
0.92216396 0.01899030
0.91790368 0.01993095
0.91354029 0.02088547
0.90907486 0.02185322
0.90450850 0.02283359
0.89984233 0.02382599
0.89507751 0.02482983
0.89021520 0.02584457
0.88525662 0.02686964
0.88020298 0.02790454
0.87505553 0.02894875
0.86981555 0.03000178
0.86448431 0.03106318
0.85906315 0.03213247
0.85355339 0.03320923
0.84795640 0.03429303
0.84227355 0.03538347
0.83650626 0.03648016
0.83065593 0.03758270
0.82472402 0.03869074
0.81871199 0.03980390
0.81262133 0.04092185
0.80645353 0.04204422
0.80021011 0.04317068
0.79389263 0.04430088
0.78750263 0.04543449
0.78104169 0.04657116
0.77451141 0.04771055
0.76791340 0.04885230
0.76124928 0.04999607
0.75452071 0.05114147
0.74772933 0.05228813
0.74087684 0.05343566
0.73396491 0.05458364
0.72699525 0.05573166
0.71996958 0.05687926
0.71288965 0.05802597
0.70575718 0.05917131
0.69857395 0.06031476
0.69134172 0.06145577
0.68406228 0.06259379
0.67673742 0.06372820
0.66936896 0.06485839
0.66195871 0.06598369
0.65450850 0.06710341
0.64702016 0.06821683
0.63949555 0.06932319
0.63193652 0.07042171
0.62434494 0.07151156
0.61672268 0.07259190
0.60907162 0.07366182
0.60139365 0.07472042
0.59369066 0.07576674
0.58596455 0.07679979
0.57821723 0.07781858
0.57045062 0.07882206
0.56266662 0.07980917
0.55486716 0.08077881
0.54705416 0.08172988
0.53922955 0.08266123
0.53139526 0.08357172
0.52355323 0.08446019
0.51570538 0.08532544
0.50785366 0.08616630
0.50000000 0.08698155
0.49214634 0.08776999
0.48429462 0.08853043
0.47644677 0.08926165
0.46860474 0.08996246
0.46077045 0.09063167
0.45294584 0.09126811
0.44513284 0.09187060
0.43733338 0.09243802
0.42954938 0.09296924
0.42178277 0.09346318
0.41403545 0.09391877
0.40630934 0.09433498
0.39860635 0.09471084
0.39092838 0.09504538
0.38327732 0.09533773
0.37565506 0.09558700
0.36806348 0.09579242
0.36050445 0.09595323
0.35297984 0.09606874
0.34549150 0.09613832
0.33804129 0.09616140
0.33063104 0.09613750
0.32326258 0.09606617
0.31593772 0.09594705
0.30865828 0.09577986
0.30142605 0.09556437
0.29424282 0.09530045
0.28711035 0.09498802
0.28003042 0.09462711
0.27300475 0.09421780
0.26603509 0.09376025
0.25912316 0.09325471
0.25227067 0.09270150
0.24547929 0.09210102
0.23875072 0.09145374
0.23208660 0.09076022
0.22548859 0.09002107
0.21895831 0.08923699
0.21249737 0.08840876
0.20610737 0.08753720
0.19978989 0.08662320
0.19354647 0.08566774
0.18737867 0.08467184
0.18128801 0.08363657
0.17527598 0.08256307
0.16934407 0.08145251
0.16349374 0.08030613
0.15772645 0.07912520
0.15204360 0.07791102
0.14644661 0.07666493
0.14093685 0.07538831
0.13551569 0.07408254
0.13018445 0.07274905
0.12494447 0.07138927
0.11979702 0.07000464
0.11474338 0.06859660
0.10978480 0.06716661
0.10492249 0.06571610
0.10015767 0.06424653
0.09549150 0.06275931
0.09092514 0.06125585
0.08645971 0.05973754
0.08209632 0.05820574
0.07783604 0.05666178
0.07367992 0.05510696
0.06962899 0.05354253
0.06568424 0.05196972
0.06184666 0.05038969
0.05811718 0.04880356
0.05449674 0.04721242
0.05098621 0.04561727
0.04758647 0.04401908
0.04429836 0.04241876
0.04112269 0.04081714
0.03806023 0.03921500
0.03511176 0.03761307
0.03227798 0.03601199
0.02955962 0.03441236
0.02695732 0.03281469
0.02447174 0.03121943
0.02210349 0.02962700
0.01985316 0.02803770
0.01772129 0.02645180
0.01570842 0.02486951
0.01381504 0.02329096
0.01204162 0.02171623
0.01038859 0.02014536
0.00885637 0.01857830
0.00744534 0.01701498
0.00615583 0.01545527
0.00498817 0.01389899
0.00394265 0.01234593
0.00301952 0.01079582
0.00221902 0.00924837
0.00154133 0.00770327
0.00098664 0.00616017
0.00055506 0.00461868
0.00024672 0.00307843
0.00006168 0.00153901
0.00000000 0.00000000
0.00006168 -0.00050765
0.00024672 -0.00101595
0.00055506 -0.00152557
0.00098664 -0.00203714
0.00154133 -0.00255131
0.00221902 -0.00306870
0.00301952 -0.00358994
0.00394265 -0.00411561
0.00498817 -0.00464631
0.00615583 -0.00518259
0.00744534 -0.00572498
0.00885637 -0.00627400
0.01038859 -0.00683013
0.01204162 -0.00739382
0.01381504 -0.00796549
0.01570842 -0.00854552
0.01772129 -0.00913427
0.01985316 -0.00973204
0.02210349 -0.01033909
0.02447174 -0.01095567
0.02695732 -0.01158195
0.02955962 -0.01221808
0.03227798 -0.01286414
0.03511176 -0.01352020
0.03806023 -0.01418624
0.04112269 -0.01486223
0.04429836 -0.01554806
0.04758647 -0.01624359
0.05098621 -0.01694863
0.05449674 -0.01766292
0.05811718 -0.01838616
0.06184666 -0.01911802
0.06568424 -0.01985809
0.06962899 -0.02060593
0.07367992 -0.02136103
0.07783604 -0.02212285
0.08209632 -0.02289080
0.08645971 -0.02366422
0.09092514 -0.02444244
0.09549150 -0.02522471
0.10015767 -0.02601026
0.10492249 -0.02679827
0.10978480 -0.02758786
0.11474338 -0.02837814
0.11979702 -0.02916817
0.12494447 -0.02995697
0.13018445 -0.03074352
0.13551569 -0.03152678
0.14093685 -0.03230568
0.14644661 -0.03307911
0.15204360 -0.03384596
0.15772645 -0.03460506
0.16349374 -0.03535525
0.16934407 -0.03609534
0.17527598 -0.03682414
0.18128801 -0.03754042
0.18737867 -0.03824296
0.19354647 -0.03893054
0.19978989 -0.03960193
0.20610737 -0.04025589
0.21249737 -0.04089120
0.21895831 -0.04150665
0.22548859 -0.04210102
0.23208660 -0.04267313
0.23875072 -0.04322179
0.24547929 -0.04374584
0.25227067 -0.04424417
0.25912316 -0.04471566
0.26603509 -0.04515924
0.27300475 -0.04557387
0.28003042 -0.04595855
0.28711035 -0.04631233
0.29424282 -0.04663429
0.30142605 -0.04692356
0.30865828 -0.04717932
0.31593772 -0.04740082
0.32326258 -0.04758735
0.33063104 -0.04773827
0.33804129 -0.04785299
0.34549150 -0.04793099
0.35297984 -0.04797184
0.36050445 -0.04797514
0.36806348 -0.04794059
0.37565506 -0.04786796
0.38327732 -0.04775709
0.39092838 -0.04760791
0.39860635 -0.04742040
0.40630934 -0.04719465
0.41403545 -0.04693083
0.42178277 -0.04662916
0.42954938 -0.04628997
0.43733338 -0.04591367
0.44513284 -0.04550075
0.45294584 -0.04505176
0.46077045 -0.04456736
0.46860474 -0.04404828
0.47644677 -0.04349531
0.48429462 -0.04290935
0.49214634 -0.04229134
0.50000000 -0.04164233
0.50785366 -0.04096341
0.51570538 -0.04025574
0.52355323 -0.03952057
0.53139526 -0.03875919
0.53922955 -0.03797295
0.54705416 -0.03716326
0.55486716 -0.03633159
0.56266662 -0.03547944
0.57045062 -0.03460836
0.57821723 -0.03371995
0.58596455 -0.03281582
0.59369066 -0.03189763
0.60139365 -0.03096706
0.60907162 -0.03002581
0.61672268 -0.02907558
0.62434494 -0.02811811
0.63193652 -0.02715511
0.63949555 -0.02618832
0.64702016 -0.02521945
0.65450850 -0.02425022
0.66195871 -0.02328231
0.66936896 -0.02231741
0.67673742 -0.02135716
0.68406228 -0.02040318
0.69134172 -0.01945704
0.69857395 -0.01852030
0.70575718 -0.01759445
0.71288965 -0.01668093
0.71996958 -0.01578116
0.72699525 -0.01489646
0.73396491 -0.01402812
0.74087684 -0.01317735
0.74772933 -0.01234532
0.75452071 -0.01153310
0.76124928 -0.01074170
0.76791340 -0.00997207
0.77451141 -0.00922507
0.78104169 -0.00850148
0.78750263 -0.00780201
0.79389263 -0.00712729
0.80021011 -0.00647787
0.80645353 -0.00585422
0.81262133 -0.00525672
0.81871199 -0.00468567
0.82472402 -0.00414132
0.83065593 -0.00362379
0.83650626 -0.00313317
0.84227355 -0.00266945
0.84795640 -0.00223254
0.85355339 -0.00182230
0.85906315 -0.00143848
0.86448431 -0.00108080
0.86981555 -0.00074890
0.87505553 -0.00044235
0.88020298 -0.00016066
0.88525662 0.00009671
0.89021520 0.00033035
0.89507751 0.00054093
0.89984233 0.00072913
0.90450850 0.00089569
0.90907486 0.00104141
0.91354029 0.00116709
0.91790368 0.00127360
0.92216396 0.00136182
0.92632008 0.00143265
0.93037101 0.00148702
0.93431576 0.00152589
0.93815334 0.00155022
0.94188282 0.00156098
0.94550326 0.00155915
0.94901379 0.00154574
0.95241353 0.00152171
0.95570164 0.00148806
0.95887731 0.00144577
0.96193977 0.00139580
0.96488824 0.00133912
0.96772202 0.00127666
0.97044038 0.00120936
0.97304268 0.00113811
0.97552826 0.00106379
0.97789651 0.00098727
0.98014684 0.00090937
0.98227871 0.00083089
0.98429158 0.00075259
0.98618496 0.00067520
0.98795838 0.00059942
0.98961141 0.00052592
0.99114363 0.00045530
0.99255466 0.00038814
0.99384417 0.00032499
0.99501183 0.00026634
0.99605735 0.00021263
0.99698048 0.00016428
0.99778098 0.00012165
0.99845867 0.00008503
0.99901336 0.00005471
0.99944494 0.00003090
0.99975328 0.00001378
0.99993832 0.00000345
1.00000000 -0.00000000
