sample_1177
1.00000000 -0.00000000
0.99993832 0.00001430
0.99975328 0.00005722
0.99944494 0.00012876
0.99901336 0.00022894
0.99845867 0.00035779
0.99778098 0.00051534
0.99698048 0.00070162
0.99605735 0.00091668
0.99501183 0.00116057
0.99384417 0.00143335
0.99255466 0.00173508
0.99114363 0.00206581
0.98961141 0.00242563
0.98795838 0.00281460
0.98618496 0.00323279
0.98429158 0.00368028
0.98227871 0.00415715
0.98014684 0.00466347
0.97789651 0.00519930
0.97552826 0.00576473
0.97304268 0.00635982
0.97044038 0.00698462
0.96772202 0.00763919
0.96488824 0.00832357
0.96193977 0.00903780
0.95887731 0.00978190
0.95570164 0.01055588
0.95241353 0.01135973
0.94901379 0.01219343
0.94550326 0.01305693
0.94188282 0.01395017
0.93815334 0.01487307
0.93431576 0.01582550
0.93037101 0.01680734
0.92632008 0.01781841
0.92216396 0.01885850
0.91790368 0.01992739
0.91354029 0.02102481
0.90907486 0.02215044
0.90450850 0.02330393
0.89984233 0.02448490
0.89507751 0.02569290
0.89021520 0.02692747
0.88525662 0.02818806
0.88020298 0.02947410
0.87505553 0.03078496
0.86981555 0.03211996
0.86448431 0.03347836
0.85906315 0.03485937
0.85355339 0.03626215
0.84795640 0.03768579
0.84227355 0.03912933
0.83650626 0.04059175
0.83065593 0.04207197
0.82472402 0.04356887
0.81871199 0.04508125
0.81262133 0.04660786
0.80645353 0.04814739
0.80021011 0.04969850
0.79389263 0.05125976
0.78750263 0.05282971
0.78104169 0.05440683
0.77451141 0.05598956
0.76791340 0.05757629
0.76124928 0.05916536
0.75452071 0.06075509
0.74772933 0.06234374
0.74087684 0.06392954
0.73396491 0.06551070
0.72699525 0.06708541
0.71996958 0.06865180
0.71288965 0.07020803
0.70575718 0.07175221
0.69857395 0.07328245
0.69134172 0.07479687
0.68406228 0.07629357
0.67673742 0.07777067
0.66936896 0.07922628
0.66195871 0.08065853
0.65450850 0.08206560
0.64702016 0.08344565
0.63949555 0.08479689
0.63193652 0.08611757
0.62434494 0.08740597
0.61672268 0.08866041
0.60907162 0.08987927
0.60139365 0.09106098
0.59369066 0.09220402
0.58596455 0.09330694
0.57821723 0.09436835
0.57045062 0.09538694
0.56266662 0.09636145
0.55486716 0.09729072
0.54705416 0.09817367
0.53922955 0.09900927
0.53139526 0.09979662
0.52355323 0.10053487
0.51570538 0.10122328
0.50785366 0.10186118
0.50000000 0.10244802
0.49214634 0.10298331
0.48429462 0.10346667
0.47644677 0.10389781
0.46860474 0.10427652
0.46077045 0.10460271
0.45294584 0.10487634
0.44513284 0.10509750
0.43733338 0.10526633
0.42954938 0.10538309
0.42178277 0.10544808
0.41403545 0.10546173
0.40630934 0.10542451
0.39860635 0.10533697
0.39092838 0.10519976
0.38327732 0.10501355
0.37565506 0.10477911
0.36806348 0.10449725
0.36050445 0.10416886
0.35297984 0.10379484
0.34549150 0.10337618
0.33804129 0.10291387
0.33063104 0.10240898
0.32326258 0.10186258
0.31593772 0.10127578
0.30865828 0.10064972
0.30142605 0.09998554
0.29424282 0.09928440
0.28711035 0.09854749
0.28003042 0.09777598
0.27300475 0.09697105
0.26603509 0.09613387
0.25912316 0.09526561
0.25227067 0.09436743
0.24547929 0.09344046
0.23875072 0.09248584
0.23208660 0.09150465
0.22548859 0.09049797
0.21895831 0.08946684
0.21249737 0.08841228
0.20610737 0.08733527
0.19978989 0.08623676
0.19354647 0.08511765
0.18737867 0.08397881
0.18128801 0.08282108
0.17527598 0.08164525
0.16934407 0.08045206
0.16349374 0.07924222
0.15772645 0.07801641
0.15204360 0.07677523
0.14644661 0.07551928
0.14093685 0.07424909
0.13551569 0.07296518
0.13018445 0.07166799
0.12494447 0.07035797
0.11979702 0.06903549
0.11474338 0.06770092
0.10978480 0.06635457
0.10492249 0.06499675
0.10015767 0.06362771
0.09549150 0.06224770
0.09092514 0.06085692
0.08645971 0.05945557
0.08209632 0.05804383
0.07783604 0.05662186
0.07367992 0.05518979
0.06962899 0.05374776
0.06568424 0.05229589
0.06184666 0.05083430
0.05811718 0.04936311
0.05449674 0.04788242
0.05098621 0.04639235
0.04758647 0.04489301
0.04429836 0.04338453
0.04112269 0.04186702
0.03806023 0.04034063
0.03511176 0.03880551
0.03227798 0.03726180
0.02955962 0.03570969
0.02695732 0.03414937
0.02447174 0.03258103
0.02210349 0.03100490
0.01985316 0.02942121
0.01772129 0.02783022
0.01570842 0.02623221
0.01381504 0.02462747
0.01204162 0.02301630
0.01038859 0.02139904
0.00885637 0.01977604
0.00744534 0.01814766
0.00615583 0.01651429
0.00498817 0.01487632
0.00394265 0.01323417
0.00301952 0.01158827
0.00221902 0.00993904
0.00154133 0.00828696
0.00098664 0.00663247
0.00055506 0.00497605
0.00024672 0.00331818
0.00006168 0.00165933
0.00000000 0.00000000
0.00006168 -0.00049930
0.00024672 -0.00099788
0.00055506 -0.00149503
0.00098664 -0.00199004
0.00154133 -0.00248223
0.00221902 -0.00297093
0.00301952 -0.00345550
0.00394265 -0.00393533
0.00498817 -0.00440985
0.00615583 -0.00487853
0.00744534 -0.00534088
0.00885637 -0.00579645
0.01038859 -0.00624485
0.01204162 -0.00668575
0.01381504 -0.00711884
0.01570842 -0.00754392
0.01772129 -0.00796079
0.01985316 -0.00836936
0.02210349 -0.00876956
0.02447174 -0.00916139
0.02695732 -0.00954492
0.02955962 -0.00992026
0.03227798 -0.01028758
0.03511176 -0.01064709
0.03806023 -0.01099907
0.04112269 -0.01134383
0.04429836 -0.01168172
0.04758647 -0.01201314
0.05098621 -0.01233852
0.05449674 -0.01265830
0.05811718 -0.01297296
0.06184666 -0.01328301
0.06568424 -0.01358896
0.06962899 -0.01389131
0.07367992 -0.01419060
0.07783604 -0.01448733
0.08209632 -0.01478201
0.08645971 -0.01507514
0.09092514 -0.01536718
0.09549150 -0.01565859
0.10015767 -0.01594977
0.10492249 -0.01624111
0.10978480 -0.01653294
0.11474338 -0.01682557
0.11979702 -0.01711923
0.12494447 -0.01741412
0.13018445 -0.01771038
0.13551569 -0.01800808
0.14093685 -0.01830725
0.14644661 -0.01860784
0.15204360 -0.01890974
0.15772645 -0.01921277
0.16349374 -0.01951671
0.16934407 -0.01982124
0.17527598 -0.02012600
0.18128801 -0.02043055
0.18737867 -0.02073441
0.19354647 -0.02103702
0.19978989 -0.02133777
0.20610737 -0.02163600
0.21249737 -0.02193099
0.21895831 -0.02222199
0.22548859 -0.02250818
0.23208660 -0.02278874
0.23875072 -0.02306278
0.24547929 -0.02332941
0.25227067 -0.02358771
0.25912316 -0.02383674
0.26603509 -0.02407554
0.27300475 -0.02430316
0.28003042 -0.02451864
0.28711035 -0.02472105
0.29424282 -0.02490944
0.30142605 -0.02508290
0.30865828 -0.02524053
0.31593772 -0.02538147
0.32326258 -0.02550490
0.33063104 -0.02561003
0.33804129 -0.02569611
0.34549150 -0.02576246
0.35297984 -0.02580843
0.36050445 -0.02583345
0.36806348 -0.02583699
0.37565506 -0.02581861
0.38327732 -0.02577793
0.39092838 -0.02571461
0.39860635 -0.02562843
0.40630934 -0.02551922
0.41403545 -0.02538688
0.42178277 -0.02523140
0.42954938 -0.02505283
0.43733338 -0.02485131
0.44513284 -0.02462705
0.45294584 -0.02438034
0.46077045 -0.02411154
0.46860474 -0.02382106
0.47644677 -0.02350942
0.48429462 -0.02317718
0.49214634 -0.02282497
0.50000000 -0.02245347
0.50785366 -0.02206344
0.51570538 -0.02165568
0.52355323 -0.02123104
0.53139526 -0.02079042
0.53922955 -0.02033476
0.54705416 -0.01986503
0.55486716 -0.01938226
0.56266662 -0.01888748
0.57045062 -0.01838175
0.57821723 -0.01786616
0.58596455 -0.01734181
0.59369066 -0.01680982
0.60139365 -0.01627130
0.60907162 -0.01572738
0.61672268 -0.01517917
0.62434494 -0.01462779
0.63193652 -0.01407435
0.63949555 -0.01351993
0.64702016 -0.01296560
0.65450850 -0.01241243
0.66195871 -0.01186145
0.66936896 -0.01131365
0.67673742 -0.01077002
0.68406228 -0.01023149
0.69134172 -0.00969898
0.69857395 -0.00917336
0.70575718 -0.00865546
0.71288965 -0.00814608
0.71996958 -0.00764598
0.72699525 -0.00715588
0.73396491 -0.00667642
0.74087684 -0.00620826
0.74772933 -0.00575196
0.75452071 -0.00530807
0.76124928 -0.00487706
0.76791340 -0.00445940
0.77451141 -0.00405548
0.78104169 -0.00366566
0.78750263 -0.00329024
0.79389263 -0.00292949
0.80021011 -0.00258365
0.80645353 -0.00225288
0.81262133 -0.00193732
0.81871199 -0.00163708
0.82472402 -0.00135220
0.83065593 -0.00108271
0.83650626 -0.00082857
0.84227355 -0.00058974
0.84795640 -0.00036612
0.85355339 -0.00015757
0.85906315 0.00003607
0.86448431 0.00021500
0.86981555 0.00037944
0.87505553 0.00052967
0.88020298 0.00066595
0.88525662 0.00078863
0.89021520 0.00089802
0.89507751 0.00099452
0.89984233 0.00107849
0.90450850 0.00115037
0.90907486 0.00121059
0.91354029 0.00125960
0.91790368 0.00129787
0.92216396 0.00132590
0.92632008 0.00134420
0.93037101 0.00135328
0.93431576 0.00135367
0.93815334 0.00134592
0.94188282 0.00133059
0.94550326 0.00130822
0.94901379 0.00127940
0.95241353 0.00124469
0.95570164 0.00120466
0.95887731 0.00115989
0.96193977 0.00111096
0.96488824 0.00105843
0.96772202 0.00100288
0.97044038 0.00094487
0.97304268 0.00088495
0.97552826 0.00082368
0.97789651 0.00076157
0.98014684 0.00069916
0.98227871 0.00063695
0.98429158 0.00057544
0.98618496 0.00051509
0.98795838 0.00045637
0.98961141 0.00039970
0.99114363 0.00034549
0.99255466 0.00029414
0.99384417 0.00024599
0.99501183 0.00020139
0.99605735 0.00016065
0.99698048 0.00012402
0.99778098 0.00009178
0.99845867 0.00006412
0.99901336 0.00004124
0.99944494 0.00002329
0.99975328 0.00001038
0.99993832 0.00000260
1.00000000 -0.00000000
