sample_1112
1.00000000 -0.00000000
0.99993832 0.00001260
0.99975328 0.00005039
0.99944494 0.00011337
0.99901336 0.00020152
0.99845867 0.00031482
0.99778098 0.00045324
0.99698048 0.00061674
0.99605735 0.00080530
0.99501183 0.00101886
0.99384417 0.00125740
0.99255466 0.00152085
0.99114363 0.00180917
0.98961141 0.00212232
0.98795838 0.00246024
0.98618496 0.00282290
0.98429158 0.00321025
0.98227871 0.00362225
0.98014684 0.00405886
0.97789651 0.00452005
0.97552826 0.00500580
0.97304268 0.00551608
0.97044038 0.00605088
0.96772202 0.00661019
0.96488824 0.00719401
0.96193977 0.00780235
0.95887731 0.00843521
0.95570164 0.00909261
0.95241353 0.00977458
0.94901379 0.01048112
0.94550326 0.01121228
0.94188282 0.01196808
0.93815334 0.01274855
0.93431576 0.01355371
0.93037101 0.01438359
0.92632008 0.01523821
0.92216396 0.01611757
0.91790368 0.01702167
0.91354029 0.01795050
0.90907486 0.01890402
0.90450850 0.01988220
0.89984233 0.02088496
0.89507751 0.02191221
0.89021520 0.02296383
0.88525662 0.02403967
0.88020298 0.02513955
0.87505553 0.02626326
0.86981555 0.02741052
0.86448431 0.02858106
0.85906315 0.02977454
0.85355339 0.03099055
0.84795640 0.03222869
0.84227355 0.03348846
0.83650626 0.03476932
0.83065593 0.03607070
0.82472402 0.03739195
0.81871199 0.03873238
0.81262133 0.04009123
0.80645353 0.04146769
0.80021011 0.04286091
0.79389263 0.04426996
0.78750263 0.04569386
0.78104169 0.04713159
0.77451141 0.04858206
0.76791340 0.05004413
0.76124928 0.05151662
0.75452071 0.05299830
0.74772933 0.05448789
0.74087684 0.05598407
0.73396491 0.05748547
0.72699525 0.05899071
0.71996958 0.06049836
0.71288965 0.06200695
0.70575718 0.06351500
0.69857395 0.06502102
0.69134172 0.06652347
0.68406228 0.06802083
0.67673742 0.06951154
0.66936896 0.07099407
0.66195871 0.07246686
0.65450850 0.07392836
0.64702016 0.07537704
0.63949555 0.07681138
0.63193652 0.07822985
0.62434494 0.07963097
0.61672268 0.08101327
0.60907162 0.08237531
0.60139365 0.08371566
0.59369066 0.08503295
0.58596455 0.08632583
0.57821723 0.08759299
0.57045062 0.08883315
0.56266662 0.09004508
0.55486716 0.09122759
0.54705416 0.09237953
0.53922955 0.09349979
0.53139526 0.09458732
0.52355323 0.09564111
0.51570538 0.09666017
0.50785366 0.09764360
0.50000000 0.09859050
0.49214634 0.09950004
0.48429462 0.10037143
0.47644677 0.10120390
0.46860474 0.10199676
0.46077045 0.10274933
0.45294584 0.10346096
0.44513284 0.10413107
0.43733338 0.10475908
0.42954938 0.10534447
0.42178277 0.10588673
0.41403545 0.10638540
0.40630934 0.10684002
0.39860635 0.10725019
0.39092838 0.10761552
0.38327732 0.10793563
0.37565506 0.10821019
0.36806348 0.10843888
0.36050445 0.10862139
0.35297984 0.10875745
0.34549150 0.10884680
0.33804129 0.10888920
0.33063104 0.10888444
0.32326258 0.10883231
0.31593772 0.10873266
0.30865828 0.10858532
0.30142605 0.10839016
0.29424282 0.10814709
0.28711035 0.10785602
0.28003042 0.10751690
0.27300475 0.10712971
0.26603509 0.10669446
0.25912316 0.10621119
0.25227067 0.10567996
0.24547929 0.10510090
0.23875072 0.10447416
0.23208660 0.10379992
0.22548859 0.10307842
0.21895831 0.10230994
0.21249737 0.10149480
0.20610737 0.10063338
0.19978989 0.09972611
0.19354647 0.09877345
0.18737867 0.09777593
0.18128801 0.09673415
0.17527598 0.09564873
0.16934407 0.09452037
0.16349374 0.09334982
0.15772645 0.09213788
0.15204360 0.09088540
0.14644661 0.08959330
0.14093685 0.08826254
0.13551569 0.08689413
0.13018445 0.08548914
0.12494447 0.08404869
0.11979702 0.08257391
0.11474338 0.08106601
0.10978480 0.07952623
0.10492249 0.07795582
0.10015767 0.07635609
0.09549150 0.07472836
0.09092514 0.07307398
0.08645971 0.07139430
0.08209632 0.06969071
0.07783604 0.06796457
0.07367992 0.06621727
0.06962899 0.06445020
0.06568424 0.06266471
0.06184666 0.06086217
0.05811718 0.05904390
0.05449674 0.05721122
0.05098621 0.05536541
0.04758647 0.05350771
0.04429836 0.05163933
0.04112269 0.04976143
0.03806023 0.04787513
0.03511176 0.04598148
0.03227798 0.04408149
0.02955962 0.04217611
0.02695732 0.04026622
0.02447174 0.03835265
0.02210349 0.03643616
0.01985316 0.03451742
0.01772129 0.03259707
0.01570842 0.03067566
0.01381504 0.02875368
0.01204162 0.02683155
0.01038859 0.02490961
0.00885637 0.02298816
0.00744534 0.02106743
0.00615583 0.01914758
0.00498817 0.01722873
0.00394265 0.01531094
0.00301952 0.01339422
0.00221902 0.01147853
0.00154133 0.00956381
0.00098664 0.00764994
0.00055506 0.00573679
0.00024672 0.00382421
0.00006168 0.00191201
0.00000000 0.00000000
0.00006168 -0.00072619
0.00024672 -0.00145295
0.00055506 -0.00218083
0.00098664 -0.00291039
0.00154133 -0.00364216
0.00221902 -0.00437668
0.00301952 -0.00511444
0.00394265 -0.00585592
0.00498817 -0.00660158
0.00615583 -0.00735184
0.00744534 -0.00810708
0.00885637 -0.00886765
0.01038859 -0.00963386
0.01204162 -0.01040598
0.01381504 -0.01118421
0.01570842 -0.01196872
0.01772129 -0.01275964
0.01985316 -0.01355701
0.02210349 -0.01436085
0.02447174 -0.01517110
0.02695732 -0.01598765
0.02955962 -0.01681033
0.03227798 -0.01763890
0.03511176 -0.01847307
0.03806023 -0.01931248
0.04112269 -0.02015671
0.04429836 -0.02100529
0.04758647 -0.02185766
0.05098621 -0.02271323
0.05449674 -0.02357133
0.05811718 -0.02443124
0.06184666 -0.02529218
0.06568424 -0.02615332
0.06962899 -0.02701377
0.07367992 -0.02787259
0.07783604 -0.02872880
0.08209632 -0.02958137
0.08645971 -0.03042922
0.09092514 -0.03127124
0.09549150 -0.03210627
0.10015767 -0.03293315
0.10492249 -0.03375065
0.10978480 -0.03455755
0.11474338 -0.03535258
0.11979702 -0.03613448
0.12494447 -0.03690195
0.13018445 -0.03765371
0.13551569 -0.03838846
0.14093685 -0.03910489
0.14644661 -0.03980172
0.15204360 -0.04047767
0.15772645 -0.04113146
0.16349374 -0.04176185
0.16934407 -0.04236759
0.17527598 -0.04294750
0.18128801 -0.04350040
0.18737867 -0.04402516
0.19354647 -0.04452067
0.19978989 -0.04498589
0.20610737 -0.04541981
0.21249737 -0.04582146
0.21895831 -0.04618996
0.22548859 -0.04652445
0.23208660 -0.04682414
0.23875072 -0.04708832
0.24547929 -0.04731633
0.25227067 -0.04750758
0.25912316 -0.04766156
0.26603509 -0.04777780
0.27300475 -0.04785595
0.28003042 -0.04789570
0.28711035 -0.04789684
0.29424282 -0.04785923
0.30142605 -0.04778278
0.30865828 -0.04766753
0.31593772 -0.04751356
0.32326258 -0.04732104
0.33063104 -0.04709022
0.33804129 -0.04682143
0.34549150 -0.04651506
0.35297984 -0.04617160
0.36050445 -0.04579161
0.36806348 -0.04537569
0.37565506 -0.04492456
0.38327732 -0.04443897
0.39092838 -0.04391975
0.39860635 -0.04336781
0.40630934 -0.04278409
0.41403545 -0.04216962
0.42178277 -0.04152547
0.42954938 -0.04085275
0.43733338 -0.04015266
0.44513284 -0.03942640
0.45294584 -0.03867525
0.46077045 -0.03790052
0.46860474 -0.03710354
0.47644677 -0.03628568
0.48429462 -0.03544836
0.49214634 -0.03459301
0.50000000 -0.03372107
0.50785366 -0.03283402
0.51570538 -0.03193334
0.52355323 -0.03102053
0.53139526 -0.03009709
0.53922955 -0.02916454
0.54705416 -0.02822438
0.55486716 -0.02727811
0.56266662 -0.02632724
0.57045062 -0.02537325
0.57821723 -0.02441762
0.58596455 -0.02346181
0.59369066 -0.02250726
0.60139365 -0.02155539
0.60907162 -0.02060760
0.61672268 -0.01966524
0.62434494 -0.01872965
0.63193652 -0.01780214
0.63949555 -0.01688397
0.64702016 -0.01597638
0.65450850 -0.01508055
0.66195871 -0.01419763
0.66936896 -0.01332873
0.67673742 -0.01247492
0.68406228 -0.01163719
0.69134172 -0.01081653
0.69857395 -0.01001383
0.70575718 -0.00922999
0.71288965 -0.00846579
0.71996958 -0.00772202
0.72699525 -0.00699937
0.73396491 -0.00629849
0.74087684 -0.00562000
0.74772933 -0.00496443
0.75452071 -0.00433226
0.76124928 -0.00372394
0.76791340 -0.00313984
0.77451141 -0.00258028
0.78104169 -0.00204552
0.78750263 -0.00153577
0.79389263 -0.00105119
0.80021011 -0.00059187
0.80645353 -0.00015786
0.81262133 0.00025086
0.81871199 0.00063435
0.82472402 0.00099272
0.83065593 0.00132615
0.83650626 0.00163485
0.84227355 0.00191910
0.84795640 0.00217920
0.85355339 0.00241553
0.85906315 0.00262850
0.86448431 0.00281856
0.86981555 0.00298622
0.87505553 0.00313201
0.88020298 0.00325652
0.88525662 0.00336037
0.89021520 0.00344421
0.89507751 0.00350874
0.89984233 0.00355467
0.90450850 0.00358278
0.90907486 0.00359383
0.91354029 0.00358865
0.91790368 0.00356807
0.92216396 0.00353294
0.92632008 0.00348414
0.93037101 0.00342257
0.93431576 0.00334913
0.93815334 0.00326476
0.94188282 0.00317038
0.94550326 0.00306693
0.94901379 0.00295536
0.95241353 0.00283661
0.95570164 0.00271163
0.95887731 0.00258137
0.96193977 0.00244677
0.96488824 0.00230874
0.96772202 0.00216822
0.97044038 0.00202611
0.97304268 0.00188329
0.97552826 0.00174064
0.97789651 0.00159901
0.98014684 0.00145922
0.98227871 0.00132207
0.98429158 0.00118833
0.98618496 0.00105875
0.98795838 0.00093403
0.98961141 0.00081484
0.99114363 0.00070182
0.99255466 0.00059556
0.99384417 0.00049663
0.99501183 0.00040553
0.99605735 0.00032273
0.99698048 0.00024866
0.99778098 0.00018369
0.99845867 0.00012815
0.99901336 0.00008232
0.99944494 0.00004644
0.99975328 0.00002068
0.99993832 0.00000518
1.00000000 -0.00000000
