sample_556
1.00000000 -0.00000000
0.99993832 0.00001362
0.99975328 0.00005448
0.99944494 0.00012264
0.99901336 0.00021817
0.99845867 0.00034115
0.99778098 0.00049173
0.99698048 0.00067004
0.99605735 0.00087627
0.99501183 0.00111060
0.99384417 0.00137326
0.99255466 0.00166447
0.99114363 0.00198447
0.98961141 0.00233352
0.98795838 0.00271188
0.98618496 0.00311981
0.98429158 0.00355758
0.98227871 0.00402545
0.98014684 0.00452368
0.97789651 0.00505251
0.97552826 0.00561217
0.97304268 0.00620286
0.97044038 0.00682477
0.96772202 0.00747807
0.96488824 0.00816288
0.96193977 0.00887930
0.95887731 0.00962738
0.95570164 0.01040715
0.95241353 0.01121856
0.94901379 0.01206154
0.94550326 0.01293596
0.94188282 0.01384164
0.93815334 0.01477834
0.93431576 0.01574576
0.93037101 0.01674353
0.92632008 0.01777124
0.92216396 0.01882841
0.91790368 0.01991447
0.91354029 0.02102881
0.90907486 0.02217075
0.90450850 0.02333953
0.89984233 0.02453434
0.89507751 0.02575429
0.89021520 0.02699844
0.88525662 0.02826576
0.88020298 0.02955517
0.87505553 0.03086555
0.86981555 0.03219569
0.86448431 0.03354434
0.85906315 0.03491018
0.85355339 0.03629184
0.84795640 0.03768793
0.84227355 0.03909697
0.83650626 0.04051747
0.83065593 0.04194789
0.82472402 0.04338665
0.81871199 0.04483214
0.81262133 0.04628274
0.80645353 0.04773677
0.80021011 0.04919257
0.79389263 0.05064845
0.78750263 0.05210269
0.78104169 0.05355360
0.77451141 0.05499945
0.76791340 0.05643855
0.76124928 0.05786919
0.75452071 0.05928968
0.74772933 0.06069834
0.74087684 0.06209352
0.73396491 0.06347359
0.72699525 0.06483693
0.71996958 0.06618198
0.71288965 0.06750718
0.70575718 0.06881104
0.69857395 0.07009210
0.69134172 0.07134893
0.68406228 0.07258016
0.67673742 0.07378448
0.66936896 0.07496061
0.66195871 0.07610733
0.65450850 0.07722350
0.64702016 0.07830801
0.63949555 0.07935981
0.63193652 0.08037795
0.62434494 0.08136149
0.61672268 0.08230959
0.60907162 0.08322148
0.60139365 0.08409642
0.59369066 0.08493377
0.58596455 0.08573294
0.57821723 0.08649342
0.57045062 0.08721475
0.56266662 0.08789654
0.55486716 0.08853848
0.54705416 0.08914031
0.53922955 0.08970184
0.53139526 0.09022294
0.52355323 0.09070354
0.51570538 0.09114364
0.50785366 0.09154330
0.50000000 0.09190261
0.49214634 0.09222175
0.48429462 0.09250093
0.47644677 0.09274043
0.46860474 0.09294056
0.46077045 0.09310170
0.45294584 0.09322425
0.44513284 0.09330866
0.43733338 0.09335543
0.42954938 0.09336509
0.42178277 0.09333821
0.41403545 0.09327537
0.40630934 0.09317720
0.39860635 0.09304434
0.39092838 0.09287748
0.38327732 0.09267730
0.37565506 0.09244451
0.36806348 0.09217983
0.36050445 0.09188400
0.35297984 0.09155774
0.34549150 0.09120182
0.33804129 0.09081696
0.33063104 0.09040393
0.32326258 0.08996345
0.31593772 0.08949627
0.30865828 0.08900310
0.30142605 0.08848467
0.29424282 0.08794166
0.28711035 0.08737477
0.28003042 0.08678464
0.27300475 0.08617192
0.26603509 0.08553723
0.25912316 0.08488115
0.25227067 0.08420424
0.24547929 0.08350704
0.23875072 0.08279006
0.23208660 0.08205375
0.22548859 0.08129856
0.21895831 0.08052489
0.21249737 0.07973311
0.20610737 0.07892356
0.19978989 0.07809652
0.19354647 0.07725227
0.18737867 0.07639103
0.18128801 0.07551299
0.17527598 0.07461831
0.16934407 0.07370712
0.16349374 0.07277951
0.15772645 0.07183553
0.15204360 0.07087523
0.14644661 0.06989860
0.14093685 0.06890563
0.13551569 0.06789625
0.13018445 0.06687041
0.12494447 0.06582801
0.11979702 0.06476894
0.11474338 0.06369309
0.10978480 0.06260032
0.10492249 0.06149048
0.10015767 0.06036344
0.09549150 0.05921903
0.09092514 0.05805710
0.08645971 0.05687752
0.08209632 0.05568012
0.07783604 0.05446479
0.07367992 0.05323139
0.06962899 0.05197983
0.06568424 0.05071002
0.06184666 0.04942189
0.05811718 0.04811541
0.05449674 0.04679056
0.05098621 0.04544736
0.04758647 0.04408586
0.04429836 0.04270614
0.04112269 0.04130833
0.03806023 0.03989257
0.03511176 0.03845908
0.03227798 0.03700808
0.02955962 0.03553987
0.02695732 0.03405478
0.02447174 0.03255316
0.02210349 0.03103545
0.01985316 0.02950210
0.01772129 0.02795361
0.01570842 0.02639055
0.01381504 0.02481349
0.01204162 0.02322309
0.01038859 0.02162001
0.00885637 0.02000498
0.00744534 0.01837876
0.00615583 0.01674214
0.00498817 0.01509595
0.00394265 0.01344105
0.00301952 0.01177833
0.00221902 0.01010871
0.00154133 0.00843313
0.00098664 0.00675255
0.00055506 0.00506795
0.00024672 0.00338032
0.00006168 0.00169067
0.00000000 0.00000000
0.00006168 -0.00040486
0.00024672 -0.00080954
0.00055506 -0.00121386
0.00098664 -0.00161764
0.00154133 -0.00202069
0.00221902 -0.00242285
0.00301952 -0.00282391
0.00394265 -0.00322369
0.00498817 -0.00362202
0.00615583 -0.00401869
0.00744534 -0.00441352
0.00885637 -0.00480631
0.01038859 -0.00519688
0.01204162 -0.00558503
0.01381504 -0.00597056
0.01570842 -0.00635328
0.01772129 -0.00673301
0.01985316 -0.00710954
0.02210349 -0.00748270
0.02447174 -0.00785229
0.02695732 -0.00821814
0.02955962 -0.00858006
0.03227798 -0.00893790
0.03511176 -0.00929149
0.03806023 -0.00964068
0.04112269 -0.00998533
0.04429836 -0.01032530
0.04758647 -0.01066048
0.05098621 -0.01099076
0.05449674 -0.01131604
0.05811718 -0.01163626
0.06184666 -0.01195134
0.06568424 -0.01226125
0.06962899 -0.01256595
0.07367992 -0.01286544
0.07783604 -0.01315971
0.08209632 -0.01344880
0.08645971 -0.01373274
0.09092514 -0.01401159
0.09549150 -0.01428542
0.10015767 -0.01455432
0.10492249 -0.01481839
0.10978480 -0.01507776
0.11474338 -0.01533254
0.11979702 -0.01558288
0.12494447 -0.01582892
0.13018445 -0.01607081
0.13551569 -0.01630871
0.14093685 -0.01654278
0.14644661 -0.01677318
0.15204360 -0.01700005
0.15772645 -0.01722355
0.16349374 -0.01744380
0.16934407 -0.01766094
0.17527598 -0.01787507
0.18128801 -0.01808629
0.18737867 -0.01829465
0.19354647 -0.01850022
0.19978989 -0.01870301
0.20610737 -0.01890300
0.21249737 -0.01910015
0.21895831 -0.01929438
0.22548859 -0.01948559
0.23208660 -0.01967360
0.23875072 -0.01985823
0.24547929 -0.02003923
0.25227067 -0.02021633
0.25912316 -0.02038921
0.26603509 -0.02055749
0.27300475 -0.02072075
0.28003042 -0.02087855
0.28711035 -0.02103037
0.29424282 -0.02117567
0.30142605 -0.02131388
0.30865828 -0.02144436
0.31593772 -0.02156645
0.32326258 -0.02167946
0.33063104 -0.02178267
0.33804129 -0.02187532
0.34549150 -0.02195663
0.35297984 -0.02202582
0.36050445 -0.02208208
0.36806348 -0.02212458
0.37565506 -0.02215252
0.38327732 -0.02216505
0.39092838 -0.02216139
0.39860635 -0.02214071
0.40630934 -0.02210224
0.41403545 -0.02204523
0.42178277 -0.02196893
0.42954938 -0.02187267
0.43733338 -0.02175579
0.44513284 -0.02161770
0.45294584 -0.02145783
0.46077045 -0.02127571
0.46860474 -0.02107091
0.47644677 -0.02084308
0.48429462 -0.02059193
0.49214634 -0.02031727
0.50000000 -0.02001897
0.50785366 -0.01969701
0.51570538 -0.01935143
0.52355323 -0.01898238
0.53139526 -0.01859011
0.53922955 -0.01817495
0.54705416 -0.01773732
0.55486716 -0.01727776
0.56266662 -0.01679689
0.57045062 -0.01629542
0.57821723 -0.01577417
0.58596455 -0.01523403
0.59369066 -0.01467600
0.60139365 -0.01410115
0.60907162 -0.01351064
0.61672268 -0.01290572
0.62434494 -0.01228768
0.63193652 -0.01165790
0.63949555 -0.01101783
0.64702016 -0.01036895
0.65450850 -0.00971281
0.66195871 -0.00905100
0.66936896 -0.00838514
0.67673742 -0.00771687
0.68406228 -0.00704787
0.69134172 -0.00637982
0.69857395 -0.00571442
0.70575718 -0.00505333
0.71288965 -0.00439825
0.71996958 -0.00375081
0.72699525 -0.00311267
0.73396491 -0.00248540
0.74087684 -0.00187056
0.74772933 -0.00126967
0.75452071 -0.00068416
0.76124928 -0.00011544
0.76791340 0.00043518
0.77451141 0.00096645
0.78104169 0.00147721
0.78750263 0.00196636
0.79389263 0.00243292
0.80021011 0.00287597
0.80645353 0.00329471
0.81262133 0.00368843
0.81871199 0.00405652
0.82472402 0.00439848
0.83065593 0.00471389
0.83650626 0.00500248
0.84227355 0.00526403
0.84795640 0.00549846
0.85355339 0.00570579
0.85906315 0.00588612
0.86448431 0.00603968
0.86981555 0.00616678
0.87505553 0.00626783
0.88020298 0.00634331
0.88525662 0.00639383
0.89021520 0.00642004
0.89507751 0.00642270
0.89984233 0.00640263
0.90450850 0.00636073
0.90907486 0.00629795
0.91354029 0.00621530
0.91790368 0.00611387
0.92216396 0.00599477
0.92632008 0.00585917
0.93037101 0.00570826
0.93431576 0.00554327
0.93815334 0.00536548
0.94188282 0.00517614
0.94550326 0.00497657
0.94901379 0.00476806
0.95241353 0.00455192
0.95570164 0.00432945
0.95887731 0.00410196
0.96193977 0.00387075
0.96488824 0.00363707
0.96772202 0.00340220
0.97044038 0.00316737
0.97304268 0.00293377
0.97552826 0.00270259
0.97789651 0.00247497
0.98014684 0.00225200
0.98227871 0.00203474
0.98429158 0.00182422
0.98618496 0.00162140
0.98795838 0.00142721
0.98961141 0.00124251
0.99114363 0.00106813
0.99255466 0.00090483
0.99384417 0.00075332
0.99501183 0.00061424
0.99605735 0.00048820
0.99698048 0.00037573
0.99778098 0.00027728
0.99845867 0.00019329
0.99901336 0.00012409
0.99944494 0.00006997
0.99975328 0.00003115
0.99993832 0.00000780
1.00000000 -0.00000000
