sample_721
1.00000000 -0.00000000
0.99993832 0.00001479
0.99975328 0.00005918
0.99944494 0.00013316
0.99901336 0.00023674
0.99845867 0.00036994
0.99778098 0.00053277
0.99698048 0.00072524
0.99605735 0.00094737
0.99501183 0.00119916
0.99384417 0.00148064
0.99255466 0.00179180
0.99114363 0.00213264
0.98961141 0.00250316
0.98795838 0.00290333
0.98618496 0.00333313
0.98429158 0.00379251
0.98227871 0.00428140
0.98014684 0.00479974
0.97789651 0.00534741
0.97552826 0.00592429
0.97304268 0.00653024
0.97044038 0.00716508
0.96772202 0.00782860
0.96488824 0.00852058
0.96193977 0.00924075
0.95887731 0.00998880
0.95570164 0.01076440
0.95241353 0.01156719
0.94901379 0.01239675
0.94550326 0.01325264
0.94188282 0.01413437
0.93815334 0.01504142
0.93431576 0.01597323
0.93037101 0.01692920
0.92632008 0.01790869
0.92216396 0.01891103
0.91790368 0.01993551
0.91354029 0.02098137
0.90907486 0.02204784
0.90450850 0.02313411
0.89984233 0.02423933
0.89507751 0.02536264
0.89021520 0.02650314
0.88525662 0.02765990
0.88020298 0.02883199
0.87505553 0.03001845
0.86981555 0.03121830
0.86448431 0.03243057
0.85906315 0.03365425
0.85355339 0.03488834
0.84795640 0.03613185
0.84227355 0.03738377
0.83650626 0.03864310
0.83065593 0.03990885
0.82472402 0.04118003
0.81871199 0.04245568
0.81262133 0.04373483
0.80645353 0.04501655
0.80021011 0.04629992
0.79389263 0.04758405
0.78750263 0.04886805
0.78104169 0.05015109
0.77451141 0.05143235
0.76791340 0.05271104
0.76124928 0.05398640
0.75452071 0.05525769
0.74772933 0.05652423
0.74087684 0.05778533
0.73396491 0.05904038
0.72699525 0.06028875
0.71996958 0.06152987
0.71288965 0.06276320
0.70575718 0.06398820
0.69857395 0.06520439
0.69134172 0.06641127
0.68406228 0.06760841
0.67673742 0.06879536
0.66936896 0.06997170
0.66195871 0.07113703
0.65450850 0.07229094
0.64702016 0.07343304
0.63949555 0.07456293
0.63193652 0.07568023
0.62434494 0.07678454
0.61672268 0.07787546
0.60907162 0.07895256
0.60139365 0.08001542
0.59369066 0.08106359
0.58596455 0.08209659
0.57821723 0.08311393
0.57045062 0.08411508
0.56266662 0.08509949
0.55486716 0.08606656
0.54705416 0.08701567
0.53922955 0.08794614
0.53139526 0.08885729
0.52355323 0.08974835
0.51570538 0.09061854
0.50785366 0.09146702
0.50000000 0.09229291
0.49214634 0.09309529
0.48429462 0.09387321
0.47644677 0.09462564
0.46860474 0.09535154
0.46077045 0.09604982
0.45294584 0.09671936
0.44513284 0.09735900
0.43733338 0.09796755
0.42954938 0.09854378
0.42178277 0.09908647
0.41403545 0.09959434
0.40630934 0.10006613
0.39860635 0.10050054
0.39092838 0.10089629
0.38327732 0.10125210
0.37565506 0.10156668
0.36806348 0.10183877
0.36050445 0.10206712
0.35297984 0.10225052
0.34549150 0.10238779
0.33804129 0.10247776
0.33063104 0.10251936
0.32326258 0.10251153
0.31593772 0.10245328
0.30865828 0.10234371
0.30142605 0.10218196
0.29424282 0.10196728
0.28711035 0.10169897
0.28003042 0.10137645
0.27300475 0.10099923
0.26603509 0.10056690
0.25912316 0.10007920
0.25227067 0.09953593
0.24547929 0.09893703
0.23875072 0.09828255
0.23208660 0.09757267
0.22548859 0.09680767
0.21895831 0.09598797
0.21249737 0.09511411
0.20610737 0.09418673
0.19978989 0.09320663
0.19354647 0.09217471
0.18737867 0.09109199
0.18128801 0.08995962
0.17527598 0.08877883
0.16934407 0.08755101
0.16349374 0.08627762
0.15772645 0.08496023
0.15204360 0.08360051
0.14644661 0.08220022
0.14093685 0.08076120
0.13551569 0.07928536
0.13018445 0.07777469
0.12494447 0.07623124
0.11979702 0.07465709
0.11474338 0.07305439
0.10978480 0.07142532
0.10492249 0.06977207
0.10015767 0.06809685
0.09549150 0.06640190
0.09092514 0.06468942
0.08645971 0.06296162
0.08209632 0.06122068
0.07783604 0.05946875
0.07367992 0.05770793
0.06962899 0.05594029
0.06568424 0.05416781
0.06184666 0.05239244
0.05811718 0.05061601
0.05449674 0.04884029
0.05098621 0.04706696
0.04758647 0.04529760
0.04429836 0.04353368
0.04112269 0.04177655
0.03806023 0.04002746
0.03511176 0.03828753
0.03227798 0.03655778
0.02955962 0.03483906
0.02695732 0.03313212
0.02447174 0.03143757
0.02210349 0.02975591
0.01985316 0.02808746
0.01772129 0.02643246
0.01570842 0.02479099
0.01381504 0.02316301
0.01204162 0.02154836
0.01038859 0.01994676
0.00885637 0.01835780
0.00744534 0.01678098
0.00615583 0.01521567
0.00498817 0.01366118
0.00394265 0.01211668
0.00301952 0.01058129
0.00221902 0.00905404
0.00154133 0.00753389
0.00098664 0.00601977
0.00055506 0.00451051
0.00024672 0.00300494
0.00006168 0.00150185
0.00000000 0.00000000
0.00006168 -0.00123373
0.00024672 -0.00246661
0.00055506 -0.00369779
0.00098664 -0.00492641
0.00154133 -0.00615162
0.00221902 -0.00737255
0.00301952 -0.00858833
0.00394265 -0.00979809
0.00498817 -0.01100095
0.00615583 -0.01219601
0.00744534 -0.01338238
0.00885637 -0.01455915
0.01038859 -0.01572540
0.01204162 -0.01688021
0.01381504 -0.01802265
0.01570842 -0.01915179
0.01772129 -0.02026667
0.01985316 -0.02136636
0.02210349 -0.02244990
0.02447174 -0.02351635
0.02695732 -0.02456476
0.02955962 -0.02559418
0.03227798 -0.02660368
0.03511176 -0.02759234
0.03806023 -0.02855923
0.04112269 -0.02950346
0.04429836 -0.03042414
0.04758647 -0.03132043
0.05098621 -0.03219148
0.05449674 -0.03303649
0.05811718 -0.03385469
0.06184666 -0.03464536
0.06568424 -0.03540778
0.06962899 -0.03614132
0.07367992 -0.03684535
0.07783604 -0.03751934
0.08209632 -0.03816276
0.08645971 -0.03877518
0.09092514 -0.03935620
0.09549150 -0.03990548
0.10015767 -0.04042276
0.10492249 -0.04090782
0.10978480 -0.04136053
0.11474338 -0.04178080
0.11979702 -0.04216862
0.12494447 -0.04252405
0.13018445 -0.04284720
0.13551569 -0.04313825
0.14093685 -0.04339746
0.14644661 -0.04362514
0.15204360 -0.04382166
0.15772645 -0.04398744
0.16349374 -0.04412298
0.16934407 -0.04422881
0.17527598 -0.04430552
0.18128801 -0.04435375
0.18737867 -0.04437418
0.19354647 -0.04436751
0.19978989 -0.04433451
0.20610737 -0.04427595
0.21249737 -0.04419262
0.21895831 -0.04408537
0.22548859 -0.04395501
0.23208660 -0.04380239
0.23875072 -0.04362838
0.24547929 -0.04343380
0.25227067 -0.04321952
0.25912316 -0.04298636
0.26603509 -0.04273513
0.27300475 -0.04246664
0.28003042 -0.04218165
0.28711035 -0.04188092
0.29424282 -0.04156514
0.30142605 -0.04123501
0.30865828 -0.04089115
0.31593772 -0.04053416
0.32326258 -0.04016460
0.33063104 -0.03978296
0.33804129 -0.03938970
0.34549150 -0.03898524
0.35297984 -0.03856994
0.36050445 -0.03814411
0.36806348 -0.03770800
0.37565506 -0.03726185
0.38327732 -0.03680581
0.39092838 -0.03634000
0.39860635 -0.03586452
0.40630934 -0.03537941
0.41403545 -0.03488466
0.42178277 -0.03438025
0.42954938 -0.03386612
0.43733338 -0.03334219
0.44513284 -0.03280836
0.45294584 -0.03226449
0.46077045 -0.03171047
0.46860474 -0.03114615
0.47644677 -0.03057140
0.48429462 -0.02998606
0.49214634 -0.02939002
0.50000000 -0.02878316
0.50785366 -0.02816539
0.51570538 -0.02753664
0.52355323 -0.02689687
0.53139526 -0.02624607
0.53922955 -0.02558428
0.54705416 -0.02491158
0.55486716 -0.02422809
0.56266662 -0.02353398
0.57045062 -0.02282950
0.57821723 -0.02211494
0.58596455 -0.02139063
0.59369066 -0.02065701
0.60139365 -0.01991454
0.60907162 -0.01916376
0.61672268 -0.01840530
0.62434494 -0.01763982
0.63193652 -0.01686807
0.63949555 -0.01609086
0.64702016 -0.01530905
0.65450850 -0.01452359
0.66195871 -0.01373546
0.66936896 -0.01294573
0.67673742 -0.01215548
0.68406228 -0.01136589
0.69134172 -0.01057814
0.69857395 -0.00979347
0.70575718 -0.00901317
0.71288965 -0.00823855
0.71996958 -0.00747092
0.72699525 -0.00671165
0.73396491 -0.00596210
0.74087684 -0.00522363
0.74772933 -0.00449762
0.75452071 -0.00378543
0.76124928 -0.00308840
0.76791340 -0.00240786
0.77451141 -0.00174512
0.78104169 -0.00110144
0.78750263 -0.00047804
0.79389263 0.00012390
0.80021011 0.00070325
0.80645353 0.00125895
0.81262133 0.00179000
0.81871199 0.00229548
0.82472402 0.00277453
0.83065593 0.00322638
0.83650626 0.00365035
0.84227355 0.00404585
0.84795640 0.00441238
0.85355339 0.00474953
0.85906315 0.00505700
0.86448431 0.00533458
0.86981555 0.00558219
0.87505553 0.00579981
0.88020298 0.00598758
0.88525662 0.00614569
0.89021520 0.00627447
0.89507751 0.00637436
0.89984233 0.00644587
0.90450850 0.00648964
0.90907486 0.00650638
0.91354029 0.00649694
0.91790368 0.00646221
0.92216396 0.00640321
0.92632008 0.00632102
0.93037101 0.00621680
0.93431576 0.00609180
0.93815334 0.00594732
0.94188282 0.00578473
0.94550326 0.00560548
0.94901379 0.00541102
0.95241353 0.00520290
0.95570164 0.00498266
0.95887731 0.00475190
0.96193977 0.00451224
0.96488824 0.00426530
0.96772202 0.00401274
0.97044038 0.00375618
0.97304268 0.00349726
0.97552826 0.00323762
0.97789651 0.00297885
0.98014684 0.00272254
0.98227871 0.00247022
0.98429158 0.00222340
0.98618496 0.00198353
0.98795838 0.00175202
0.98961141 0.00153022
0.99114363 0.00131939
0.99255466 0.00112075
0.99384417 0.00093542
0.99501183 0.00076446
0.99605735 0.00060883
0.99698048 0.00046940
0.99778098 0.00034695
0.99845867 0.00024217
0.99901336 0.00015564
0.99944494 0.00008783
0.99975328 0.00003912
0.99993832 0.00000979
1.00000000 -0.00000000
