sample_1469
1.00000000 -0.00000000
0.99993832 0.00001784
0.99975328 0.00007133
0.99944494 0.00016040
0.99901336 0.00028492
0.99845867 0.00044470
0.99778098 0.00063952
0.99698048 0.00086909
0.99605735 0.00113308
0.99501183 0.00143113
0.99384417 0.00176282
0.99255466 0.00212768
0.99114363 0.00252522
0.98961141 0.00295489
0.98795838 0.00341614
0.98618496 0.00390835
0.98429158 0.00443089
0.98227871 0.00498311
0.98014684 0.00556431
0.97789651 0.00617382
0.97552826 0.00681089
0.97304268 0.00747481
0.97044038 0.00816484
0.96772202 0.00888023
0.96488824 0.00962022
0.96193977 0.01038408
0.95887731 0.01117105
0.95570164 0.01198039
0.95241353 0.01281138
0.94901379 0.01366330
0.94550326 0.01453545
0.94188282 0.01542713
0.93815334 0.01633769
0.93431576 0.01726649
0.93037101 0.01821290
0.92632008 0.01917634
0.92216396 0.02015623
0.91790368 0.02115205
0.91354029 0.02216328
0.90907486 0.02318946
0.90450850 0.02423013
0.89984233 0.02528488
0.89507751 0.02635334
0.89021520 0.02743514
0.88525662 0.02852997
0.88020298 0.02963753
0.87505553 0.03075756
0.86981555 0.03188983
0.86448431 0.03303411
0.85906315 0.03419021
0.85355339 0.03535797
0.84795640 0.03653722
0.84227355 0.03772784
0.83650626 0.03892970
0.83065593 0.04014268
0.82472402 0.04136667
0.81871199 0.04260155
0.81262133 0.04384723
0.80645353 0.04510359
0.80021011 0.04637050
0.79389263 0.04764784
0.78750263 0.04893544
0.78104169 0.05023315
0.77451141 0.05154077
0.76791340 0.05285807
0.76124928 0.05418481
0.75452071 0.05552070
0.74772933 0.05686542
0.74087684 0.05821860
0.73396491 0.05957983
0.72699525 0.06094865
0.71996958 0.06232457
0.71288965 0.06370701
0.70575718 0.06509537
0.69857395 0.06648897
0.69134172 0.06788709
0.68406228 0.06928893
0.67673742 0.07069364
0.66936896 0.07210030
0.66195871 0.07350795
0.65450850 0.07491554
0.64702016 0.07632198
0.63949555 0.07772609
0.63193652 0.07912666
0.62434494 0.08052241
0.61672268 0.08191198
0.60907162 0.08329400
0.60139365 0.08466701
0.59369066 0.08602950
0.58596455 0.08737994
0.57821723 0.08871673
0.57045062 0.09003823
0.56266662 0.09134279
0.55486716 0.09262870
0.54705416 0.09389423
0.53922955 0.09513763
0.53139526 0.09635713
0.52355323 0.09755096
0.51570538 0.09871731
0.50785366 0.09985440
0.50000000 0.10096043
0.49214634 0.10203363
0.48429462 0.10307223
0.47644677 0.10407448
0.46860474 0.10503866
0.46077045 0.10596308
0.45294584 0.10684609
0.44513284 0.10768608
0.43733338 0.10848148
0.42954938 0.10923078
0.42178277 0.10993253
0.41403545 0.11058534
0.40630934 0.11118788
0.39860635 0.11173890
0.39092838 0.11223723
0.38327732 0.11268176
0.37565506 0.11307149
0.36806348 0.11340547
0.36050445 0.11368289
0.35297984 0.11390298
0.34549150 0.11406509
0.33804129 0.11416866
0.33063104 0.11421324
0.32326258 0.11419845
0.31593772 0.11412403
0.30865828 0.11398981
0.30142605 0.11379573
0.29424282 0.11354182
0.28711035 0.11322820
0.28003042 0.11285510
0.27300475 0.11242284
0.26603509 0.11193183
0.25912316 0.11138257
0.25227067 0.11077565
0.24547929 0.11011176
0.23875072 0.10939164
0.23208660 0.10861614
0.22548859 0.10778617
0.21895831 0.10690272
0.21249737 0.10596683
0.20610737 0.10497963
0.19978989 0.10394228
0.19354647 0.10285602
0.18737867 0.10172212
0.18128801 0.10054191
0.17527598 0.09931674
0.16934407 0.09804803
0.16349374 0.09673719
0.15772645 0.09538569
0.15204360 0.09399499
0.14644661 0.09256660
0.14093685 0.09110201
0.13551569 0.08960273
0.13018445 0.08807028
0.12494447 0.08650616
0.11979702 0.08491188
0.11474338 0.08328894
0.10978480 0.08163879
0.10492249 0.07996292
0.10015767 0.07826275
0.09549150 0.07653970
0.09092514 0.07479514
0.08645971 0.07303043
0.08209632 0.07124689
0.07783604 0.06944579
0.07367992 0.06762838
0.06962899 0.06579585
0.06568424 0.06394936
0.06184666 0.06209002
0.05811718 0.06021890
0.05449674 0.05833701
0.05098621 0.05644532
0.04758647 0.05454475
0.04429836 0.05263617
0.04112269 0.05072040
0.03806023 0.04879822
0.03511176 0.04687035
0.03227798 0.04493745
0.02955962 0.04300016
0.02695732 0.04105905
0.02447174 0.03911464
0.02210349 0.03716744
0.01985316 0.03521786
0.01772129 0.03326632
0.01570842 0.03131316
0.01381504 0.02935869
0.01204162 0.02740321
0.01038859 0.02544693
0.00885637 0.02349008
0.00744534 0.02153281
0.00615583 0.01957529
0.00498817 0.01761761
0.00394265 0.01565987
0.00301952 0.01370214
0.00221902 0.01174446
0.00154133 0.00978686
0.00098664 0.00782934
0.00055506 0.00587192
0.00024672 0.00391457
0.00006168 0.00195727
0.00000000 0.00000000
0.00006168 -0.00116764
0.00024672 -0.00233349
0.00055506 -0.00349578
0.00098664 -0.00465275
0.00154133 -0.00580265
0.00221902 -0.00694378
0.00301952 -0.00807448
0.00394265 -0.00919313
0.00498817 -0.01029815
0.00615583 -0.01138803
0.00744534 -0.01246135
0.00885637 -0.01351672
0.01038859 -0.01455285
0.01204162 -0.01556852
0.01381504 -0.01656262
0.01570842 -0.01753410
0.01772129 -0.01848201
0.01985316 -0.01940550
0.02210349 -0.02030382
0.02447174 -0.02117629
0.02695732 -0.02202237
0.02955962 -0.02284158
0.03227798 -0.02363355
0.03511176 -0.02439800
0.03806023 -0.02513476
0.04112269 -0.02584373
0.04429836 -0.02652491
0.04758647 -0.02717837
0.05098621 -0.02780428
0.05449674 -0.02840286
0.05811718 -0.02897442
0.06184666 -0.02951933
0.06568424 -0.03003801
0.06962899 -0.03053094
0.07367992 -0.03099865
0.07783604 -0.03144171
0.08209632 -0.03186073
0.08645971 -0.03225633
0.09092514 -0.03262917
0.09549150 -0.03297991
0.10015767 -0.03330925
0.10492249 -0.03361785
0.10978480 -0.03390640
0.11474338 -0.03417557
0.11979702 -0.03442601
0.12494447 -0.03465836
0.13018445 -0.03487324
0.13551569 -0.03507122
0.14093685 -0.03525286
0.14644661 -0.03541868
0.15204360 -0.03556914
0.15772645 -0.03570467
0.16349374 -0.03582568
0.16934407 -0.03593248
0.17527598 -0.03602538
0.18128801 -0.03610462
0.18737867 -0.03617039
0.19354647 -0.03622282
0.19978989 -0.03626202
0.20610737 -0.03628803
0.21249737 -0.03630085
0.21895831 -0.03630042
0.22548859 -0.03628666
0.23208660 -0.03625943
0.23875072 -0.03621858
0.24547929 -0.03616388
0.25227067 -0.03609512
0.25912316 -0.03601203
0.26603509 -0.03591432
0.27300475 -0.03580169
0.28003042 -0.03567383
0.28711035 -0.03553039
0.29424282 -0.03537105
0.30142605 -0.03519546
0.30865828 -0.03500330
0.31593772 -0.03479422
0.32326258 -0.03456791
0.33063104 -0.03432407
0.33804129 -0.03406241
0.34549150 -0.03378266
0.35297984 -0.03348460
0.36050445 -0.03316802
0.36806348 -0.03283275
0.37565506 -0.03247864
0.38327732 -0.03210561
0.39092838 -0.03171360
0.39860635 -0.03130259
0.40630934 -0.03087263
0.41403545 -0.03042379
0.42178277 -0.02995620
0.42954938 -0.02947005
0.43733338 -0.02896556
0.44513284 -0.02844301
0.45294584 -0.02790274
0.46077045 -0.02734513
0.46860474 -0.02677060
0.47644677 -0.02617965
0.48429462 -0.02557280
0.49214634 -0.02495064
0.50000000 -0.02431378
0.50785366 -0.02366289
0.51570538 -0.02299870
0.52355323 -0.02232195
0.53139526 -0.02163343
0.53922955 -0.02093398
0.54705416 -0.02022446
0.55486716 -0.01950577
0.56266662 -0.01877883
0.57045062 -0.01804461
0.57821723 -0.01730407
0.58596455 -0.01655822
0.59369066 -0.01580809
0.60139365 -0.01505471
0.60907162 -0.01429914
0.61672268 -0.01354244
0.62434494 -0.01278568
0.63193652 -0.01202996
0.63949555 -0.01127634
0.64702016 -0.01052593
0.65450850 -0.00977981
0.66195871 -0.00903905
0.66936896 -0.00830475
0.67673742 -0.00757796
0.68406228 -0.00685975
0.69134172 -0.00615117
0.69857395 -0.00545323
0.70575718 -0.00476697
0.71288965 -0.00409336
0.71996958 -0.00343338
0.72699525 -0.00278799
0.73396491 -0.00215809
0.74087684 -0.00154459
0.74772933 -0.00094834
0.75452071 -0.00037017
0.76124928 0.00018912
0.76791340 0.00072878
0.77451141 0.00124810
0.78104169 0.00174638
0.78750263 0.00222302
0.79389263 0.00267741
0.80021011 0.00310902
0.80645353 0.00351736
0.81262133 0.00390200
0.81871199 0.00426254
0.82472402 0.00459867
0.83065593 0.00491011
0.83650626 0.00519665
0.84227355 0.00545814
0.84795640 0.00569448
0.85355339 0.00590565
0.85906315 0.00609169
0.86448431 0.00625270
0.86981555 0.00638885
0.87505553 0.00650037
0.88020298 0.00658756
0.88525662 0.00665079
0.89021520 0.00669051
0.89507751 0.00670721
0.89984233 0.00670146
0.90450850 0.00667390
0.90907486 0.00662523
0.91354029 0.00655622
0.91790368 0.00646769
0.92216396 0.00636052
0.92632008 0.00623566
0.93037101 0.00609410
0.93431576 0.00593689
0.93815334 0.00576513
0.94188282 0.00557997
0.94550326 0.00538259
0.94901379 0.00517420
0.95241353 0.00495607
0.95570164 0.00472948
0.95887731 0.00449573
0.96193977 0.00425617
0.96488824 0.00401211
0.96772202 0.00376492
0.97044038 0.00351595
0.97304268 0.00326655
0.97552826 0.00301805
0.97789651 0.00277180
0.98014684 0.00252909
0.98227871 0.00229121
0.98429158 0.00205941
0.98618496 0.00183492
0.98795838 0.00161890
0.98961141 0.00141248
0.99114363 0.00121673
0.99255466 0.00103268
0.99384417 0.00086127
0.99501183 0.00070340
0.99605735 0.00055987
0.99698048 0.00043143
0.99778098 0.00031875
0.99845867 0.00022241
0.99901336 0.00014289
0.99944494 0.00008062
0.99975328 0.00003591
0.99993832 0.00000899
1.00000000 -0.00000000
