sample_862
1.00000000 -0.00000000
0.99993832 0.00001672
0.99975328 0.00006688
0.99944494 0.00015046
0.99901336 0.00026743
0.99845867 0.00041778
0.99778098 0.00060144
0.99698048 0.00081836
0.99605735 0.00106848
0.99501183 0.00135173
0.99384417 0.00166800
0.99255466 0.00201721
0.99114363 0.00239922
0.98961141 0.00281391
0.98795838 0.00326114
0.98618496 0.00374073
0.98429158 0.00425251
0.98227871 0.00479628
0.98014684 0.00537183
0.97789651 0.00597890
0.97552826 0.00661724
0.97304268 0.00728658
0.97044038 0.00798659
0.96772202 0.00871696
0.96488824 0.00947732
0.96193977 0.01026728
0.95887731 0.01108644
0.95570164 0.01193435
0.95241353 0.01281055
0.94901379 0.01371452
0.94550326 0.01464574
0.94188282 0.01560365
0.93815334 0.01658764
0.93431576 0.01759708
0.93037101 0.01863131
0.92632008 0.01968964
0.92216396 0.02077132
0.91790368 0.02187559
0.91354029 0.02300165
0.90907486 0.02414867
0.90450850 0.02531578
0.89984233 0.02650209
0.89507751 0.02770664
0.89021520 0.02892849
0.88525662 0.03016664
0.88020298 0.03142007
0.87505553 0.03268772
0.86981555 0.03396851
0.86448431 0.03526135
0.85906315 0.03656511
0.85355339 0.03787863
0.84795640 0.03920075
0.84227355 0.04053029
0.83650626 0.04186605
0.83065593 0.04320680
0.82472402 0.04455134
0.81871199 0.04589843
0.81262133 0.04724683
0.80645353 0.04859530
0.80021011 0.04994260
0.79389263 0.05128751
0.78750263 0.05262878
0.78104169 0.05396520
0.77451141 0.05529556
0.76791340 0.05661866
0.76124928 0.05793332
0.75452071 0.05923838
0.74772933 0.06053272
0.74087684 0.06181521
0.73396491 0.06308478
0.72699525 0.06434037
0.71996958 0.06558095
0.71288965 0.06680555
0.70575718 0.06801321
0.69857395 0.06920303
0.69134172 0.07037412
0.68406228 0.07152566
0.67673742 0.07265686
0.66936896 0.07376698
0.66195871 0.07485531
0.65450850 0.07592122
0.64702016 0.07696408
0.63949555 0.07798333
0.63193652 0.07897847
0.62434494 0.07994901
0.61672268 0.08089454
0.60907162 0.08181467
0.60139365 0.08270907
0.59369066 0.08357744
0.58596455 0.08441953
0.57821723 0.08523513
0.57045062 0.08602406
0.56266662 0.08678617
0.55486716 0.08752137
0.54705416 0.08822958
0.53922955 0.08891075
0.53139526 0.08956486
0.52355323 0.09019191
0.51570538 0.09079194
0.50785366 0.09136497
0.50000000 0.09191108
0.49214634 0.09243033
0.48429462 0.09292280
0.47644677 0.09338858
0.46860474 0.09382776
0.46077045 0.09424043
0.45294584 0.09462668
0.44513284 0.09498660
0.43733338 0.09532025
0.42954938 0.09562772
0.42178277 0.09590905
0.41403545 0.09616428
0.40630934 0.09639345
0.39860635 0.09659656
0.39092838 0.09677359
0.38327732 0.09692451
0.37565506 0.09704927
0.36806348 0.09714778
0.36050445 0.09721994
0.35297984 0.09726563
0.34549150 0.09728469
0.33804129 0.09727693
0.33063104 0.09724217
0.32326258 0.09718016
0.31593772 0.09709067
0.30865828 0.09697341
0.30142605 0.09682809
0.29424282 0.09665440
0.28711035 0.09645199
0.28003042 0.09622053
0.27300475 0.09595964
0.26603509 0.09566894
0.25912316 0.09534805
0.25227067 0.09499656
0.24547929 0.09461408
0.23875072 0.09420020
0.23208660 0.09375450
0.22548859 0.09327659
0.21895831 0.09276607
0.21249737 0.09222254
0.20610737 0.09164562
0.19978989 0.09103494
0.19354647 0.09039015
0.18737867 0.08971093
0.18128801 0.08899695
0.17527598 0.08824793
0.16934407 0.08746362
0.16349374 0.08664377
0.15772645 0.08578819
0.15204360 0.08489671
0.14644661 0.08396921
0.14093685 0.08300557
0.13551569 0.08200576
0.13018445 0.08096974
0.12494447 0.07989755
0.11979702 0.07878924
0.11474338 0.07764493
0.10978480 0.07646476
0.10492249 0.07524894
0.10015767 0.07399769
0.09549150 0.07271130
0.09092514 0.07139010
0.08645971 0.07003446
0.08209632 0.06864478
0.07783604 0.06722151
0.07367992 0.06576517
0.06962899 0.06427626
0.06568424 0.06275538
0.06184666 0.06120313
0.05811718 0.05962015
0.05449674 0.05800713
0.05098621 0.05636479
0.04758647 0.05469387
0.04429836 0.05299514
0.04112269 0.05126941
0.03806023 0.04951751
0.03511176 0.04774030
0.03227798 0.04593866
0.02955962 0.04411348
0.02695732 0.04226569
0.02447174 0.04039622
0.02210349 0.03850603
0.01985316 0.03659609
0.01772129 0.03466738
0.01570842 0.03272089
0.01381504 0.03075763
0.01204162 0.02877861
0.01038859 0.02678486
0.00885637 0.02477741
0.00744534 0.02275728
0.00615583 0.02072553
0.00498817 0.01868320
0.00394265 0.01663133
0.00301952 0.01457099
0.00221902 0.01250322
0.00154133 0.01042909
0.00098664 0.00834964
0.00055506 0.00626595
0.00024672 0.00417907
0.00006168 0.00209007
0.00000000 0.00000000
0.00006168 -0.00089392
0.00024672 -0.00178760
0.00055506 -0.00268080
0.00098664 -0.00357326
0.00154133 -0.00446474
0.00221902 -0.00535496
0.00301952 -0.00624364
0.00394265 -0.00713048
0.00498817 -0.00801515
0.00615583 -0.00889732
0.00744534 -0.00977662
0.00885637 -0.01065266
0.01038859 -0.01152503
0.01204162 -0.01239328
0.01381504 -0.01325696
0.01570842 -0.01411555
0.01772129 -0.01496854
0.01985316 -0.01581537
0.02210349 -0.01665548
0.02447174 -0.01748826
0.02695732 -0.01831308
0.02955962 -0.01912930
0.03227798 -0.01993626
0.03511176 -0.02073328
0.03806023 -0.02151965
0.04112269 -0.02229468
0.04429836 -0.02305766
0.04758647 -0.02380786
0.05098621 -0.02454457
0.05449674 -0.02526708
0.05811718 -0.02597467
0.06184666 -0.02666666
0.06568424 -0.02734236
0.06962899 -0.02800110
0.07367992 -0.02864225
0.07783604 -0.02926519
0.08209632 -0.02986934
0.08645971 -0.03045414
0.09092514 -0.03101907
0.09549150 -0.03156365
0.10015767 -0.03208745
0.10492249 -0.03259007
0.10978480 -0.03307116
0.11474338 -0.03353042
0.11979702 -0.03396759
0.12494447 -0.03438247
0.13018445 -0.03477489
0.13551569 -0.03514475
0.14093685 -0.03549200
0.14644661 -0.03581661
0.15204360 -0.03611863
0.15772645 -0.03639813
0.16349374 -0.03665525
0.16934407 -0.03689014
0.17527598 -0.03710301
0.18128801 -0.03729410
0.18737867 -0.03746369
0.19354647 -0.03761207
0.19978989 -0.03773956
0.20610737 -0.03784653
0.21249737 -0.03793333
0.21895831 -0.03800034
0.22548859 -0.03804794
0.23208660 -0.03807654
0.23875072 -0.03808652
0.24547929 -0.03807828
0.25227067 -0.03805219
0.25912316 -0.03800863
0.26603509 -0.03794795
0.27300475 -0.03787049
0.28003042 -0.03777656
0.28711035 -0.03766647
0.29424282 -0.03754046
0.30142605 -0.03739878
0.30865828 -0.03724164
0.31593772 -0.03706919
0.32326258 -0.03688159
0.33063104 -0.03667892
0.33804129 -0.03646127
0.34549150 -0.03622867
0.35297984 -0.03598112
0.36050445 -0.03571859
0.36806348 -0.03544102
0.37565506 -0.03514832
0.38327732 -0.03484037
0.39092838 -0.03451705
0.39860635 -0.03417820
0.40630934 -0.03382364
0.41403545 -0.03345319
0.42178277 -0.03306666
0.42954938 -0.03266386
0.43733338 -0.03224460
0.44513284 -0.03180869
0.45294584 -0.03135595
0.46077045 -0.03088624
0.46860474 -0.03039942
0.47644677 -0.02989537
0.48429462 -0.02937404
0.49214634 -0.02883537
0.50000000 -0.02827938
0.50785366 -0.02770611
0.51570538 -0.02711567
0.52355323 -0.02650822
0.53139526 -0.02588397
0.53922955 -0.02524320
0.54705416 -0.02458625
0.55486716 -0.02391354
0.56266662 -0.02322555
0.57045062 -0.02252283
0.57821723 -0.02180600
0.58596455 -0.02107578
0.59369066 -0.02033292
0.60139365 -0.01957827
0.60907162 -0.01881275
0.61672268 -0.01803735
0.62434494 -0.01725313
0.63193652 -0.01646120
0.63949555 -0.01566275
0.64702016 -0.01485902
0.65450850 -0.01405131
0.66195871 -0.01324096
0.66936896 -0.01242936
0.67673742 -0.01161795
0.68406228 -0.01080820
0.69134172 -0.01000158
0.69857395 -0.00919962
0.70575718 -0.00840384
0.71288965 -0.00761578
0.71996958 -0.00683698
0.72699525 -0.00606896
0.73396491 -0.00531325
0.74087684 -0.00457133
0.74772933 -0.00384469
0.75452071 -0.00313474
0.76124928 -0.00244289
0.76791340 -0.00177047
0.77451141 -0.00111878
0.78104169 -0.00048905
0.78750263 0.00011757
0.79389263 0.00069998
0.80021011 0.00125717
0.80645353 0.00178821
0.81262133 0.00229226
0.81871199 0.00276858
0.82472402 0.00321649
0.83065593 0.00363545
0.83650626 0.00402500
0.84227355 0.00438477
0.84795640 0.00471451
0.85355339 0.00501407
0.85906315 0.00528341
0.86448431 0.00552259
0.86981555 0.00573176
0.87505553 0.00591120
0.88020298 0.00606127
0.88525662 0.00618244
0.89021520 0.00627526
0.89507751 0.00634041
0.89984233 0.00637861
0.90450850 0.00639071
0.90907486 0.00637762
0.91354029 0.00634034
0.91790368 0.00627992
0.92216396 0.00619751
0.92632008 0.00609430
0.93037101 0.00597154
0.93431576 0.00583055
0.93815334 0.00567267
0.94188282 0.00549929
0.94550326 0.00531185
0.94901379 0.00511178
0.95241353 0.00490058
0.95570164 0.00467972
0.95887731 0.00445071
0.96193977 0.00421506
0.96488824 0.00397425
0.96772202 0.00372980
0.97044038 0.00348317
0.97304268 0.00323582
0.97552826 0.00298919
0.97789651 0.00274468
0.98014684 0.00250366
0.98227871 0.00226746
0.98429158 0.00203737
0.98618496 0.00181461
0.98795838 0.00160037
0.98961141 0.00139578
0.99114363 0.00120188
0.99255466 0.00101969
0.99384417 0.00085013
0.99501183 0.00069405
0.99605735 0.00055226
0.99698048 0.00042544
0.99778098 0.00031424
0.99845867 0.00021921
0.99901336 0.00014081
0.99944494 0.00007943
0.99975328 0.00003538
0.99993832 0.00000885
1.00000000 -0.00000000
