sample_377
1.00000000 -0.00000000
0.99993832 0.00001451
0.99975328 0.00005806
0.99944494 0.00013067
0.99901336 0.00023239
0.99845867 0.00036330
0.99778098 0.00052348
0.99698048 0.00071303
0.99605735 0.00093208
0.99501183 0.00118076
0.99384417 0.00145922
0.99255466 0.00176763
0.99114363 0.00210615
0.98961141 0.00247495
0.98795838 0.00287424
0.98618496 0.00330418
0.98429158 0.00376497
0.98227871 0.00425679
0.98014684 0.00477983
0.97789651 0.00533425
0.97552826 0.00592022
0.97304268 0.00653789
0.97044038 0.00718740
0.96772202 0.00786885
0.96488824 0.00858235
0.96193977 0.00932796
0.95887731 0.01010574
0.95570164 0.01091568
0.95241353 0.01175778
0.94901379 0.01263198
0.94550326 0.01353819
0.94188282 0.01447629
0.93815334 0.01544609
0.93431576 0.01644738
0.93037101 0.01747991
0.92632008 0.01854335
0.92216396 0.01963736
0.91790368 0.02076153
0.91354029 0.02191539
0.90907486 0.02309842
0.90450850 0.02431006
0.89984233 0.02554969
0.89507751 0.02681661
0.89021520 0.02811011
0.88525662 0.02942938
0.88020298 0.03077357
0.87505553 0.03214178
0.86981555 0.03353305
0.86448431 0.03494636
0.85906315 0.03638064
0.85355339 0.03783476
0.84795640 0.03930754
0.84227355 0.04079776
0.83650626 0.04230413
0.83065593 0.04382533
0.82472402 0.04535997
0.81871199 0.04690664
0.81262133 0.04846387
0.80645353 0.05003015
0.80021011 0.05160394
0.79389263 0.05318366
0.78750263 0.05476769
0.78104169 0.05635439
0.77451141 0.05794209
0.76791340 0.05952908
0.76124928 0.06111365
0.75452071 0.06269406
0.74772933 0.06426854
0.74087684 0.06583533
0.73396491 0.06739267
0.72699525 0.06893875
0.71996958 0.07047181
0.71288965 0.07199006
0.70575718 0.07349173
0.69857395 0.07497505
0.69134172 0.07643828
0.68406228 0.07787967
0.67673742 0.07929752
0.66936896 0.08069015
0.66195871 0.08205589
0.65450850 0.08339313
0.64702016 0.08470028
0.63949555 0.08597581
0.63193652 0.08721821
0.62434494 0.08842604
0.61672268 0.08959791
0.60907162 0.09073247
0.60139365 0.09182847
0.59369066 0.09288468
0.58596455 0.09389997
0.57821723 0.09487326
0.57045062 0.09580356
0.56266662 0.09668995
0.55486716 0.09753158
0.54705416 0.09832771
0.53922955 0.09907765
0.53139526 0.09978082
0.52355323 0.10043672
0.51570538 0.10104495
0.50785366 0.10160517
0.50000000 0.10211718
0.49214634 0.10258082
0.48429462 0.10299606
0.47644677 0.10336295
0.46860474 0.10368162
0.46077045 0.10395230
0.45294584 0.10417531
0.44513284 0.10435106
0.43733338 0.10448002
0.42954938 0.10456278
0.42178277 0.10459997
0.41403545 0.10459233
0.40630934 0.10454065
0.39860635 0.10444579
0.39092838 0.10430868
0.38327732 0.10413030
0.37565506 0.10391169
0.36806348 0.10365394
0.36050445 0.10335818
0.35297984 0.10302557
0.34549150 0.10265730
0.33804129 0.10225459
0.33063104 0.10181867
0.32326258 0.10135080
0.31593772 0.10085222
0.30865828 0.10032417
0.30142605 0.09976790
0.29424282 0.09918462
0.28711035 0.09857553
0.28003042 0.09794180
0.27300475 0.09728455
0.26603509 0.09660487
0.25912316 0.09590381
0.25227067 0.09518235
0.24547929 0.09444141
0.23875072 0.09368186
0.23208660 0.09290449
0.22548859 0.09211002
0.21895831 0.09129908
0.21249737 0.09047225
0.20610737 0.08962999
0.19978989 0.08877271
0.19354647 0.08790070
0.18737867 0.08701418
0.18128801 0.08611329
0.17527598 0.08519806
0.16934407 0.08426845
0.16349374 0.08332432
0.15772645 0.08236545
0.15204360 0.08139156
0.14644661 0.08040226
0.14093685 0.07939710
0.13551569 0.07837557
0.13018445 0.07733707
0.12494447 0.07628096
0.11979702 0.07520655
0.11474338 0.07411309
0.10978480 0.07299979
0.10492249 0.07186584
0.10015767 0.07071039
0.09549150 0.06953259
0.09092514 0.06833156
0.08645971 0.06710643
0.08209632 0.06585634
0.07783604 0.06458044
0.07367992 0.06327791
0.06962899 0.06194795
0.06568424 0.06058981
0.06184666 0.05920279
0.05811718 0.05778625
0.05449674 0.05633960
0.05098621 0.05486233
0.04758647 0.05335402
0.04429836 0.05181432
0.04112269 0.05024298
0.03806023 0.04863983
0.03511176 0.04700482
0.03227798 0.04533801
0.02955962 0.04363954
0.02695732 0.04190970
0.02447174 0.04014886
0.02210349 0.03835753
0.01985316 0.03653633
0.01772129 0.03468599
0.01570842 0.03280737
0.01381504 0.03090144
0.01204162 0.02896927
0.01038859 0.02701205
0.00885637 0.02503109
0.00744534 0.02302777
0.00615583 0.02100359
0.00498817 0.01896015
0.00394265 0.01689911
0.00301952 0.01482221
0.00221902 0.01273129
0.00154133 0.01062823
0.00098664 0.00851495
0.00055506 0.00639346
0.00024672 0.00426576
0.00006168 0.00213392
0.00000000 0.00000000
0.00006168 -0.00090233
0.00024672 -0.00180400
0.00055506 -0.00270436
0.00098664 -0.00360277
0.00154133 -0.00449856
0.00221902 -0.00539112
0.00301952 -0.00627980
0.00394265 -0.00716398
0.00498817 -0.00804305
0.00615583 -0.00891641
0.00744534 -0.00978347
0.00885637 -0.01064366
0.01038859 -0.01149642
0.01204162 -0.01234122
0.01381504 -0.01317752
0.01570842 -0.01400482
0.01772129 -0.01482263
0.01985316 -0.01563048
0.02210349 -0.01642792
0.02447174 -0.01721452
0.02695732 -0.01798987
0.02955962 -0.01875358
0.03227798 -0.01950527
0.03511176 -0.02024458
0.03806023 -0.02097119
0.04112269 -0.02168478
0.04429836 -0.02238504
0.04758647 -0.02307170
0.05098621 -0.02374448
0.05449674 -0.02440314
0.05811718 -0.02504744
0.06184666 -0.02567715
0.06568424 -0.02629207
0.06962899 -0.02689199
0.07367992 -0.02747672
0.07783604 -0.02804608
0.08209632 -0.02859990
0.08645971 -0.02913800
0.09092514 -0.02966023
0.09549150 -0.03016642
0.10015767 -0.03065642
0.10492249 -0.03113007
0.10978480 -0.03158722
0.11474338 -0.03202772
0.11979702 -0.03245140
0.12494447 -0.03285810
0.13018445 -0.03324767
0.13551569 -0.03361995
0.14093685 -0.03397475
0.14644661 -0.03431191
0.15204360 -0.03463124
0.15772645 -0.03493257
0.16349374 -0.03521570
0.16934407 -0.03548043
0.17527598 -0.03572657
0.18128801 -0.03595392
0.18737867 -0.03616225
0.19354647 -0.03635137
0.19978989 -0.03652105
0.20610737 -0.03667108
0.21249737 -0.03680124
0.21895831 -0.03691131
0.22548859 -0.03700109
0.23208660 -0.03707034
0.23875072 -0.03711888
0.24547929 -0.03714649
0.25227067 -0.03715298
0.25912316 -0.03713817
0.26603509 -0.03710187
0.27300475 -0.03704395
0.28003042 -0.03696423
0.28711035 -0.03686261
0.29424282 -0.03673897
0.30142605 -0.03659322
0.30865828 -0.03642530
0.31593772 -0.03623517
0.32326258 -0.03602281
0.33063104 -0.03578824
0.33804129 -0.03553151
0.34549150 -0.03525269
0.35297984 -0.03495190
0.36050445 -0.03462927
0.36806348 -0.03428500
0.37565506 -0.03391931
0.38327732 -0.03353245
0.39092838 -0.03312473
0.39860635 -0.03269649
0.40630934 -0.03224810
0.41403545 -0.03177999
0.42178277 -0.03129263
0.42954938 -0.03078653
0.43733338 -0.03026223
0.44513284 -0.02972033
0.45294584 -0.02916145
0.46077045 -0.02858628
0.46860474 -0.02799553
0.47644677 -0.02738994
0.48429462 -0.02677031
0.49214634 -0.02613746
0.50000000 -0.02549225
0.50785366 -0.02483557
0.51570538 -0.02416835
0.52355323 -0.02349153
0.53139526 -0.02280609
0.53922955 -0.02211303
0.54705416 -0.02141337
0.55486716 -0.02070815
0.56266662 -0.01999842
0.57045062 -0.01928525
0.57821723 -0.01856971
0.58596455 -0.01785289
0.59369066 -0.01713586
0.60139365 -0.01641972
0.60907162 -0.01570554
0.61672268 -0.01499440
0.62434494 -0.01428736
0.63193652 -0.01358547
0.63949555 -0.01288978
0.64702016 -0.01220129
0.65450850 -0.01152100
0.66195871 -0.01084988
0.66936896 -0.01018886
0.67673742 -0.00953887
0.68406228 -0.00890078
0.69134172 -0.00827542
0.69857395 -0.00766360
0.70575718 -0.00706607
0.71288965 -0.00648357
0.71996958 -0.00591676
0.72699525 -0.00536627
0.73396491 -0.00483268
0.74087684 -0.00431653
0.74772933 -0.00381829
0.75452071 -0.00333839
0.76124928 -0.00287721
0.76791340 -0.00243509
0.77451141 -0.00201228
0.78104169 -0.00160901
0.78750263 -0.00122545
0.79389263 -0.00086171
0.80021011 -0.00051785
0.80645353 -0.00019388
0.81262133 0.00011023
0.81871199 0.00039457
0.82472402 0.00065930
0.83065593 0.00090458
0.83650626 0.00113066
0.84227355 0.00133781
0.84795640 0.00152635
0.85355339 0.00169663
0.85906315 0.00184907
0.86448431 0.00198408
0.86981555 0.00210215
0.87505553 0.00220378
0.88020298 0.00228950
0.88525662 0.00235987
0.89021520 0.00241547
0.89507751 0.00245693
0.89984233 0.00248486
0.90450850 0.00249991
0.90907486 0.00250277
0.91354029 0.00249409
0.91790368 0.00247457
0.92216396 0.00244492
0.92632008 0.00240583
0.93037101 0.00235802
0.93431576 0.00230219
0.93815334 0.00223907
0.94188282 0.00216936
0.94550326 0.00209376
0.94901379 0.00201298
0.95241353 0.00192771
0.95570164 0.00183864
0.95887731 0.00174642
0.96193977 0.00165173
0.96488824 0.00155520
0.96772202 0.00145747
0.97044038 0.00135914
0.97304268 0.00126080
0.97552826 0.00116304
0.97789651 0.00106640
0.98014684 0.00097141
0.98227871 0.00087858
0.98429158 0.00078839
0.98618496 0.00070131
0.98795838 0.00061777
0.98961141 0.00053818
0.99114363 0.00046293
0.99255466 0.00039236
0.99384417 0.00032681
0.99501183 0.00026659
0.99605735 0.00021196
0.99698048 0.00016318
0.99778098 0.00012046
0.99845867 0.00008399
0.99901336 0.00005393
0.99944494 0.00003041
0.99975328 0.00001354
0.99993832 0.00000339
1.00000000 -0.00000000
