sample_147
1.00000000 -0.00000000
0.99993832 0.00001146
0.99975328 0.00004587
0.99944494 0.00010329
0.99901336 0.00018382
0.99845867 0.00028762
0.99778098 0.00041487
0.99698048 0.00056579
0.99605735 0.00074065
0.99501183 0.00093975
0.99384417 0.00116341
0.99255466 0.00141199
0.99114363 0.00168586
0.98961141 0.00198544
0.98795838 0.00231114
0.98618496 0.00266339
0.98429158 0.00304265
0.98227871 0.00344936
0.98014684 0.00388397
0.97789651 0.00434693
0.97552826 0.00483869
0.97304268 0.00535967
0.97044038 0.00591029
0.96772202 0.00649093
0.96488824 0.00710196
0.96193977 0.00774372
0.95887731 0.00841650
0.95570164 0.00912056
0.95241353 0.00985613
0.94901379 0.01062337
0.94550326 0.01142239
0.94188282 0.01225327
0.93815334 0.01311601
0.93431576 0.01401056
0.93037101 0.01493679
0.92632008 0.01589453
0.92216396 0.01688352
0.91790368 0.01790345
0.91354029 0.01895391
0.90907486 0.02003445
0.90450850 0.02114453
0.89984233 0.02228354
0.89507751 0.02345079
0.89021520 0.02464552
0.88525662 0.02586690
0.88020298 0.02711403
0.87505553 0.02838593
0.86981555 0.02968157
0.86448431 0.03099982
0.85906315 0.03233952
0.85355339 0.03369943
0.84795640 0.03507825
0.84227355 0.03647462
0.83650626 0.03788713
0.83065593 0.03931433
0.82472402 0.04075470
0.81871199 0.04220671
0.81262133 0.04366876
0.80645353 0.04513923
0.80021011 0.04661646
0.79389263 0.04809879
0.78750263 0.04958449
0.78104169 0.05107186
0.77451141 0.05255917
0.76791340 0.05404467
0.76124928 0.05552661
0.75452071 0.05700326
0.74772933 0.05847288
0.74087684 0.05993373
0.73396491 0.06138409
0.72699525 0.06282228
0.71996958 0.06424661
0.71288965 0.06565542
0.70575718 0.06704711
0.69857395 0.06842008
0.69134172 0.06977278
0.68406228 0.07110370
0.67673742 0.07241137
0.66936896 0.07369437
0.66195871 0.07495133
0.65450850 0.07618094
0.64702016 0.07738191
0.63949555 0.07855306
0.63193652 0.07969322
0.62434494 0.08080131
0.61672268 0.08187630
0.60907162 0.08291722
0.60139365 0.08392319
0.59369066 0.08489336
0.58596455 0.08582696
0.57821723 0.08672331
0.57045062 0.08758175
0.56266662 0.08840174
0.55486716 0.08918277
0.54705416 0.08992440
0.53922955 0.09062628
0.53139526 0.09128810
0.52355323 0.09190963
0.51570538 0.09249070
0.50785366 0.09303120
0.50000000 0.09353109
0.49214634 0.09399037
0.48429462 0.09440912
0.47644677 0.09478746
0.46860474 0.09512558
0.46077045 0.09542371
0.45294584 0.09568213
0.44513284 0.09590117
0.43733338 0.09608121
0.42954938 0.09622265
0.42178277 0.09632596
0.41403545 0.09639162
0.40630934 0.09642017
0.39860635 0.09641214
0.39092838 0.09636814
0.38327732 0.09628876
0.37565506 0.09617462
0.36806348 0.09602638
0.36050445 0.09584468
0.35297984 0.09563021
0.34549150 0.09538363
0.33804129 0.09510562
0.33063104 0.09479688
0.32326258 0.09445807
0.31593772 0.09408988
0.30865828 0.09369297
0.30142605 0.09326800
0.29424282 0.09281560
0.28711035 0.09233641
0.28003042 0.09183103
0.27300475 0.09130003
0.26603509 0.09074399
0.25912316 0.09016343
0.25227067 0.08955885
0.24547929 0.08893072
0.23875072 0.08827950
0.23208660 0.08760557
0.22548859 0.08690932
0.21895831 0.08619108
0.21249737 0.08545114
0.20610737 0.08468977
0.19978989 0.08390719
0.19354647 0.08310358
0.18737867 0.08227910
0.18128801 0.08143384
0.17527598 0.08056790
0.16934407 0.07968130
0.16349374 0.07877405
0.15772645 0.07784612
0.15204360 0.07689745
0.14644661 0.07592796
0.14093685 0.07493753
0.13551569 0.07392603
0.13018445 0.07289328
0.12494447 0.07183912
0.11979702 0.07076335
0.11474338 0.06966575
0.10978480 0.06854612
0.10492249 0.06740423
0.10015767 0.06623985
0.09549150 0.06505277
0.09092514 0.06384275
0.08645971 0.06260960
0.08209632 0.06135311
0.07783604 0.06007310
0.07367992 0.05876942
0.06962899 0.05744192
0.06568424 0.05609049
0.06184666 0.05471506
0.05811718 0.05331557
0.05449674 0.05189203
0.05098621 0.05044446
0.04758647 0.04897294
0.04429836 0.04747759
0.04112269 0.04595858
0.03806023 0.04441613
0.03511176 0.04285052
0.03227798 0.04126206
0.02955962 0.03965116
0.02695732 0.03801824
0.02447174 0.03636380
0.02210349 0.03468840
0.01985316 0.03299264
0.01772129 0.03127721
0.01570842 0.02954281
0.01381504 0.02779024
0.01204162 0.02602033
0.01038859 0.02423397
0.00885637 0.02243210
0.00744534 0.02061571
0.00615583 0.01878583
0.00498817 0.01694355
0.00394265 0.01508998
0.00301952 0.01322628
0.00221902 0.01135365
0.00154133 0.00947329
0.00098664 0.00758646
0.00055506 0.00569442
0.00024672 0.00379847
0.00006168 0.00189989
0.00000000 0.00000000
0.00006168 -0.00056704
0.00024672 -0.00113457
0.00055506 -0.00170307
0.00098664 -0.00227303
0.00154133 -0.00284492
0.00221902 -0.00341921
0.00301952 -0.00399633
0.00394265 -0.00457673
0.00498817 -0.00516081
0.00615583 -0.00574897
0.00744534 -0.00634157
0.00885637 -0.00693896
0.01038859 -0.00754144
0.01204162 -0.00814930
0.01381504 -0.00876279
0.01570842 -0.00938210
0.01772129 -0.01000742
0.01985316 -0.01063887
0.02210349 -0.01127655
0.02447174 -0.01192050
0.02695732 -0.01257072
0.02955962 -0.01322717
0.03227798 -0.01388974
0.03511176 -0.01455828
0.03806023 -0.01523261
0.04112269 -0.01591248
0.04429836 -0.01659758
0.04758647 -0.01728755
0.05098621 -0.01798200
0.05449674 -0.01868046
0.05811718 -0.01938242
0.06184666 -0.02008731
0.06568424 -0.02079452
0.06962899 -0.02150337
0.07367992 -0.02221315
0.07783604 -0.02292309
0.08209632 -0.02363238
0.08645971 -0.02434017
0.09092514 -0.02504555
0.09549150 -0.02574758
0.10015767 -0.02644529
0.10492249 -0.02713767
0.10978480 -0.02782368
0.11474338 -0.02850224
0.11979702 -0.02917227
0.12494447 -0.02983264
0.13018445 -0.03048224
0.13551569 -0.03111992
0.14093685 -0.03174453
0.14644661 -0.03235492
0.15204360 -0.03294993
0.15772645 -0.03352842
0.16349374 -0.03408924
0.16934407 -0.03463129
0.17527598 -0.03515344
0.18128801 -0.03565464
0.18737867 -0.03613381
0.19354647 -0.03658994
0.19978989 -0.03702206
0.20610737 -0.03742921
0.21249737 -0.03781050
0.21895831 -0.03816508
0.22548859 -0.03849216
0.23208660 -0.03879099
0.23875072 -0.03906090
0.24547929 -0.03930127
0.25227067 -0.03951154
0.25912316 -0.03969121
0.26603509 -0.03983988
0.27300475 -0.03995719
0.28003042 -0.04004286
0.28711035 -0.04009669
0.29424282 -0.04011854
0.30142605 -0.04010836
0.30865828 -0.04006615
0.31593772 -0.03999200
0.32326258 -0.03988607
0.33063104 -0.03974858
0.33804129 -0.03957984
0.34549150 -0.03938020
0.35297984 -0.03915011
0.36050445 -0.03889004
0.36806348 -0.03860056
0.37565506 -0.03828227
0.38327732 -0.03793584
0.39092838 -0.03756200
0.39860635 -0.03716149
0.40630934 -0.03673514
0.41403545 -0.03628379
0.42178277 -0.03580834
0.42954938 -0.03530969
0.43733338 -0.03478881
0.44513284 -0.03424666
0.45294584 -0.03368425
0.46077045 -0.03310258
0.46860474 -0.03250270
0.47644677 -0.03188565
0.48429462 -0.03125246
0.49214634 -0.03060420
0.50000000 -0.02994192
0.50785366 -0.02926667
0.51570538 -0.02857950
0.52355323 -0.02788146
0.53139526 -0.02717357
0.53922955 -0.02645685
0.54705416 -0.02573232
0.55486716 -0.02500097
0.56266662 -0.02426377
0.57045062 -0.02352169
0.57821723 -0.02277567
0.58596455 -0.02202664
0.59369066 -0.02127550
0.60139365 -0.02052313
0.60907162 -0.01977041
0.61672268 -0.01901819
0.62434494 -0.01826729
0.63193652 -0.01751853
0.63949555 -0.01677271
0.64702016 -0.01603061
0.65450850 -0.01529298
0.66195871 -0.01456058
0.66936896 -0.01383415
0.67673742 -0.01311439
0.68406228 -0.01240203
0.69134172 -0.01169775
0.69857395 -0.01100224
0.70575718 -0.01031619
0.71288965 -0.00964024
0.71996958 -0.00897507
0.72699525 -0.00832131
0.73396491 -0.00767960
0.74087684 -0.00705057
0.74772933 -0.00643484
0.75452071 -0.00583301
0.76124928 -0.00524569
0.76791340 -0.00467346
0.77451141 -0.00411688
0.78104169 -0.00357652
0.78750263 -0.00305293
0.79389263 -0.00254661
0.80021011 -0.00205809
0.80645353 -0.00158784
0.81262133 -0.00113633
0.81871199 -0.00070398
0.82472402 -0.00029121
0.83065593 0.00010162
0.83650626 0.00047416
0.84227355 0.00082610
0.84795640 0.00115719
0.85355339 0.00146720
0.85906315 0.00175596
0.86448431 0.00202333
0.86981555 0.00226923
0.87505553 0.00249363
0.88020298 0.00269656
0.88525662 0.00287810
0.89021520 0.00303839
0.89507751 0.00317763
0.89984233 0.00329608
0.90450850 0.00339406
0.90907486 0.00347196
0.91354029 0.00353022
0.91790368 0.00356936
0.92216396 0.00358994
0.92632008 0.00359260
0.93037101 0.00357804
0.93431576 0.00354701
0.93815334 0.00350031
0.94188282 0.00343881
0.94550326 0.00336342
0.94901379 0.00327512
0.95241353 0.00317489
0.95570164 0.00306380
0.95887731 0.00294292
0.96193977 0.00281337
0.96488824 0.00267629
0.96772202 0.00253285
0.97044038 0.00238421
0.97304268 0.00223158
0.97552826 0.00207614
0.97789651 0.00191909
0.98014684 0.00176161
0.98227871 0.00160486
0.98429158 0.00145000
0.98618496 0.00129816
0.98795838 0.00115041
0.98961141 0.00100782
0.99114363 0.00087140
0.99255466 0.00074210
0.99384417 0.00062082
0.99501183 0.00050842
0.99605735 0.00040567
0.99698048 0.00031328
0.99778098 0.00023188
0.99845867 0.00016205
0.99901336 0.00010424
0.99944494 0.00005887
0.99975328 0.00002624
0.99993832 0.00000657
1.00000000 -0.00000000
