sample_1218
1.00000000 -0.00000000
0.99993832 0.00001568
0.99975328 0.00006271
0.99944494 0.00014110
0.99901336 0.00025084
0.99845867 0.00039193
0.99778098 0.00056437
0.99698048 0.00076814
0.99605735 0.00100323
0.99501183 0.00126964
0.99384417 0.00156735
0.99255466 0.00189632
0.99114363 0.00225655
0.98961141 0.00264798
0.98795838 0.00307058
0.98618496 0.00352430
0.98429158 0.00400907
0.98227871 0.00452483
0.98014684 0.00507149
0.97789651 0.00564895
0.97552826 0.00625710
0.97304268 0.00689581
0.97044038 0.00756493
0.96772202 0.00826429
0.96488824 0.00899372
0.96193977 0.00975301
0.95887731 0.01054191
0.95570164 0.01136019
0.95241353 0.01220755
0.94901379 0.01308370
0.94550326 0.01398829
0.94188282 0.01492097
0.93815334 0.01588134
0.93431576 0.01686899
0.93037101 0.01788344
0.92632008 0.01892422
0.92216396 0.01999081
0.91790368 0.02108264
0.91354029 0.02219912
0.90907486 0.02333964
0.90450850 0.02450352
0.89984233 0.02569007
0.89507751 0.02689856
0.89021520 0.02812821
0.88525662 0.02937821
0.88020298 0.03064773
0.87505553 0.03193588
0.86981555 0.03324175
0.86448431 0.03456438
0.85906315 0.03590278
0.85355339 0.03725594
0.84795640 0.03862280
0.84227355 0.04000227
0.83650626 0.04139323
0.83065593 0.04279452
0.82472402 0.04420498
0.81871199 0.04562338
0.81262133 0.04704850
0.80645353 0.04847907
0.80021011 0.04991380
0.79389263 0.05135138
0.78750263 0.05279049
0.78104169 0.05422978
0.77451141 0.05566788
0.76791340 0.05710342
0.76124928 0.05853501
0.75452071 0.05996124
0.74772933 0.06138070
0.74087684 0.06279200
0.73396491 0.06419370
0.72699525 0.06558440
0.71996958 0.06696268
0.71288965 0.06832714
0.70575718 0.06967638
0.69857395 0.07100902
0.69134172 0.07232368
0.68406228 0.07361901
0.67673742 0.07489367
0.66936896 0.07614637
0.66195871 0.07737580
0.65450850 0.07858073
0.64702016 0.07975992
0.63949555 0.08091220
0.63193652 0.08203641
0.62434494 0.08313144
0.61672268 0.08419624
0.60907162 0.08522979
0.60139365 0.08623112
0.59369066 0.08719931
0.58596455 0.08813351
0.57821723 0.08903291
0.57045062 0.08989676
0.56266662 0.09072438
0.55486716 0.09151515
0.54705416 0.09226851
0.53922955 0.09298396
0.53139526 0.09366108
0.52355323 0.09429950
0.51570538 0.09489893
0.50785366 0.09545915
0.50000000 0.09598000
0.49214634 0.09646139
0.48429462 0.09690330
0.47644677 0.09730577
0.46860474 0.09766893
0.46077045 0.09799293
0.45294584 0.09827803
0.44513284 0.09852452
0.43733338 0.09873276
0.42954938 0.09890316
0.42178277 0.09903620
0.41403545 0.09913240
0.40630934 0.09919231
0.39860635 0.09921655
0.39092838 0.09920576
0.38327732 0.09916064
0.37565506 0.09908189
0.36806348 0.09897027
0.36050445 0.09882652
0.35297984 0.09865145
0.34549150 0.09844583
0.33804129 0.09821047
0.33063104 0.09794618
0.32326258 0.09765376
0.31593772 0.09733400
0.30865828 0.09698769
0.30142605 0.09661558
0.29424282 0.09621842
0.28711035 0.09579693
0.28003042 0.09535177
0.27300475 0.09488360
0.26603509 0.09439302
0.25912316 0.09388058
0.25227067 0.09334679
0.24547929 0.09279212
0.23875072 0.09221696
0.23208660 0.09162165
0.22548859 0.09100648
0.21895831 0.09037166
0.21249737 0.08971734
0.20610737 0.08904362
0.19978989 0.08835052
0.19354647 0.08763799
0.18737867 0.08690593
0.18128801 0.08615415
0.17527598 0.08538241
0.16934407 0.08459042
0.16349374 0.08377780
0.15772645 0.08294413
0.15204360 0.08208894
0.14644661 0.08121170
0.14093685 0.08031184
0.13551569 0.07938872
0.13018445 0.07844170
0.12494447 0.07747008
0.11979702 0.07647316
0.11474338 0.07545018
0.10978480 0.07440039
0.10492249 0.07332304
0.10015767 0.07221735
0.09549150 0.07108256
0.09092514 0.06991793
0.08645971 0.06872271
0.08209632 0.06749620
0.07783604 0.06623772
0.07367992 0.06494664
0.06962899 0.06362237
0.06568424 0.06226436
0.06184666 0.06087213
0.05811718 0.05944527
0.05449674 0.05798344
0.05098621 0.05648637
0.04758647 0.05495387
0.04429836 0.05338584
0.04112269 0.05178227
0.03806023 0.05014326
0.03511176 0.04846899
0.03227798 0.04675975
0.02955962 0.04501593
0.02695732 0.04323803
0.02447174 0.04142665
0.02210349 0.03958252
0.01985316 0.03770644
0.01772129 0.03579936
0.01570842 0.03386231
0.01381504 0.03189643
0.01204162 0.02990295
0.01038859 0.02788323
0.00885637 0.02583870
0.00744534 0.02377089
0.00615583 0.02168140
0.00498817 0.01957195
0.00394265 0.01744429
0.00301952 0.01530027
0.00221902 0.01314179
0.00154133 0.01097082
0.00098664 0.00878935
0.00055506 0.00659945
0.00024672 0.00440318
0.00006168 0.00220265
0.00000000 0.00000000
0.00006168 -0.00065749
0.00024672 -0.00131458
0.00055506 -0.00197087
0.00098664 -0.00262596
0.00154133 -0.00327948
0.00221902 -0.00393104
0.00301952 -0.00458030
0.00394265 -0.00522693
0.00498817 -0.00587061
0.00615583 -0.00651104
0.00744534 -0.00714798
0.00885637 -0.00778119
0.01038859 -0.00841046
0.01204162 -0.00903562
0.01381504 -0.00965654
0.01570842 -0.01027311
0.01772129 -0.01088526
0.01985316 -0.01149295
0.02210349 -0.01209619
0.02447174 -0.01269499
0.02695732 -0.01328943
0.02955962 -0.01387960
0.03227798 -0.01446562
0.03511176 -0.01504764
0.03806023 -0.01562584
0.04112269 -0.01620041
0.04429836 -0.01677157
0.04758647 -0.01733955
0.05098621 -0.01790459
0.05449674 -0.01846696
0.05811718 -0.01902690
0.06184666 -0.01958468
0.06568424 -0.02014055
0.06962899 -0.02069476
0.07367992 -0.02124755
0.07783604 -0.02179913
0.08209632 -0.02234971
0.08645971 -0.02289945
0.09092514 -0.02344850
0.09549150 -0.02399697
0.10015767 -0.02454493
0.10492249 -0.02509241
0.10978480 -0.02563940
0.11474338 -0.02618583
0.11979702 -0.02673158
0.12494447 -0.02727649
0.13018445 -0.02782032
0.13551569 -0.02836279
0.14093685 -0.02890355
0.14644661 -0.02944219
0.15204360 -0.02997823
0.15772645 -0.03051114
0.16349374 -0.03104030
0.16934407 -0.03156507
0.17527598 -0.03208470
0.18128801 -0.03259841
0.18737867 -0.03310534
0.19354647 -0.03360460
0.19978989 -0.03409522
0.20610737 -0.03457619
0.21249737 -0.03504645
0.21895831 -0.03550490
0.22548859 -0.03595039
0.23208660 -0.03638176
0.23875072 -0.03679780
0.24547929 -0.03719728
0.25227067 -0.03757896
0.25912316 -0.03794158
0.26603509 -0.03828389
0.27300475 -0.03860462
0.28003042 -0.03890252
0.28711035 -0.03917637
0.29424282 -0.03942494
0.30142605 -0.03964706
0.30865828 -0.03984157
0.31593772 -0.04000737
0.32326258 -0.04014340
0.33063104 -0.04024866
0.33804129 -0.04032221
0.34549150 -0.04036319
0.35297984 -0.04037079
0.36050445 -0.04034430
0.36806348 -0.04028309
0.37565506 -0.04018662
0.38327732 -0.04005444
0.39092838 -0.03988620
0.39860635 -0.03968165
0.40630934 -0.03944067
0.41403545 -0.03916320
0.42178277 -0.03884933
0.42954938 -0.03849925
0.43733338 -0.03811325
0.44513284 -0.03769174
0.45294584 -0.03723526
0.46077045 -0.03674444
0.46860474 -0.03622002
0.47644677 -0.03566286
0.48429462 -0.03507391
0.49214634 -0.03445425
0.50000000 -0.03380503
0.50785366 -0.03312752
0.51570538 -0.03242305
0.52355323 -0.03169307
0.53139526 -0.03093909
0.53922955 -0.03016270
0.54705416 -0.02936556
0.55486716 -0.02854937
0.56266662 -0.02771593
0.57045062 -0.02686705
0.57821723 -0.02600459
0.58596455 -0.02513044
0.59369066 -0.02424654
0.60139365 -0.02335480
0.60907162 -0.02245720
0.61672268 -0.02155566
0.62434494 -0.02065215
0.63193652 -0.01974858
0.63949555 -0.01884686
0.64702016 -0.01794889
0.65450850 -0.01705650
0.66195871 -0.01617150
0.66936896 -0.01529563
0.67673742 -0.01443061
0.68406228 -0.01357806
0.69134172 -0.01273956
0.69857395 -0.01191660
0.70575718 -0.01111060
0.71288965 -0.01032289
0.71996958 -0.00955474
0.72699525 -0.00880730
0.73396491 -0.00808163
0.74087684 -0.00737872
0.74772933 -0.00669945
0.75452071 -0.00604459
0.76124928 -0.00541482
0.76791340 -0.00481073
0.77451141 -0.00423279
0.78104169 -0.00368139
0.78750263 -0.00315681
0.79389263 -0.00265924
0.80021011 -0.00218876
0.80645353 -0.00174539
0.81262133 -0.00132903
0.81871199 -0.00093949
0.82472402 -0.00057653
0.83065593 -0.00023979
0.83650626 0.00007114
0.84227355 0.00035674
0.84795640 0.00061758
0.85355339 0.00085426
0.85906315 0.00106747
0.86448431 0.00125793
0.86981555 0.00142642
0.87505553 0.00157376
0.88020298 0.00170080
0.88525662 0.00180842
0.89021520 0.00189755
0.89507751 0.00196911
0.89984233 0.00202407
0.90450850 0.00206338
0.90907486 0.00208802
0.91354029 0.00209897
0.91790368 0.00209720
0.92216396 0.00208368
0.92632008 0.00205937
0.93037101 0.00202522
0.93431576 0.00198217
0.93815334 0.00193112
0.94188282 0.00187297
0.94550326 0.00180859
0.94901379 0.00173881
0.95241353 0.00166445
0.95570164 0.00158629
0.95887731 0.00150508
0.96193977 0.00142154
0.96488824 0.00133635
0.96772202 0.00125016
0.97044038 0.00116359
0.97304268 0.00107723
0.97552826 0.00099160
0.97789651 0.00090724
0.98014684 0.00082461
0.98227871 0.00074416
0.98429158 0.00066631
0.98618496 0.00059143
0.98795838 0.00051988
0.98961141 0.00045198
0.99114363 0.00038802
0.99255466 0.00032826
0.99384417 0.00027295
0.99501183 0.00022229
0.99605735 0.00017648
0.99698048 0.00013568
0.99778098 0.00010004
0.99845867 0.00006968
0.99901336 0.00004471
0.99944494 0.00002519
0.99975328 0.00001121
0.99993832 0.00000281
1.00000000 -0.00000000
