sample_775
1.00000000 -0.00000000
0.99993832 0.00001330
0.99975328 0.00005323
0.99944494 0.00011980
0.99901336 0.00021308
0.99845867 0.00033312
0.99778098 0.00048003
0.99698048 0.00065389
0.99605735 0.00085485
0.99501183 0.00108304
0.99384417 0.00133862
0.99255466 0.00162177
0.99114363 0.00193266
0.98961141 0.00227151
0.98795838 0.00263852
0.98618496 0.00303391
0.98429158 0.00345791
0.98227871 0.00391076
0.98014684 0.00439269
0.97789651 0.00490394
0.97552826 0.00544475
0.97304268 0.00601537
0.97044038 0.00661601
0.96772202 0.00724690
0.96488824 0.00790826
0.96193977 0.00860028
0.95887731 0.00932315
0.95570164 0.01007703
0.95241353 0.01086205
0.94901379 0.01167834
0.94550326 0.01252597
0.94188282 0.01340500
0.93815334 0.01431545
0.93431576 0.01525730
0.93037101 0.01623048
0.92632008 0.01723488
0.92216396 0.01827034
0.91790368 0.01933667
0.91354029 0.02043359
0.90907486 0.02156078
0.90450850 0.02271788
0.89984233 0.02390442
0.89507751 0.02511991
0.89021520 0.02636378
0.88525662 0.02763537
0.88020298 0.02893399
0.87505553 0.03025883
0.86981555 0.03160906
0.86448431 0.03298374
0.85906315 0.03438185
0.85355339 0.03580234
0.84795640 0.03724404
0.84227355 0.03870572
0.83650626 0.04018610
0.83065593 0.04168381
0.82472402 0.04319741
0.81871199 0.04472539
0.81262133 0.04626618
0.80645353 0.04781817
0.80021011 0.04937966
0.79389263 0.05094891
0.78750263 0.05252412
0.78104169 0.05410346
0.77451141 0.05568504
0.76791340 0.05726696
0.76124928 0.05884725
0.75452071 0.06042394
0.74772933 0.06199503
0.74087684 0.06355851
0.73396491 0.06511235
0.72699525 0.06665454
0.71996958 0.06818304
0.71288965 0.06969585
0.70575718 0.07119096
0.69857395 0.07266640
0.69134172 0.07412021
0.68406228 0.07555048
0.67673742 0.07695534
0.66936896 0.07833294
0.66195871 0.07968152
0.65450850 0.08099934
0.64702016 0.08228474
0.63949555 0.08353613
0.63193652 0.08475197
0.62434494 0.08593082
0.61672268 0.08707130
0.60907162 0.08817211
0.60139365 0.08923206
0.59369066 0.09025001
0.58596455 0.09122494
0.57821723 0.09215590
0.57045062 0.09304205
0.56266662 0.09388263
0.55486716 0.09467698
0.54705416 0.09542453
0.53922955 0.09612479
0.53139526 0.09677739
0.52355323 0.09738203
0.51570538 0.09793850
0.50785366 0.09844668
0.50000000 0.09890652
0.49214634 0.09931806
0.48429462 0.09968143
0.47644677 0.09999682
0.46860474 0.10026448
0.46077045 0.10048473
0.45294584 0.10065797
0.44513284 0.10078464
0.43733338 0.10086524
0.42954938 0.10090030
0.42178277 0.10089042
0.41403545 0.10083622
0.40630934 0.10073836
0.39860635 0.10059753
0.39092838 0.10041445
0.38327732 0.10018985
0.37565506 0.09992448
0.36806348 0.09961911
0.36050445 0.09927451
0.35297984 0.09889146
0.34549150 0.09847074
0.33804129 0.09801314
0.33063104 0.09751942
0.32326258 0.09699036
0.31593772 0.09642673
0.30865828 0.09582927
0.30142605 0.09519872
0.29424282 0.09453582
0.28711035 0.09384128
0.28003042 0.09311578
0.27300475 0.09236003
0.26603509 0.09157469
0.25912316 0.09076042
0.25227067 0.08991785
0.24547929 0.08904761
0.23875072 0.08815032
0.23208660 0.08722658
0.22548859 0.08627699
0.21895831 0.08530213
0.21249737 0.08430257
0.20610737 0.08327889
0.19978989 0.08223166
0.19354647 0.08116143
0.18737867 0.08006877
0.18128801 0.07895425
0.17527598 0.07781843
0.16934407 0.07666188
0.16349374 0.07548518
0.15772645 0.07428890
0.15204360 0.07307364
0.14644661 0.07183998
0.14093685 0.07058854
0.13551569 0.06931993
0.13018445 0.06803478
0.12494447 0.06673372
0.11979702 0.06541738
0.11474338 0.06408644
0.10978480 0.06274154
0.10492249 0.06138337
0.10015767 0.06001259
0.09549150 0.05862989
0.09092514 0.05723597
0.08645971 0.05583150
0.08209632 0.05441718
0.07783604 0.05299370
0.07367992 0.05156175
0.06962899 0.05012201
0.06568424 0.04867516
0.06184666 0.04722186
0.05811718 0.04576275
0.05449674 0.04429849
0.05098621 0.04282968
0.04758647 0.04135693
0.04429836 0.03988081
0.04112269 0.03840188
0.03806023 0.03692067
0.03511176 0.03543766
0.03227798 0.03395333
0.02955962 0.03246812
0.02695732 0.03098242
0.02447174 0.02949660
0.02210349 0.02801099
0.01985316 0.02652588
0.01772129 0.02504153
0.01570842 0.02355815
0.01381504 0.02207594
0.01204162 0.02059502
0.01038859 0.01911550
0.00885637 0.01763746
0.00744534 0.01616094
0.00615583 0.01468592
0.00498817 0.01321239
0.00394265 0.01174029
0.00301952 0.01026953
0.00221902 0.00880000
0.00154133 0.00733156
0.00098664 0.00586407
0.00055506 0.00439736
0.00024672 0.00293124
0.00006168 0.00146552
0.00000000 0.00000000
0.00006168 -0.00069311
0.00024672 -0.00138650
0.00055506 -0.00208048
0.00098664 -0.00277531
0.00154133 -0.00347128
0.00221902 -0.00416865
0.00301952 -0.00486767
0.00394265 -0.00556857
0.00498817 -0.00627158
0.00615583 -0.00697689
0.00744534 -0.00768467
0.00885637 -0.00839507
0.01038859 -0.00910823
0.01204162 -0.00982422
0.01381504 -0.01054313
0.01570842 -0.01126497
0.01772129 -0.01198976
0.01985316 -0.01271745
0.02210349 -0.01344797
0.02447174 -0.01418122
0.02695732 -0.01491706
0.02955962 -0.01565529
0.03227798 -0.01639570
0.03511176 -0.01713802
0.03806023 -0.01788197
0.04112269 -0.01862719
0.04429836 -0.01937331
0.04758647 -0.02011992
0.05098621 -0.02086656
0.05449674 -0.02161275
0.05811718 -0.02235795
0.06184666 -0.02310161
0.06568424 -0.02384314
0.06962899 -0.02458191
0.07367992 -0.02531727
0.07783604 -0.02604853
0.08209632 -0.02677498
0.08645971 -0.02749589
0.09092514 -0.02821050
0.09549150 -0.02891803
0.10015767 -0.02961768
0.10492249 -0.03030865
0.10978480 -0.03099010
0.11474338 -0.03166121
0.11979702 -0.03232114
0.12494447 -0.03296902
0.13018445 -0.03360401
0.13551569 -0.03422526
0.14093685 -0.03483191
0.14644661 -0.03542313
0.15204360 -0.03599808
0.15772645 -0.03655592
0.16349374 -0.03709586
0.16934407 -0.03761708
0.17527598 -0.03811882
0.18128801 -0.03860030
0.18737867 -0.03906081
0.19354647 -0.03949961
0.19978989 -0.03991604
0.20610737 -0.04030944
0.21249737 -0.04067917
0.21895831 -0.04102466
0.22548859 -0.04134534
0.23208660 -0.04164070
0.23875072 -0.04191026
0.24547929 -0.04215356
0.25227067 -0.04237022
0.25912316 -0.04255987
0.26603509 -0.04272219
0.27300475 -0.04285691
0.28003042 -0.04296380
0.28711035 -0.04304266
0.29424282 -0.04309337
0.30142605 -0.04311581
0.30865828 -0.04310995
0.31593772 -0.04307577
0.32326258 -0.04301331
0.33063104 -0.04292266
0.33804129 -0.04280394
0.34549150 -0.04265733
0.35297984 -0.04248304
0.36050445 -0.04228132
0.36806348 -0.04205249
0.37565506 -0.04179688
0.38327732 -0.04151486
0.39092838 -0.04120687
0.39860635 -0.04087336
0.40630934 -0.04051483
0.41403545 -0.04013180
0.42178277 -0.03972485
0.42954938 -0.03929457
0.43733338 -0.03884158
0.44513284 -0.03836656
0.45294584 -0.03787020
0.46077045 -0.03735320
0.46860474 -0.03681631
0.47644677 -0.03626031
0.48429462 -0.03568598
0.49214634 -0.03509413
0.50000000 -0.03448560
0.50785366 -0.03386124
0.51570538 -0.03322192
0.52355323 -0.03256853
0.53139526 -0.03190195
0.53922955 -0.03122311
0.54705416 -0.03053293
0.55486716 -0.02983234
0.56266662 -0.02912228
0.57045062 -0.02840370
0.57821723 -0.02767755
0.58596455 -0.02694479
0.59369066 -0.02620639
0.60139365 -0.02546329
0.60907162 -0.02471647
0.61672268 -0.02396689
0.62434494 -0.02321549
0.63193652 -0.02246324
0.63949555 -0.02171108
0.64702016 -0.02095994
0.65450850 -0.02021077
0.66195871 -0.01946448
0.66936896 -0.01872198
0.67673742 -0.01798417
0.68406228 -0.01725192
0.69134172 -0.01652612
0.69857395 -0.01580760
0.70575718 -0.01509719
0.71288965 -0.01439572
0.71996958 -0.01370397
0.72699525 -0.01302271
0.73396491 -0.01235267
0.74087684 -0.01169458
0.74772933 -0.01104914
0.75452071 -0.01041699
0.76124928 -0.00979877
0.76791340 -0.00919509
0.77451141 -0.00860652
0.78104169 -0.00803358
0.78750263 -0.00747679
0.79389263 -0.00693659
0.80021011 -0.00641343
0.80645353 -0.00590769
0.81262133 -0.00541972
0.81871199 -0.00494983
0.82472402 -0.00449828
0.83065593 -0.00406531
0.83650626 -0.00365110
0.84227355 -0.00325579
0.84795640 -0.00287947
0.85355339 -0.00252220
0.85906315 -0.00218399
0.86448431 -0.00186480
0.86981555 -0.00156456
0.87505553 -0.00128313
0.88020298 -0.00102035
0.88525662 -0.00077601
0.89021520 -0.00054986
0.89507751 -0.00034160
0.89984233 -0.00015089
0.90450850 0.00002265
0.90907486 0.00017943
0.91354029 0.00031991
0.91790368 0.00044458
0.92216396 0.00055396
0.92632008 0.00064861
0.93037101 0.00072912
0.93431576 0.00079611
0.93815334 0.00085022
0.94188282 0.00089212
0.94550326 0.00092250
0.94901379 0.00094207
0.95241353 0.00095155
0.95570164 0.00095168
0.95887731 0.00094322
0.96193977 0.00092692
0.96488824 0.00090354
0.96772202 0.00087385
0.97044038 0.00083862
0.97304268 0.00079860
0.97552826 0.00075455
0.97789651 0.00070721
0.98014684 0.00065731
0.98227871 0.00060555
0.98429158 0.00055265
0.98618496 0.00049926
0.98795838 0.00044604
0.98961141 0.00039360
0.99114363 0.00034254
0.99255466 0.00029340
0.99384417 0.00024671
0.99501183 0.00020296
0.99605735 0.00016258
0.99698048 0.00012598
0.99778098 0.00009352
0.99845867 0.00006551
0.99901336 0.00004222
0.99944494 0.00002388
0.99975328 0.00001066
0.99993832 0.00000267
1.00000000 -0.00000000
