sample_403
1.00000000 -0.00000000
0.99993832 0.00001716
0.99975328 0.00006866
0.99944494 0.00015447
0.99901336 0.00027460
0.99845867 0.00042903
0.99778098 0.00061774
0.99698048 0.00084071
0.99605735 0.00109791
0.99501183 0.00138930
0.99384417 0.00171482
0.99255466 0.00207443
0.99114363 0.00246804
0.98961141 0.00289558
0.98795838 0.00335694
0.98618496 0.00385200
0.98429158 0.00438062
0.98227871 0.00494265
0.98014684 0.00553788
0.97789651 0.00616613
0.97552826 0.00682715
0.97304268 0.00752067
0.97044038 0.00824641
0.96772202 0.00900403
0.96488824 0.00979318
0.96193977 0.01061347
0.95887731 0.01146446
0.95570164 0.01234571
0.95241353 0.01325670
0.94901379 0.01419690
0.94550326 0.01516575
0.94188282 0.01616264
0.93815334 0.01718692
0.93431576 0.01823792
0.93037101 0.01931492
0.92632008 0.02041719
0.92216396 0.02154395
0.91790368 0.02269438
0.91354029 0.02386766
0.90907486 0.02506293
0.90450850 0.02627929
0.89984233 0.02751585
0.89507751 0.02877168
0.89021520 0.03004583
0.88525662 0.03133735
0.88020298 0.03264526
0.87505553 0.03396859
0.86981555 0.03530636
0.86448431 0.03665757
0.85906315 0.03802125
0.85355339 0.03939640
0.84795640 0.04078205
0.84227355 0.04217722
0.83650626 0.04358096
0.83065593 0.04499230
0.82472402 0.04641032
0.81871199 0.04783410
0.81262133 0.04926272
0.80645353 0.05069532
0.80021011 0.05213103
0.79389263 0.05356901
0.78750263 0.05500845
0.78104169 0.05644854
0.77451141 0.05788851
0.76791340 0.05932762
0.76124928 0.06076513
0.75452071 0.06220035
0.74772933 0.06363259
0.74087684 0.06506118
0.73396491 0.06648548
0.72699525 0.06790485
0.71996958 0.06931868
0.71288965 0.07072638
0.70575718 0.07212734
0.69857395 0.07352098
0.69134172 0.07490673
0.68406228 0.07628400
0.67673742 0.07765223
0.66936896 0.07901084
0.66195871 0.08035923
0.65450850 0.08169683
0.64702016 0.08302303
0.63949555 0.08433722
0.63193652 0.08563877
0.62434494 0.08692703
0.61672268 0.08820133
0.60907162 0.08946098
0.60139365 0.09070527
0.59369066 0.09193347
0.58596455 0.09314479
0.57821723 0.09433846
0.57045062 0.09551364
0.56266662 0.09666949
0.55486716 0.09780512
0.54705416 0.09891963
0.53922955 0.10001206
0.53139526 0.10108146
0.52355323 0.10212683
0.51570538 0.10314715
0.50785366 0.10414137
0.50000000 0.10510843
0.49214634 0.10604724
0.48429462 0.10695670
0.47644677 0.10783569
0.46860474 0.10868309
0.46077045 0.10949775
0.45294584 0.11027854
0.44513284 0.11102432
0.43733338 0.11173395
0.42954938 0.11240631
0.42178277 0.11304027
0.41403545 0.11363474
0.40630934 0.11418863
0.39860635 0.11470088
0.39092838 0.11517047
0.38327732 0.11559640
0.37565506 0.11597770
0.36806348 0.11631346
0.36050445 0.11660279
0.35297984 0.11684488
0.34549150 0.11703892
0.33804129 0.11718421
0.33063104 0.11728007
0.32326258 0.11732589
0.31593772 0.11732112
0.30865828 0.11726528
0.30142605 0.11715795
0.29424282 0.11699878
0.28711035 0.11678747
0.28003042 0.11652381
0.27300475 0.11620766
0.26603509 0.11583894
0.25912316 0.11541763
0.25227067 0.11494380
0.24547929 0.11441757
0.23875072 0.11383914
0.23208660 0.11320875
0.22548859 0.11252674
0.21895831 0.11179347
0.21249737 0.11100940
0.20610737 0.11017502
0.19978989 0.10929088
0.19354647 0.10835758
0.18737867 0.10737577
0.18128801 0.10634614
0.17527598 0.10526944
0.16934407 0.10414643
0.16349374 0.10297793
0.15772645 0.10176479
0.15204360 0.10050786
0.14644661 0.09920805
0.14093685 0.09786628
0.13551569 0.09648348
0.13018445 0.09506061
0.12494447 0.09359864
0.11979702 0.09209853
0.11474338 0.09056127
0.10978480 0.08898786
0.10492249 0.08737928
0.10015767 0.08573652
0.09549150 0.08406056
0.09092514 0.08235240
0.08645971 0.08061301
0.08209632 0.07884336
0.07783604 0.07704441
0.07367992 0.07521712
0.06962899 0.07336243
0.06568424 0.07148126
0.06184666 0.06957454
0.05811718 0.06764317
0.05449674 0.06568804
0.05098621 0.06371004
0.04758647 0.06171004
0.04429836 0.05968889
0.04112269 0.05764743
0.03806023 0.05558650
0.03511176 0.05350691
0.03227798 0.05140949
0.02955962 0.04929502
0.02695732 0.04716429
0.02447174 0.04501810
0.02210349 0.04285721
0.01985316 0.04068239
0.01772129 0.03849439
0.01570842 0.03629398
0.01381504 0.03408190
0.01204162 0.03185890
0.01038859 0.02962571
0.00885637 0.02738307
0.00744534 0.02513172
0.00615583 0.02287238
0.00498817 0.02060579
0.00394265 0.01833268
0.00301952 0.01605377
0.00221902 0.01376979
0.00154133 0.01148147
0.00098664 0.00918952
0.00055506 0.00689467
0.00024672 0.00459765
0.00006168 0.00229919
0.00000000 0.00000000
0.00006168 -0.00129954
0.00024672 -0.00259730
0.00055506 -0.00389152
0.00098664 -0.00518044
0.00154133 -0.00646230
0.00221902 -0.00773541
0.00301952 -0.00899807
0.00394265 -0.01024863
0.00498817 -0.01148549
0.00615583 -0.01270707
0.00744534 -0.01391187
0.00885637 -0.01509843
0.01038859 -0.01626536
0.01204162 -0.01741132
0.01381504 -0.01853506
0.01570842 -0.01963538
0.01772129 -0.02071118
0.01985316 -0.02176142
0.02210349 -0.02278515
0.02447174 -0.02378150
0.02695732 -0.02474969
0.02955962 -0.02568902
0.03227798 -0.02659888
0.03511176 -0.02747876
0.03806023 -0.02832821
0.04112269 -0.02914691
0.04429836 -0.02993459
0.04758647 -0.03069109
0.05098621 -0.03141632
0.05449674 -0.03211028
0.05811718 -0.03277304
0.06184666 -0.03340477
0.06568424 -0.03400570
0.06962899 -0.03457614
0.07367992 -0.03511644
0.07783604 -0.03562705
0.08209632 -0.03610847
0.08645971 -0.03656124
0.09092514 -0.03698596
0.09549150 -0.03738327
0.10015767 -0.03775387
0.10492249 -0.03809846
0.10978480 -0.03841781
0.11474338 -0.03871267
0.11979702 -0.03898384
0.12494447 -0.03923213
0.13018445 -0.03945833
0.13551569 -0.03966326
0.14093685 -0.03984774
0.14644661 -0.04001254
0.15204360 -0.04015845
0.15772645 -0.04028625
0.16349374 -0.04039666
0.16934407 -0.04049039
0.17527598 -0.04056812
0.18128801 -0.04063048
0.18737867 -0.04067808
0.19354647 -0.04071146
0.19978989 -0.04073113
0.20610737 -0.04073755
0.21249737 -0.04073112
0.21895831 -0.04071219
0.22548859 -0.04068105
0.23208660 -0.04063794
0.23875072 -0.04058305
0.24547929 -0.04051650
0.25227067 -0.04043836
0.25912316 -0.04034865
0.26603509 -0.04024732
0.27300475 -0.04013429
0.28003042 -0.04000942
0.28711035 -0.03987252
0.29424282 -0.03972336
0.30142605 -0.03956167
0.30865828 -0.03938714
0.31593772 -0.03919943
0.32326258 -0.03899817
0.33063104 -0.03878297
0.33804129 -0.03855342
0.34549150 -0.03830908
0.35297984 -0.03804953
0.36050445 -0.03777434
0.36806348 -0.03748305
0.37565506 -0.03717525
0.38327732 -0.03685052
0.39092838 -0.03650846
0.39860635 -0.03614871
0.40630934 -0.03577092
0.41403545 -0.03537478
0.42178277 -0.03496003
0.42954938 -0.03452644
0.43733338 -0.03407384
0.44513284 -0.03360210
0.45294584 -0.03311116
0.46077045 -0.03260102
0.46860474 -0.03207174
0.47644677 -0.03152345
0.48429462 -0.03095634
0.49214634 -0.03037068
0.50000000 -0.02976681
0.50785366 -0.02914515
0.51570538 -0.02850619
0.52355323 -0.02785049
0.53139526 -0.02717869
0.53922955 -0.02649150
0.54705416 -0.02578971
0.55486716 -0.02507416
0.56266662 -0.02434577
0.57045062 -0.02360554
0.57821723 -0.02285451
0.58596455 -0.02209379
0.59369066 -0.02132453
0.60139365 -0.02054794
0.60907162 -0.01976529
0.61672268 -0.01897786
0.62434494 -0.01818698
0.63193652 -0.01739401
0.63949555 -0.01660033
0.64702016 -0.01580734
0.65450850 -0.01501645
0.66195871 -0.01422908
0.66936896 -0.01344663
0.67673742 -0.01267051
0.68406228 -0.01190213
0.69134172 -0.01114284
0.69857395 -0.01039400
0.70575718 -0.00965692
0.71288965 -0.00893288
0.71996958 -0.00822312
0.72699525 -0.00752882
0.73396491 -0.00685111
0.74087684 -0.00619108
0.74772933 -0.00554973
0.75452071 -0.00492802
0.76124928 -0.00432682
0.76791340 -0.00374693
0.77451141 -0.00318909
0.78104169 -0.00265394
0.78750263 -0.00214206
0.79389263 -0.00165393
0.80021011 -0.00118996
0.80645353 -0.00075047
0.81262133 -0.00033571
0.81871199 0.00005418
0.82472402 0.00041912
0.83065593 0.00075913
0.83650626 0.00107428
0.84227355 0.00136475
0.84795640 0.00163078
0.85355339 0.00187268
0.85906315 0.00209086
0.86448431 0.00228576
0.86981555 0.00245790
0.87505553 0.00260786
0.88020298 0.00273628
0.88525662 0.00284386
0.89021520 0.00293132
0.89507751 0.00299945
0.89984233 0.00304907
0.90450850 0.00308105
0.90907486 0.00309626
0.91354029 0.00309563
0.91790368 0.00308008
0.92216396 0.00305059
0.92632008 0.00300811
0.93037101 0.00295361
0.93431576 0.00288809
0.93815334 0.00281253
0.94188282 0.00272790
0.94550326 0.00263519
0.94901379 0.00253535
0.95241353 0.00242934
0.95570164 0.00231809
0.95887731 0.00220252
0.96193977 0.00208353
0.96488824 0.00196199
0.96772202 0.00183875
0.97044038 0.00171462
0.97304268 0.00159040
0.97552826 0.00146685
0.97789651 0.00134469
0.98014684 0.00122461
0.98227871 0.00110729
0.98429158 0.00099334
0.98618496 0.00088335
0.98795838 0.00077787
0.98961141 0.00067744
0.99114363 0.00058252
0.99255466 0.00049357
0.99384417 0.00041099
0.99501183 0.00033516
0.99605735 0.00026641
0.99698048 0.00020505
0.99778098 0.00015133
0.99845867 0.00010549
0.99901336 0.00006772
0.99944494 0.00003819
0.99975328 0.00001700
0.99993832 0.00000425
1.00000000 -0.00000000
