sample_1333
1.00000000 -0.00000000
0.99993832 0.00001731
0.99975328 0.00006924
0.99944494 0.00015572
0.99901336 0.00027665
0.99845867 0.00043189
0.99778098 0.00062128
0.99698048 0.00084459
0.99605735 0.00110157
0.99501183 0.00139196
0.99384417 0.00171542
0.99255466 0.00207161
0.99114363 0.00246016
0.98961141 0.00288066
0.98795838 0.00333268
0.98618496 0.00381577
0.98429158 0.00432946
0.98227871 0.00487326
0.98014684 0.00544665
0.97789651 0.00604912
0.97552826 0.00668013
0.97304268 0.00733915
0.97044038 0.00802562
0.96772202 0.00873900
0.96488824 0.00947873
0.96193977 0.01024426
0.95887731 0.01103504
0.95570164 0.01185053
0.95241353 0.01269017
0.94901379 0.01355344
0.94550326 0.01443982
0.94188282 0.01534879
0.93815334 0.01627984
0.93431576 0.01723248
0.93037101 0.01820624
0.92632008 0.01920064
0.92216396 0.02021523
0.91790368 0.02124957
0.91354029 0.02230322
0.90907486 0.02337576
0.90450850 0.02446678
0.89984233 0.02557588
0.89507751 0.02670265
0.89021520 0.02784672
0.88525662 0.02900769
0.88020298 0.03018518
0.87505553 0.03137881
0.86981555 0.03258818
0.86448431 0.03381290
0.85906315 0.03505257
0.85355339 0.03630678
0.84795640 0.03757510
0.84227355 0.03885709
0.83650626 0.04015229
0.83065593 0.04146021
0.82472402 0.04278035
0.81871199 0.04411216
0.81262133 0.04545509
0.80645353 0.04680852
0.80021011 0.04817184
0.79389263 0.04954435
0.78750263 0.05092535
0.78104169 0.05231408
0.77451141 0.05370975
0.76791340 0.05511150
0.76124928 0.05651845
0.75452071 0.05792966
0.74772933 0.05934414
0.74087684 0.06076085
0.73396491 0.06217872
0.72699525 0.06359661
0.71996958 0.06501334
0.71288965 0.06642770
0.70575718 0.06783841
0.69857395 0.06924416
0.69134172 0.07064359
0.68406228 0.07203533
0.67673742 0.07341794
0.66936896 0.07478996
0.66195871 0.07614991
0.65450850 0.07749628
0.64702016 0.07882754
0.63949555 0.08014213
0.63193652 0.08143849
0.62434494 0.08271507
0.61672268 0.08397028
0.60907162 0.08520256
0.60139365 0.08641036
0.59369066 0.08759213
0.58596455 0.08874633
0.57821723 0.08987148
0.57045062 0.09096610
0.56266662 0.09202875
0.55486716 0.09305804
0.54705416 0.09405262
0.53922955 0.09501120
0.53139526 0.09593253
0.52355323 0.09681543
0.51570538 0.09765879
0.50785366 0.09846156
0.50000000 0.09922277
0.49214634 0.09994153
0.48429462 0.10061701
0.47644677 0.10124849
0.46860474 0.10183533
0.46077045 0.10237696
0.45294584 0.10287290
0.44513284 0.10332279
0.43733338 0.10372633
0.42954938 0.10408332
0.42178277 0.10439365
0.41403545 0.10465730
0.40630934 0.10487433
0.39860635 0.10504490
0.39092838 0.10516924
0.38327732 0.10524768
0.37565506 0.10528060
0.36806348 0.10526847
0.36050445 0.10521183
0.35297984 0.10511129
0.34549150 0.10496750
0.33804129 0.10478119
0.33063104 0.10455313
0.32326258 0.10428413
0.31593772 0.10397504
0.30865828 0.10362675
0.30142605 0.10324016
0.29424282 0.10281622
0.28711035 0.10235586
0.28003042 0.10186004
0.27300475 0.10132971
0.26603509 0.10076582
0.25912316 0.10016931
0.25227067 0.09954110
0.24547929 0.09888209
0.23875072 0.09819314
0.23208660 0.09747510
0.22548859 0.09672876
0.21895831 0.09595489
0.21249737 0.09515418
0.20610737 0.09432730
0.19978989 0.09347485
0.19354647 0.09259739
0.18737867 0.09169539
0.18128801 0.09076931
0.17527598 0.08981949
0.16934407 0.08884625
0.16349374 0.08784984
0.15772645 0.08683043
0.15204360 0.08578814
0.14644661 0.08472304
0.14093685 0.08363513
0.13551569 0.08252436
0.13018445 0.08139062
0.12494447 0.08023376
0.11979702 0.07905359
0.11474338 0.07784986
0.10978480 0.07662229
0.10492249 0.07537060
0.10015767 0.07409444
0.09549150 0.07279346
0.09092514 0.07146731
0.08645971 0.07011560
0.08209632 0.06873798
0.07783604 0.06733405
0.07367992 0.06590348
0.06962899 0.06444592
0.06568424 0.06296106
0.06184666 0.06144860
0.05811718 0.05990830
0.05449674 0.05833995
0.05098621 0.05674339
0.04758647 0.05511853
0.04429836 0.05346530
0.04112269 0.05178372
0.03806023 0.05007388
0.03511176 0.04833594
0.03227798 0.04657012
0.02955962 0.04477674
0.02695732 0.04295617
0.02447174 0.04110890
0.02210349 0.03923548
0.01985316 0.03733655
0.01772129 0.03541284
0.01570842 0.03346516
0.01381504 0.03149440
0.01204162 0.02950155
0.01038859 0.02748766
0.00885637 0.02545387
0.00744534 0.02340140
0.00615583 0.02133152
0.00498817 0.01924559
0.00394265 0.01714503
0.00301952 0.01503131
0.00221902 0.01290595
0.00154133 0.01077052
0.00098664 0.00862665
0.00055506 0.00647598
0.00024672 0.00432018
0.00006168 0.00216095
0.00000000 0.00000000
0.00006168 -0.00073863
0.00024672 -0.00147689
0.00055506 -0.00221440
0.00098664 -0.00295080
0.00154133 -0.00368573
0.00221902 -0.00441885
0.00301952 -0.00514982
0.00394265 -0.00587833
0.00498817 -0.00660408
0.00615583 -0.00732680
0.00744534 -0.00804624
0.00885637 -0.00876217
0.01038859 -0.00947438
0.01204162 -0.01018271
0.01381504 -0.01088699
0.01570842 -0.01158713
0.01772129 -0.01228301
0.01985316 -0.01297457
0.02210349 -0.01366178
0.02447174 -0.01434462
0.02695732 -0.01502309
0.02955962 -0.01569724
0.03227798 -0.01636710
0.03511176 -0.01703276
0.03806023 -0.01769429
0.04112269 -0.01835180
0.04429836 -0.01900538
0.04758647 -0.01965514
0.05098621 -0.02030120
0.05449674 -0.02094367
0.05811718 -0.02158265
0.06184666 -0.02221823
0.06568424 -0.02285050
0.06962899 -0.02347951
0.07367992 -0.02410531
0.07783604 -0.02472791
0.08209632 -0.02534729
0.08645971 -0.02596339
0.09092514 -0.02657614
0.09549150 -0.02718539
0.10015767 -0.02779097
0.10492249 -0.02839266
0.10978480 -0.02899019
0.11474338 -0.02958322
0.11979702 -0.03017138
0.12494447 -0.03075424
0.13018445 -0.03133128
0.13551569 -0.03190196
0.14093685 -0.03246568
0.14644661 -0.03302174
0.15204360 -0.03356943
0.15772645 -0.03410796
0.16349374 -0.03463648
0.16934407 -0.03515410
0.17527598 -0.03565987
0.18128801 -0.03615278
0.18737867 -0.03663179
0.19354647 -0.03709583
0.19978989 -0.03754376
0.20610737 -0.03797443
0.21249737 -0.03838665
0.21895831 -0.03877921
0.22548859 -0.03915089
0.23208660 -0.03950045
0.23875072 -0.03982665
0.24547929 -0.04012823
0.25227067 -0.04040397
0.25912316 -0.04065264
0.26603509 -0.04087303
0.27300475 -0.04106397
0.28003042 -0.04122431
0.28711035 -0.04135296
0.29424282 -0.04144884
0.30142605 -0.04151097
0.30865828 -0.04153838
0.31593772 -0.04153022
0.32326258 -0.04148565
0.33063104 -0.04140397
0.33804129 -0.04128451
0.34549150 -0.04112671
0.35297984 -0.04093011
0.36050445 -0.04069433
0.36806348 -0.04041911
0.37565506 -0.04010426
0.38327732 -0.03974972
0.39092838 -0.03935554
0.39860635 -0.03892187
0.40630934 -0.03844898
0.41403545 -0.03793725
0.42178277 -0.03738716
0.42954938 -0.03679933
0.43733338 -0.03617445
0.44513284 -0.03551337
0.45294584 -0.03481702
0.46077045 -0.03408642
0.46860474 -0.03332274
0.47644677 -0.03252721
0.48429462 -0.03170117
0.49214634 -0.03084605
0.50000000 -0.02996339
0.50785366 -0.02905477
0.51570538 -0.02812189
0.52355323 -0.02716649
0.53139526 -0.02619040
0.53922955 -0.02519549
0.54705416 -0.02418370
0.55486716 -0.02315700
0.56266662 -0.02211743
0.57045062 -0.02106702
0.57821723 -0.02000786
0.58596455 -0.01894205
0.59369066 -0.01787170
0.60139365 -0.01679892
0.60907162 -0.01572584
0.61672268 -0.01465454
0.62434494 -0.01358712
0.63193652 -0.01252565
0.63949555 -0.01147216
0.64702016 -0.01042866
0.65450850 -0.00939710
0.66195871 -0.00837939
0.66936896 -0.00737740
0.67673742 -0.00639292
0.68406228 -0.00542769
0.69134172 -0.00448337
0.69857395 -0.00356155
0.70575718 -0.00266376
0.71288965 -0.00179143
0.71996958 -0.00094590
0.72699525 -0.00012844
0.73396491 0.00065979
0.74087684 0.00141770
0.74772933 0.00214431
0.75452071 0.00283875
0.76124928 0.00350021
0.76791340 0.00412802
0.77451141 0.00472158
0.78104169 0.00528042
0.78750263 0.00580413
0.79389263 0.00629245
0.80021011 0.00674516
0.80645353 0.00716220
0.81262133 0.00754356
0.81871199 0.00788934
0.82472402 0.00819975
0.83065593 0.00847506
0.83650626 0.00871567
0.84227355 0.00892202
0.84795640 0.00909468
0.85355339 0.00923426
0.85906315 0.00934149
0.86448431 0.00941713
0.86981555 0.00946205
0.87505553 0.00947716
0.88020298 0.00946347
0.88525662 0.00942200
0.89021520 0.00935387
0.89507751 0.00926024
0.89984233 0.00914231
0.90450850 0.00900134
0.90907486 0.00883861
0.91354029 0.00865546
0.91790368 0.00845325
0.92216396 0.00823336
0.92632008 0.00799722
0.93037101 0.00774625
0.93431576 0.00748191
0.93815334 0.00720566
0.94188282 0.00691897
0.94550326 0.00662330
0.94901379 0.00632014
0.95241353 0.00601094
0.95570164 0.00569717
0.95887731 0.00538027
0.96193977 0.00506168
0.96488824 0.00474279
0.96772202 0.00442500
0.97044038 0.00410967
0.97304268 0.00379813
0.97552826 0.00349166
0.97789651 0.00319153
0.98014684 0.00289895
0.98227871 0.00261510
0.98429158 0.00234110
0.98618496 0.00207804
0.98795838 0.00182692
0.98961141 0.00158874
0.99114363 0.00136441
0.99255466 0.00115477
0.99384417 0.00096064
0.99501183 0.00078273
0.99605735 0.00062173
0.99698048 0.00047823
0.99778098 0.00035276
0.99845867 0.00024581
0.99901336 0.00015775
0.99944494 0.00008893
0.99975328 0.00003958
0.99993832 0.00000991
1.00000000 -0.00000000
