sample_502
1.00000000 -0.00000000
0.99993832 0.00001782
0.99975328 0.00007124
0.99944494 0.00016021
0.99901336 0.00028461
0.99845867 0.00044429
0.99778098 0.00063905
0.99698048 0.00086866
0.99605735 0.00113283
0.99501183 0.00143125
0.99384417 0.00176355
0.99255466 0.00212933
0.99114363 0.00252816
0.98961141 0.00295958
0.98795838 0.00342307
0.98618496 0.00391810
0.98429158 0.00444411
0.98227871 0.00500049
0.98014684 0.00558664
0.97789651 0.00620191
0.97552826 0.00684563
0.97304268 0.00751712
0.97044038 0.00821567
0.96772202 0.00894057
0.96488824 0.00969109
0.96193977 0.01046648
0.95887731 0.01126600
0.95570164 0.01208890
0.95241353 0.01293442
0.94901379 0.01380179
0.94550326 0.01469027
0.94188282 0.01559911
0.93815334 0.01652755
0.93431576 0.01747485
0.93037101 0.01844030
0.92632008 0.01942316
0.92216396 0.02042274
0.91790368 0.02143835
0.91354029 0.02246931
0.90907486 0.02351498
0.90450850 0.02457471
0.89984233 0.02564790
0.89507751 0.02673395
0.89021520 0.02783229
0.88525662 0.02894237
0.88020298 0.03006366
0.87505553 0.03119566
0.86981555 0.03233789
0.86448431 0.03348990
0.85906315 0.03465124
0.85355339 0.03582149
0.84795640 0.03700027
0.84227355 0.03818720
0.83650626 0.03938191
0.83065593 0.04058406
0.82472402 0.04179334
0.81871199 0.04300941
0.81262133 0.04423198
0.80645353 0.04546075
0.80021011 0.04669543
0.79389263 0.04793573
0.78750263 0.04918136
0.78104169 0.05043204
0.77451141 0.05168748
0.76791340 0.05294736
0.76124928 0.05421138
0.75452071 0.05547922
0.74772933 0.05675053
0.74087684 0.05802495
0.73396491 0.05930210
0.72699525 0.06058156
0.71996958 0.06186289
0.71288965 0.06314563
0.70575718 0.06442927
0.69857395 0.06571326
0.69134172 0.06699703
0.68406228 0.06827994
0.67673742 0.06956134
0.66936896 0.07084051
0.66195871 0.07211669
0.65450850 0.07338907
0.64702016 0.07465679
0.63949555 0.07591894
0.63193652 0.07717456
0.62434494 0.07842263
0.61672268 0.07966209
0.60907162 0.08089181
0.60139365 0.08211064
0.59369066 0.08331735
0.58596455 0.08451068
0.57821723 0.08568930
0.57045062 0.08685186
0.56266662 0.08799695
0.55486716 0.08912313
0.54705416 0.09022891
0.53922955 0.09131279
0.53139526 0.09237321
0.52355323 0.09340859
0.51570538 0.09441736
0.50785366 0.09539787
0.50000000 0.09634852
0.49214634 0.09726766
0.48429462 0.09815365
0.47644677 0.09900485
0.46860474 0.09981963
0.46077045 0.10059636
0.45294584 0.10133345
0.44513284 0.10202931
0.43733338 0.10268240
0.42954938 0.10329120
0.42178277 0.10385424
0.41403545 0.10437010
0.40630934 0.10483739
0.39860635 0.10525481
0.39092838 0.10562110
0.38327732 0.10593509
0.37565506 0.10619566
0.36806348 0.10640179
0.36050445 0.10655253
0.35297984 0.10664702
0.34549150 0.10668450
0.33804129 0.10666431
0.33063104 0.10658587
0.32326258 0.10644873
0.31593772 0.10625251
0.30865828 0.10599697
0.30142605 0.10568197
0.29424282 0.10530748
0.28711035 0.10487359
0.28003042 0.10438048
0.27300475 0.10382847
0.26603509 0.10321799
0.25912316 0.10254956
0.25227067 0.10182385
0.24547929 0.10104160
0.23875072 0.10020368
0.23208660 0.09931108
0.22548859 0.09836485
0.21895831 0.09736618
0.21249737 0.09631633
0.20610737 0.09521667
0.19978989 0.09406866
0.19354647 0.09287381
0.18737867 0.09163374
0.18128801 0.09035013
0.17527598 0.08902473
0.16934407 0.08765934
0.16349374 0.08625583
0.15772645 0.08481610
0.15204360 0.08334210
0.14644661 0.08183582
0.14093685 0.08029926
0.13551569 0.07873446
0.13018445 0.07714346
0.12494447 0.07552831
0.11979702 0.07389105
0.11474338 0.07223373
0.10978480 0.07055837
0.10492249 0.06886697
0.10015767 0.06716152
0.09549150 0.06544394
0.09092514 0.06371614
0.08645971 0.06197996
0.08209632 0.06023721
0.07783604 0.05848961
0.07367992 0.05673884
0.06962899 0.05498651
0.06568424 0.05323413
0.06184666 0.05148316
0.05811718 0.04973496
0.05449674 0.04799081
0.05098621 0.04625190
0.04758647 0.04451932
0.04429836 0.04279407
0.04112269 0.04107706
0.03806023 0.03936908
0.03511176 0.03767084
0.03227798 0.03598295
0.02955962 0.03430590
0.02695732 0.03264010
0.02447174 0.03098584
0.02210349 0.02934333
0.01985316 0.02771266
0.01772129 0.02609386
0.01570842 0.02448682
0.01381504 0.02289139
0.01204162 0.02130728
0.01038859 0.01973416
0.00885637 0.01817159
0.00744534 0.01661908
0.00615583 0.01507605
0.00498817 0.01354186
0.00394265 0.01201579
0.00301952 0.01049711
0.00221902 0.00898499
0.00154133 0.00747858
0.00098664 0.00597700
0.00055506 0.00447930
0.00024672 0.00298456
0.00006168 0.00149178
0.00000000 0.00000000
0.00006168 -0.00080099
0.00024672 -0.00160187
0.00055506 -0.00240256
0.00098664 -0.00320294
0.00154133 -0.00400290
0.00221902 -0.00480233
0.00301952 -0.00560108
0.00394265 -0.00639901
0.00498817 -0.00719596
0.00615583 -0.00799176
0.00744534 -0.00878621
0.00885637 -0.00957909
0.01038859 -0.01037017
0.01204162 -0.01115919
0.01381504 -0.01194587
0.01570842 -0.01272992
0.01772129 -0.01351100
0.01985316 -0.01428878
0.02210349 -0.01506289
0.02447174 -0.01583293
0.02695732 -0.01659849
0.02955962 -0.01735915
0.03227798 -0.01811445
0.03511176 -0.01886392
0.03806023 -0.01960710
0.04112269 -0.02034347
0.04429836 -0.02107254
0.04758647 -0.02179378
0.05098621 -0.02250668
0.05449674 -0.02321069
0.05811718 -0.02390530
0.06184666 -0.02458998
0.06568424 -0.02526419
0.06962899 -0.02592741
0.07367992 -0.02657913
0.07783604 -0.02721884
0.08209632 -0.02784606
0.08645971 -0.02846031
0.09092514 -0.02906113
0.09549150 -0.02964809
0.10015767 -0.03022078
0.10492249 -0.03077879
0.10978480 -0.03132177
0.11474338 -0.03184938
0.11979702 -0.03236131
0.12494447 -0.03285729
0.13018445 -0.03333705
0.13551569 -0.03380038
0.14093685 -0.03424709
0.14644661 -0.03467703
0.15204360 -0.03509008
0.15772645 -0.03548612
0.16349374 -0.03586510
0.16934407 -0.03622698
0.17527598 -0.03657175
0.18128801 -0.03689942
0.18737867 -0.03721003
0.19354647 -0.03750364
0.19978989 -0.03778035
0.20610737 -0.03804023
0.21249737 -0.03828342
0.21895831 -0.03851004
0.22548859 -0.03872023
0.23208660 -0.03891414
0.23875072 -0.03909192
0.24547929 -0.03925373
0.25227067 -0.03939972
0.25912316 -0.03953005
0.26603509 -0.03964488
0.27300475 -0.03974433
0.28003042 -0.03982855
0.28711035 -0.03989766
0.29424282 -0.03995176
0.30142605 -0.03999094
0.30865828 -0.04001529
0.31593772 -0.04002485
0.32326258 -0.04001967
0.33063104 -0.03999976
0.33804129 -0.03996511
0.34549150 -0.03991571
0.35297984 -0.03985149
0.36050445 -0.03977240
0.36806348 -0.03967834
0.37565506 -0.03956921
0.38327732 -0.03944487
0.39092838 -0.03930518
0.39860635 -0.03914998
0.40630934 -0.03897910
0.41403545 -0.03879234
0.42178277 -0.03858953
0.42954938 -0.03837044
0.43733338 -0.03813489
0.44513284 -0.03788266
0.45294584 -0.03761357
0.46077045 -0.03732740
0.46860474 -0.03702397
0.47644677 -0.03670312
0.48429462 -0.03636469
0.49214634 -0.03600854
0.50000000 -0.03563457
0.50785366 -0.03524269
0.51570538 -0.03483285
0.52355323 -0.03440504
0.53139526 -0.03395927
0.53922955 -0.03349560
0.54705416 -0.03301414
0.55486716 -0.03251505
0.56266662 -0.03199851
0.57045062 -0.03146479
0.57821723 -0.03091419
0.58596455 -0.03034705
0.59369066 -0.02976381
0.60139365 -0.02916493
0.60907162 -0.02855093
0.61672268 -0.02792240
0.62434494 -0.02727999
0.63193652 -0.02662438
0.63949555 -0.02595635
0.64702016 -0.02527669
0.65450850 -0.02458627
0.66195871 -0.02388600
0.66936896 -0.02317684
0.67673742 -0.02245980
0.68406228 -0.02173594
0.69134172 -0.02100634
0.69857395 -0.02027212
0.70575718 -0.01953445
0.71288965 -0.01879452
0.71996958 -0.01805353
0.72699525 -0.01731270
0.73396491 -0.01657329
0.74087684 -0.01583655
0.74772933 -0.01510372
0.75452071 -0.01437607
0.76124928 -0.01365484
0.76791340 -0.01294128
0.77451141 -0.01223659
0.78104169 -0.01154198
0.78750263 -0.01085862
0.79389263 -0.01018764
0.80021011 -0.00953016
0.80645353 -0.00888722
0.81262133 -0.00825985
0.81871199 -0.00764900
0.82472402 -0.00705558
0.83065593 -0.00648044
0.83650626 -0.00592437
0.84227355 -0.00538809
0.84795640 -0.00487224
0.85355339 -0.00437741
0.85906315 -0.00390410
0.86448431 -0.00345275
0.86981555 -0.00302370
0.87505553 -0.00261722
0.88020298 -0.00223352
0.88525662 -0.00187271
0.89021520 -0.00153482
0.89507751 -0.00121980
0.89984233 -0.00092754
0.90450850 -0.00065783
0.90907486 -0.00041039
0.91354029 -0.00018486
0.91790368 0.00001916
0.92216396 0.00020219
0.92632008 0.00036478
0.93037101 0.00050755
0.93431576 0.00063119
0.93815334 0.00073644
0.94188282 0.00082410
0.94550326 0.00089500
0.94901379 0.00095004
0.95241353 0.00099012
0.95570164 0.00101622
0.95887731 0.00102931
0.96193977 0.00103041
0.96488824 0.00102055
0.96772202 0.00100078
0.97044038 0.00097213
0.97304268 0.00093567
0.97552826 0.00089244
0.97789651 0.00084350
0.98014684 0.00078987
0.98227871 0.00073258
0.98429158 0.00067259
0.98618496 0.00061089
0.98795838 0.00054841
0.98961141 0.00048602
0.99114363 0.00042460
0.99255466 0.00036494
0.99384417 0.00030781
0.99501183 0.00025390
0.99605735 0.00020386
0.99698048 0.00015829
0.99778098 0.00011771
0.99845867 0.00008257
0.99901336 0.00005328
0.99944494 0.00003016
0.99975328 0.00001347
0.99993832 0.00000338
1.00000000 -0.00000000
