sample_1387
1.00000000 -0.00000000
0.99993832 0.00001099
0.99975328 0.00004397
0.99944494 0.00009894
0.99901336 0.00017594
0.99845867 0.00027498
0.99778098 0.00039611
0.99698048 0.00053937
0.99605735 0.00070481
0.99501183 0.00089250
0.99384417 0.00110250
0.99255466 0.00133489
0.99114363 0.00158975
0.98961141 0.00186718
0.98795838 0.00216727
0.98618496 0.00249012
0.98429158 0.00283586
0.98227871 0.00320460
0.98014684 0.00359645
0.97789651 0.00401155
0.97552826 0.00445004
0.97304268 0.00491204
0.97044038 0.00539771
0.96772202 0.00590718
0.96488824 0.00644061
0.96193977 0.00699814
0.95887731 0.00757991
0.95570164 0.00818609
0.95241353 0.00881681
0.94901379 0.00947223
0.94550326 0.01015247
0.94188282 0.01085769
0.93815334 0.01158801
0.93431576 0.01234356
0.93037101 0.01312445
0.92632008 0.01393078
0.92216396 0.01476266
0.91790368 0.01562015
0.91354029 0.01650333
0.90907486 0.01741225
0.90450850 0.01834693
0.89984233 0.01930738
0.89507751 0.02029360
0.89021520 0.02130555
0.88525662 0.02234316
0.88020298 0.02340634
0.87505553 0.02449499
0.86981555 0.02560894
0.86448431 0.02674801
0.85906315 0.02791199
0.85355339 0.02910061
0.84795640 0.03031358
0.84227355 0.03155058
0.83650626 0.03281121
0.83065593 0.03409506
0.82472402 0.03540165
0.81871199 0.03673049
0.81262133 0.03808100
0.80645353 0.03945257
0.80021011 0.04084455
0.79389263 0.04225622
0.78750263 0.04368681
0.78104169 0.04513551
0.77451141 0.04660145
0.76791340 0.04808372
0.76124928 0.04958132
0.75452071 0.05109324
0.74772933 0.05261838
0.74087684 0.05415563
0.73396491 0.05570379
0.72699525 0.05726163
0.71996958 0.05882786
0.71288965 0.06040115
0.70575718 0.06198012
0.69857395 0.06356335
0.69134172 0.06514937
0.68406228 0.06673667
0.67673742 0.06832371
0.66936896 0.06990890
0.66195871 0.07149065
0.65450850 0.07306729
0.64702016 0.07463717
0.63949555 0.07619859
0.63193652 0.07774984
0.62434494 0.07928919
0.61672268 0.08081490
0.60907162 0.08232523
0.60139365 0.08381841
0.59369066 0.08529270
0.58596455 0.08674635
0.57821723 0.08817760
0.57045062 0.08958473
0.56266662 0.09096603
0.55486716 0.09231979
0.54705416 0.09364434
0.53922955 0.09493805
0.53139526 0.09619930
0.52355323 0.09742650
0.51570538 0.09861813
0.50785366 0.09977270
0.50000000 0.10088875
0.49214634 0.10196489
0.48429462 0.10299978
0.47644677 0.10399213
0.46860474 0.10494072
0.46077045 0.10584438
0.45294584 0.10670201
0.44513284 0.10751258
0.43733338 0.10827513
0.42954938 0.10898876
0.42178277 0.10965265
0.41403545 0.11026604
0.40630934 0.11082827
0.39860635 0.11133873
0.39092838 0.11179690
0.38327732 0.11220231
0.37565506 0.11255460
0.36806348 0.11285346
0.36050445 0.11309865
0.35297984 0.11329002
0.34549150 0.11342747
0.33804129 0.11351100
0.33063104 0.11354064
0.32326258 0.11351652
0.31593772 0.11343881
0.30865828 0.11330774
0.30142605 0.11312362
0.29424282 0.11288680
0.28711035 0.11259768
0.28003042 0.11225673
0.27300475 0.11186444
0.26603509 0.11142135
0.25912316 0.11092807
0.25227067 0.11038522
0.24547929 0.10979345
0.23875072 0.10915345
0.23208660 0.10846595
0.22548859 0.10773168
0.21895831 0.10695141
0.21249737 0.10612593
0.20610737 0.10525602
0.19978989 0.10434250
0.19354647 0.10338619
0.18737867 0.10238790
0.18128801 0.10134847
0.17527598 0.10026873
0.16934407 0.09914951
0.16349374 0.09799162
0.15772645 0.09679590
0.15204360 0.09556316
0.14644661 0.09429420
0.14093685 0.09298983
0.13551569 0.09165082
0.13018445 0.09027795
0.12494447 0.08887199
0.11979702 0.08743369
0.11474338 0.08596378
0.10978480 0.08446299
0.10492249 0.08293203
0.10015767 0.08137160
0.09549150 0.07978239
0.09092514 0.07816506
0.08645971 0.07652029
0.08209632 0.07484871
0.07783604 0.07315099
0.07367992 0.07142774
0.06962899 0.06967959
0.06568424 0.06790718
0.06184666 0.06611110
0.05811718 0.06429198
0.05449674 0.06245041
0.05098621 0.06058702
0.04758647 0.05870240
0.04429836 0.05679716
0.04112269 0.05487193
0.03806023 0.05292731
0.03511176 0.05096393
0.03227798 0.04898242
0.02955962 0.04698341
0.02695732 0.04496755
0.02447174 0.04293549
0.02210349 0.04088789
0.01985316 0.03882544
0.01772129 0.03674882
0.01570842 0.03465872
0.01381504 0.03255586
0.01204162 0.03044096
0.01038859 0.02831476
0.00885637 0.02617800
0.00744534 0.02403144
0.00615583 0.02187586
0.00498817 0.01971203
0.00394265 0.01754074
0.00301952 0.01536281
0.00221902 0.01317903
0.00154133 0.01099023
0.00098664 0.00879724
0.00055506 0.00660088
0.00024672 0.00440199
0.00006168 0.00220142
0.00000000 0.00000000
0.00006168 -0.00054201
0.00024672 -0.00108448
0.00055506 -0.00162786
0.00098664 -0.00217259
0.00154133 -0.00271911
0.00221902 -0.00326785
0.00301952 -0.00381923
0.00394265 -0.00437363
0.00498817 -0.00493143
0.00615583 -0.00549300
0.00744534 -0.00605866
0.00885637 -0.00662872
0.01038859 -0.00720346
0.01204162 -0.00778313
0.01381504 -0.00836794
0.01570842 -0.00895808
0.01772129 -0.00955370
0.01985316 -0.01015491
0.02210349 -0.01076181
0.02447174 -0.01137442
0.02695732 -0.01199276
0.02955962 -0.01261680
0.03227798 -0.01324646
0.03511176 -0.01388164
0.03806023 -0.01452220
0.04112269 -0.01516796
0.04429836 -0.01581871
0.04758647 -0.01647418
0.05098621 -0.01713410
0.05449674 -0.01779815
0.05811718 -0.01846597
0.06184666 -0.01913718
0.06568424 -0.01981138
0.06962899 -0.02048812
0.07367992 -0.02116694
0.07783604 -0.02184734
0.08209632 -0.02252881
0.08645971 -0.02321082
0.09092514 -0.02389281
0.09549150 -0.02457422
0.10015767 -0.02525444
0.10492249 -0.02593287
0.10978480 -0.02660891
0.11474338 -0.02728191
0.11979702 -0.02795125
0.12494447 -0.02861628
0.13018445 -0.02927634
0.13551569 -0.02993077
0.14093685 -0.03057893
0.14644661 -0.03122013
0.15204360 -0.03185372
0.15772645 -0.03247902
0.16349374 -0.03309538
0.16934407 -0.03370213
0.17527598 -0.03429860
0.18128801 -0.03488413
0.18737867 -0.03545807
0.19354647 -0.03601976
0.19978989 -0.03656856
0.20610737 -0.03710382
0.21249737 -0.03762491
0.21895831 -0.03813119
0.22548859 -0.03862204
0.23208660 -0.03909683
0.23875072 -0.03955497
0.24547929 -0.03999583
0.25227067 -0.04041882
0.25912316 -0.04082335
0.26603509 -0.04120884
0.27300475 -0.04157472
0.28003042 -0.04192041
0.28711035 -0.04224536
0.29424282 -0.04254903
0.30142605 -0.04283088
0.30865828 -0.04309039
0.31593772 -0.04332704
0.32326258 -0.04354033
0.33063104 -0.04372978
0.33804129 -0.04389493
0.34549150 -0.04403531
0.35297984 -0.04415049
0.36050445 -0.04424005
0.36806348 -0.04430361
0.37565506 -0.04434078
0.38327732 -0.04435122
0.39092838 -0.04433460
0.39860635 -0.04429063
0.40630934 -0.04421904
0.41403545 -0.04411959
0.42178277 -0.04399209
0.42954938 -0.04383636
0.43733338 -0.04365228
0.44513284 -0.04343975
0.45294584 -0.04319873
0.46077045 -0.04292921
0.46860474 -0.04263124
0.47644677 -0.04230489
0.48429462 -0.04195031
0.49214634 -0.04156768
0.50000000 -0.04115724
0.50785366 -0.04071928
0.51570538 -0.04025416
0.52355323 -0.03976226
0.53139526 -0.03924406
0.53922955 -0.03870006
0.54705416 -0.03813085
0.55486716 -0.03753705
0.56266662 -0.03691936
0.57045062 -0.03627853
0.57821723 -0.03561537
0.58596455 -0.03493073
0.59369066 -0.03422554
0.60139365 -0.03350078
0.60907162 -0.03275747
0.61672268 -0.03199670
0.62434494 -0.03121958
0.63193652 -0.03042731
0.63949555 -0.02962110
0.64702016 -0.02880221
0.65450850 -0.02797195
0.66195871 -0.02713165
0.66936896 -0.02628268
0.67673742 -0.02542644
0.68406228 -0.02456435
0.69134172 -0.02369785
0.69857395 -0.02282840
0.70575718 -0.02195746
0.71288965 -0.02108651
0.71996958 -0.02021702
0.72699525 -0.01935048
0.73396491 -0.01848833
0.74087684 -0.01763204
0.74772933 -0.01678305
0.75452071 -0.01594276
0.76124928 -0.01511256
0.76791340 -0.01429380
0.77451141 -0.01348781
0.78104169 -0.01269585
0.78750263 -0.01191917
0.79389263 -0.01115893
0.80021011 -0.01041626
0.80645353 -0.00969224
0.81262133 -0.00898786
0.81871199 -0.00830407
0.82472402 -0.00764174
0.83065593 -0.00700167
0.83650626 -0.00638458
0.84227355 -0.00579112
0.84795640 -0.00522187
0.85355339 -0.00467732
0.85906315 -0.00415786
0.86448431 -0.00366384
0.86981555 -0.00319548
0.87505553 -0.00275294
0.88020298 -0.00233631
0.88525662 -0.00194557
0.89021520 -0.00158062
0.89507751 -0.00124129
0.89984233 -0.00092733
0.90450850 -0.00063840
0.90907486 -0.00037409
0.91354029 -0.00013391
0.91790368 0.00008268
0.92216396 0.00027632
0.92632008 0.00044770
0.93037101 0.00059756
0.93431576 0.00072672
0.93815334 0.00083603
0.94188282 0.00092642
0.94550326 0.00099883
0.94901379 0.00105426
0.95241353 0.00109376
0.95570164 0.00111837
0.95887731 0.00112918
0.96193977 0.00112731
0.96488824 0.00111388
0.96772202 0.00109002
0.97044038 0.00105686
0.97304268 0.00101554
0.97552826 0.00096719
0.97789651 0.00091293
0.98014684 0.00085386
0.98227871 0.00079105
0.98429158 0.00072556
0.98618496 0.00065841
0.98795838 0.00059057
0.98961141 0.00052301
0.99114363 0.00045660
0.99255466 0.00039221
0.99384417 0.00033063
0.99501183 0.00027259
0.99605735 0.00021878
0.99698048 0.00016981
0.99778098 0.00012623
0.99845867 0.00008853
0.99901336 0.00005712
0.99944494 0.00003233
0.99975328 0.00001443
0.99993832 0.00000362
1.00000000 -0.00000000
