sample_1109
1.00000000 -0.00000000
0.99993832 0.00001601
0.99975328 0.00006403
0.99944494 0.00014404
0.99901336 0.00025599
0.99845867 0.00039983
0.99778098 0.00057549
0.99698048 0.00078288
0.99605735 0.00102189
0.99501183 0.00129239
0.99384417 0.00159425
0.99255466 0.00192731
0.99114363 0.00229139
0.98961141 0.00268631
0.98795838 0.00311185
0.98618496 0.00356778
0.98429158 0.00405385
0.98227871 0.00456980
0.98014684 0.00511535
0.97789651 0.00569019
0.97552826 0.00629400
0.97304268 0.00692643
0.97044038 0.00758713
0.96772202 0.00827571
0.96488824 0.00899178
0.96193977 0.00973490
0.95887731 0.01050465
0.95570164 0.01130056
0.95241353 0.01212215
0.94901379 0.01296893
0.94550326 0.01384037
0.94188282 0.01473594
0.93815334 0.01565509
0.93431576 0.01659724
0.93037101 0.01756180
0.92632008 0.01854816
0.92216396 0.01955570
0.91790368 0.02058376
0.91354029 0.02163170
0.90907486 0.02269883
0.90450850 0.02378446
0.89984233 0.02488789
0.89507751 0.02600840
0.89021520 0.02714526
0.88525662 0.02829770
0.88020298 0.02946499
0.87505553 0.03064633
0.86981555 0.03184095
0.86448431 0.03304805
0.85906315 0.03426682
0.85355339 0.03549644
0.84795640 0.03673609
0.84227355 0.03798493
0.83650626 0.03924211
0.83065593 0.04050676
0.82472402 0.04177804
0.81871199 0.04305505
0.81262133 0.04433691
0.80645353 0.04562274
0.80021011 0.04691163
0.79389263 0.04820267
0.78750263 0.04949494
0.78104169 0.05078752
0.77451141 0.05207947
0.76791340 0.05336984
0.76124928 0.05465769
0.75452071 0.05594205
0.74772933 0.05722196
0.74087684 0.05849643
0.73396491 0.05976449
0.72699525 0.06102513
0.71996958 0.06227736
0.71288965 0.06352016
0.70575718 0.06475251
0.69857395 0.06597340
0.69134172 0.06718178
0.68406228 0.06837662
0.67673742 0.06955687
0.66936896 0.07072149
0.66195871 0.07186941
0.65450850 0.07299957
0.64702016 0.07411092
0.63949555 0.07520239
0.63193652 0.07627291
0.62434494 0.07732142
0.61672268 0.07834686
0.60907162 0.07934816
0.60139365 0.08032428
0.59369066 0.08127417
0.58596455 0.08219680
0.57821723 0.08309113
0.57045062 0.08395616
0.56266662 0.08479088
0.55486716 0.08559433
0.54705416 0.08636554
0.53922955 0.08710358
0.53139526 0.08780753
0.52355323 0.08847652
0.51570538 0.08910969
0.50785366 0.08970622
0.50000000 0.09026534
0.49214634 0.09078628
0.48429462 0.09126835
0.47644677 0.09171089
0.46860474 0.09211328
0.46077045 0.09247495
0.45294584 0.09279538
0.44513284 0.09307410
0.43733338 0.09331070
0.42954938 0.09350482
0.42178277 0.09365617
0.41403545 0.09376449
0.40630934 0.09382961
0.39860635 0.09385140
0.39092838 0.09382980
0.38327732 0.09376483
0.37565506 0.09365653
0.36806348 0.09350504
0.36050445 0.09331055
0.35297984 0.09307330
0.34549150 0.09279362
0.33804129 0.09247187
0.33063104 0.09210848
0.32326258 0.09170395
0.31593772 0.09125882
0.30865828 0.09077369
0.30142605 0.09024922
0.29424282 0.08968609
0.28711035 0.08908506
0.28003042 0.08844693
0.27300475 0.08777252
0.26603509 0.08706271
0.25912316 0.08631840
0.25227067 0.08554054
0.24547929 0.08473008
0.23875072 0.08388803
0.23208660 0.08301538
0.22548859 0.08211317
0.21895831 0.08118245
0.21249737 0.08022426
0.20610737 0.07923967
0.19978989 0.07822973
0.19354647 0.07719552
0.18737867 0.07613807
0.18128801 0.07505845
0.17527598 0.07395770
0.16934407 0.07283683
0.16349374 0.07169685
0.15772645 0.07053876
0.15204360 0.06936351
0.14644661 0.06817206
0.14093685 0.06696531
0.13551569 0.06574415
0.13018445 0.06450944
0.12494447 0.06326200
0.11979702 0.06200262
0.11474338 0.06073206
0.10978480 0.05945104
0.10492249 0.05816026
0.10015767 0.05686035
0.09549150 0.05555194
0.09092514 0.05423561
0.08645971 0.05291190
0.08209632 0.05158132
0.07783604 0.05024434
0.07367992 0.04890142
0.06962899 0.04755296
0.06568424 0.04619935
0.06184666 0.04484092
0.05811718 0.04347802
0.05449674 0.04211093
0.05098621 0.04073993
0.04758647 0.03936526
0.04429836 0.03798715
0.04112269 0.03660582
0.03806023 0.03522144
0.03511176 0.03383421
0.03227798 0.03244427
0.02955962 0.03105178
0.02695732 0.02965686
0.02447174 0.02825966
0.02210349 0.02686028
0.01985316 0.02545885
0.01772129 0.02405547
0.01570842 0.02265025
0.01381504 0.02124328
0.01204162 0.01983468
0.01038859 0.01842454
0.00885637 0.01701296
0.00744534 0.01560003
0.00615583 0.01418588
0.00498817 0.01277058
0.00394265 0.01135426
0.00301952 0.00993703
0.00221902 0.00851897
0.00154133 0.00710022
0.00098664 0.00568089
0.00055506 0.00426108
0.00024672 0.00284092
0.00006168 0.00142052
0.00000000 0.00000000
0.00006168 -0.00055941
0.00024672 -0.00111819
0.00055506 -0.00167571
0.00098664 -0.00223137
0.00154133 -0.00278456
0.00221902 -0.00333470
0.00301952 -0.00388125
0.00394265 -0.00442366
0.00498817 -0.00496146
0.00615583 -0.00549417
0.00744534 -0.00602138
0.00885637 -0.00654272
0.01038859 -0.00705786
0.01204162 -0.00756650
0.01381504 -0.00806843
0.01570842 -0.00856346
0.01772129 -0.00905145
0.01985316 -0.00953233
0.02210349 -0.01000607
0.02447174 -0.01047269
0.02695732 -0.01093227
0.02955962 -0.01138492
0.03227798 -0.01183080
0.03511176 -0.01227014
0.03806023 -0.01270316
0.04112269 -0.01313016
0.04429836 -0.01355146
0.04758647 -0.01396740
0.05098621 -0.01437834
0.05449674 -0.01478467
0.05811718 -0.01518680
0.06184666 -0.01558513
0.06568424 -0.01598007
0.06962899 -0.01637202
0.07367992 -0.01676140
0.07783604 -0.01714858
0.08209632 -0.01753392
0.08645971 -0.01791778
0.09092514 -0.01830047
0.09549150 -0.01868224
0.10015767 -0.01906335
0.10492249 -0.01944399
0.10978480 -0.01982428
0.11474338 -0.02020432
0.11979702 -0.02058413
0.12494447 -0.02096370
0.13018445 -0.02134291
0.13551569 -0.02172162
0.14093685 -0.02209960
0.14644661 -0.02247656
0.15204360 -0.02285214
0.15772645 -0.02322590
0.16349374 -0.02359735
0.16934407 -0.02396592
0.17527598 -0.02433099
0.18128801 -0.02469185
0.18737867 -0.02504776
0.19354647 -0.02539790
0.19978989 -0.02574141
0.20610737 -0.02607738
0.21249737 -0.02640484
0.21895831 -0.02672279
0.22548859 -0.02703021
0.23208660 -0.02732602
0.23875072 -0.02760915
0.24547929 -0.02787850
0.25227067 -0.02813295
0.25912316 -0.02837139
0.26603509 -0.02859272
0.27300475 -0.02879583
0.28003042 -0.02897965
0.28711035 -0.02914313
0.29424282 -0.02928523
0.30142605 -0.02940499
0.30865828 -0.02950145
0.31593772 -0.02957373
0.32326258 -0.02962101
0.33063104 -0.02964251
0.33804129 -0.02963755
0.34549150 -0.02960550
0.35297984 -0.02954581
0.36050445 -0.02945803
0.36806348 -0.02934179
0.37565506 -0.02919681
0.38327732 -0.02902288
0.39092838 -0.02881993
0.39860635 -0.02858796
0.40630934 -0.02832706
0.41403545 -0.02803743
0.42178277 -0.02771939
0.42954938 -0.02737332
0.43733338 -0.02699972
0.44513284 -0.02659919
0.45294584 -0.02617240
0.46077045 -0.02572014
0.46860474 -0.02524326
0.47644677 -0.02474272
0.48429462 -0.02421954
0.49214634 -0.02367483
0.50000000 -0.02310977
0.50785366 -0.02252559
0.51570538 -0.02192359
0.52355323 -0.02130514
0.53139526 -0.02067163
0.53922955 -0.02002451
0.54705416 -0.01936526
0.55486716 -0.01869540
0.56266662 -0.01801646
0.57045062 -0.01732998
0.57821723 -0.01663754
0.58596455 -0.01594069
0.59369066 -0.01524100
0.60139365 -0.01454001
0.60907162 -0.01383927
0.61672268 -0.01314028
0.62434494 -0.01244453
0.63193652 -0.01175347
0.63949555 -0.01106852
0.64702016 -0.01039104
0.65450850 -0.00972237
0.66195871 -0.00906376
0.66936896 -0.00841644
0.67673742 -0.00778155
0.68406228 -0.00716019
0.69134172 -0.00655338
0.69857395 -0.00596208
0.70575718 -0.00538716
0.71288965 -0.00482944
0.71996958 -0.00428967
0.72699525 -0.00376849
0.73396491 -0.00326650
0.74087684 -0.00278421
0.74772933 -0.00232206
0.75452071 -0.00188041
0.76124928 -0.00145955
0.76791340 -0.00105969
0.77451141 -0.00068098
0.78104169 -0.00032349
0.78750263 0.00001277
0.79389263 0.00032786
0.80021011 0.00062190
0.80645353 0.00089508
0.81262133 0.00114762
0.81871199 0.00137984
0.82472402 0.00159207
0.83065593 0.00178470
0.83650626 0.00195818
0.84227355 0.00211298
0.84795640 0.00224962
0.85355339 0.00236867
0.85906315 0.00247070
0.86448431 0.00255633
0.86981555 0.00262619
0.87505553 0.00268096
0.88020298 0.00272130
0.88525662 0.00274792
0.89021520 0.00276152
0.89507751 0.00276281
0.89984233 0.00275253
0.90450850 0.00273140
0.90907486 0.00270015
0.91354029 0.00265951
0.91790368 0.00261020
0.92216396 0.00255294
0.92632008 0.00248845
0.93037101 0.00241743
0.93431576 0.00234057
0.93815334 0.00225856
0.94188282 0.00217204
0.94550326 0.00208169
0.94901379 0.00198813
0.95241353 0.00189197
0.95570164 0.00179382
0.95887731 0.00169426
0.96193977 0.00159383
0.96488824 0.00149309
0.96772202 0.00139255
0.97044038 0.00129271
0.97304268 0.00119403
0.97552826 0.00109698
0.97789651 0.00100198
0.98014684 0.00090944
0.98227871 0.00081976
0.98429158 0.00073328
0.98618496 0.00065036
0.98795838 0.00057131
0.98961141 0.00049643
0.99114363 0.00042601
0.99255466 0.00036029
0.99384417 0.00029951
0.99501183 0.00024389
0.99605735 0.00019361
0.99698048 0.00014884
0.99778098 0.00010974
0.99845867 0.00007644
0.99901336 0.00004904
0.99944494 0.00002764
0.99975328 0.00001230
0.99993832 0.00000308
1.00000000 -0.00000000
