sample_935
1.00000000 -0.00000000
0.99993832 0.00001093
0.99975328 0.00004373
0.99944494 0.00009847
0.99901336 0.00017524
0.99845867 0.00027420
0.99778098 0.00039552
0.99698048 0.00053943
0.99605735 0.00070616
0.99501183 0.00089602
0.99384417 0.00110931
0.99255466 0.00134638
0.99114363 0.00160758
0.98961141 0.00189332
0.98795838 0.00220400
0.98618496 0.00254002
0.98429158 0.00290181
0.98227871 0.00328982
0.98014684 0.00370446
0.97789651 0.00414616
0.97552826 0.00461535
0.97304268 0.00511243
0.97044038 0.00563779
0.96772202 0.00619180
0.96488824 0.00677481
0.96193977 0.00738714
0.95887731 0.00802907
0.95570164 0.00870084
0.95241353 0.00940266
0.94901379 0.01013470
0.94550326 0.01089707
0.94188282 0.01168984
0.93815334 0.01251301
0.93431576 0.01336657
0.93037101 0.01425039
0.92632008 0.01516434
0.92216396 0.01610819
0.91790368 0.01708167
0.91354029 0.01808445
0.90907486 0.01911611
0.90450850 0.02017619
0.89984233 0.02126418
0.89507751 0.02237948
0.89021520 0.02352144
0.88525662 0.02468935
0.88020298 0.02588244
0.87505553 0.02709987
0.86981555 0.02834077
0.86448431 0.02960418
0.85906315 0.03088912
0.85355339 0.03219454
0.84795640 0.03351935
0.84227355 0.03486240
0.83650626 0.03622251
0.83065593 0.03759845
0.82472402 0.03898897
0.81871199 0.04039277
0.81262133 0.04180851
0.80645353 0.04323483
0.80021011 0.04467035
0.79389263 0.04611366
0.78750263 0.04756333
0.78104169 0.04901791
0.77451141 0.05047594
0.76791340 0.05193593
0.76124928 0.05339642
0.75452071 0.05485590
0.74772933 0.05631288
0.74087684 0.05776587
0.73396491 0.05921336
0.72699525 0.06065388
0.71996958 0.06208593
0.71288965 0.06350803
0.70575718 0.06491874
0.69857395 0.06631658
0.69134172 0.06770012
0.68406228 0.06906796
0.67673742 0.07041867
0.66936896 0.07175090
0.66195871 0.07306327
0.65450850 0.07435447
0.64702016 0.07562320
0.63949555 0.07686817
0.63193652 0.07808816
0.62434494 0.07928195
0.61672268 0.08044838
0.60907162 0.08158631
0.60139365 0.08269465
0.59369066 0.08377233
0.58596455 0.08481836
0.57821723 0.08583177
0.57045062 0.08681163
0.56266662 0.08775708
0.55486716 0.08866729
0.54705416 0.08954150
0.53922955 0.09037899
0.53139526 0.09117909
0.52355323 0.09194121
0.51570538 0.09266479
0.50785366 0.09334935
0.50000000 0.09399445
0.49214634 0.09459973
0.48429462 0.09516488
0.47644677 0.09568966
0.46860474 0.09617389
0.46077045 0.09661745
0.45294584 0.09702028
0.44513284 0.09738238
0.43733338 0.09770384
0.42954938 0.09798477
0.42178277 0.09822538
0.41403545 0.09842590
0.40630934 0.09858666
0.39860635 0.09870800
0.39092838 0.09879035
0.38327732 0.09883417
0.37565506 0.09883999
0.36806348 0.09880835
0.36050445 0.09873987
0.35297984 0.09863518
0.34549150 0.09849496
0.33804129 0.09831991
0.33063104 0.09811077
0.32326258 0.09786828
0.31593772 0.09759321
0.30865828 0.09728635
0.30142605 0.09694848
0.29424282 0.09658039
0.28711035 0.09618285
0.28003042 0.09575666
0.27300475 0.09530257
0.26603509 0.09482132
0.25912316 0.09431363
0.25227067 0.09378019
0.24547929 0.09322166
0.23875072 0.09263865
0.23208660 0.09203173
0.22548859 0.09140144
0.21895831 0.09074824
0.21249737 0.09007257
0.20610737 0.08937478
0.19978989 0.08865517
0.19354647 0.08791400
0.18737867 0.08715144
0.18128801 0.08636761
0.17527598 0.08556255
0.16934407 0.08473624
0.16349374 0.08388860
0.15772645 0.08301949
0.15204360 0.08212870
0.14644661 0.08121594
0.14093685 0.08028090
0.13551569 0.07932318
0.13018445 0.07834234
0.12494447 0.07733791
0.11979702 0.07630934
0.11474338 0.07525608
0.10978480 0.07417752
0.10492249 0.07307304
0.10015767 0.07194198
0.09549150 0.07078370
0.09092514 0.06959752
0.08645971 0.06838277
0.08209632 0.06713880
0.07783604 0.06586496
0.07367992 0.06456064
0.06962899 0.06322523
0.06568424 0.06185819
0.06184666 0.06045901
0.05811718 0.05902723
0.05449674 0.05756247
0.05098621 0.05606437
0.04758647 0.05453270
0.04429836 0.05296727
0.04112269 0.05136800
0.03806023 0.04973487
0.03511176 0.04806797
0.03227798 0.04636751
0.02955962 0.04463377
0.02695732 0.04286715
0.02447174 0.04106815
0.02210349 0.03923740
0.01985316 0.03737562
0.01772129 0.03548364
0.01570842 0.03356241
0.01381504 0.03161300
0.01204162 0.02963655
0.01038859 0.02763435
0.00885637 0.02560775
0.00744534 0.02355822
0.00615583 0.02148733
0.00498817 0.01939672
0.00394265 0.01728811
0.00301952 0.01516331
0.00221902 0.01302419
0.00154133 0.01087267
0.00098664 0.00871075
0.00055506 0.00654044
0.00024672 0.00436382
0.00006168 0.00218297
0.00000000 0.00000000
0.00006168 -0.00111679
0.00024672 -0.00223162
0.00055506 -0.00334255
0.00098664 -0.00444765
0.00154133 -0.00554500
0.00221902 -0.00663275
0.00301952 -0.00770908
0.00394265 -0.00877221
0.00498817 -0.00982044
0.00615583 -0.01085213
0.00744534 -0.01186571
0.00885637 -0.01285970
0.01038859 -0.01383270
0.01204162 -0.01478343
0.01381504 -0.01571066
0.01570842 -0.01661332
0.01772129 -0.01749039
0.01985316 -0.01834101
0.02210349 -0.01916439
0.02447174 -0.01995989
0.02695732 -0.02072695
0.02955962 -0.02146514
0.03227798 -0.02217416
0.03511176 -0.02285379
0.03806023 -0.02350394
0.04112269 -0.02412463
0.04429836 -0.02471598
0.04758647 -0.02527820
0.05098621 -0.02581162
0.05449674 -0.02631664
0.05811718 -0.02679376
0.06184666 -0.02724356
0.06568424 -0.02766668
0.06962899 -0.02806384
0.07367992 -0.02843583
0.07783604 -0.02878347
0.08209632 -0.02910764
0.08645971 -0.02940926
0.09092514 -0.02968928
0.09549150 -0.02994867
0.10015767 -0.03018841
0.10492249 -0.03040951
0.10978480 -0.03061295
0.11474338 -0.03079973
0.11979702 -0.03097082
0.12494447 -0.03112718
0.13018445 -0.03126973
0.13551569 -0.03139936
0.14093685 -0.03151695
0.14644661 -0.03162328
0.15204360 -0.03171914
0.15772645 -0.03180521
0.16349374 -0.03188217
0.16934407 -0.03195059
0.17527598 -0.03201100
0.18128801 -0.03206386
0.18737867 -0.03210956
0.19354647 -0.03214843
0.19978989 -0.03218072
0.20610737 -0.03220662
0.21249737 -0.03222624
0.21895831 -0.03223963
0.22548859 -0.03224676
0.23208660 -0.03224757
0.23875072 -0.03224190
0.24547929 -0.03222955
0.25227067 -0.03221026
0.25912316 -0.03218373
0.26603509 -0.03214961
0.27300475 -0.03210748
0.28003042 -0.03205692
0.28711035 -0.03199745
0.29424282 -0.03192859
0.30142605 -0.03184981
0.30865828 -0.03176058
0.31593772 -0.03166035
0.32326258 -0.03154857
0.33063104 -0.03142470
0.33804129 -0.03128818
0.34549150 -0.03113849
0.35297984 -0.03097510
0.36050445 -0.03079753
0.36806348 -0.03060530
0.37565506 -0.03039797
0.38327732 -0.03017516
0.39092838 -0.02993649
0.39860635 -0.02968165
0.40630934 -0.02941037
0.41403545 -0.02912244
0.42178277 -0.02881769
0.42954938 -0.02849602
0.43733338 -0.02815738
0.44513284 -0.02780177
0.45294584 -0.02742927
0.46077045 -0.02704003
0.46860474 -0.02663422
0.47644677 -0.02621213
0.48429462 -0.02577406
0.49214634 -0.02532040
0.50000000 -0.02485160
0.50785366 -0.02436816
0.51570538 -0.02387065
0.52355323 -0.02335967
0.53139526 -0.02283591
0.53922955 -0.02230007
0.54705416 -0.02175292
0.55486716 -0.02119528
0.56266662 -0.02062800
0.57045062 -0.02005196
0.57821723 -0.01946807
0.58596455 -0.01887730
0.59369066 -0.01828061
0.60139365 -0.01767900
0.60907162 -0.01707349
0.61672268 -0.01646508
0.62434494 -0.01585482
0.63193652 -0.01524375
0.63949555 -0.01463289
0.64702016 -0.01402329
0.65450850 -0.01341596
0.66195871 -0.01281192
0.66936896 -0.01221216
0.67673742 -0.01161766
0.68406228 -0.01102938
0.69134172 -0.01044825
0.69857395 -0.00987515
0.70575718 -0.00931097
0.71288965 -0.00875653
0.71996958 -0.00821263
0.72699525 -0.00768002
0.73396491 -0.00715941
0.74087684 -0.00665149
0.74772933 -0.00615686
0.75452071 -0.00567612
0.76124928 -0.00520979
0.76791340 -0.00475836
0.77451141 -0.00432226
0.78104169 -0.00390188
0.78750263 -0.00349754
0.79389263 -0.00310955
0.80021011 -0.00273812
0.80645353 -0.00238344
0.81262133 -0.00204566
0.81871199 -0.00172486
0.82472402 -0.00142108
0.83065593 -0.00113431
0.83650626 -0.00086451
0.84227355 -0.00061157
0.84795640 -0.00037535
0.85355339 -0.00015569
0.85906315 0.00004765
0.86448431 0.00023492
0.86981555 0.00040642
0.87505553 0.00056247
0.88020298 0.00070345
0.88525662 0.00082974
0.89021520 0.00094176
0.89507751 0.00103997
0.89984233 0.00112484
0.90450850 0.00119686
0.90907486 0.00125656
0.91354029 0.00130448
0.91790368 0.00134116
0.92216396 0.00136719
0.92632008 0.00138313
0.93037101 0.00138958
0.93431576 0.00138715
0.93815334 0.00137644
0.94188282 0.00135806
0.94550326 0.00133263
0.94901379 0.00130077
0.95241353 0.00126310
0.95570164 0.00122022
0.95887731 0.00117275
0.96193977 0.00112129
0.96488824 0.00106643
0.96772202 0.00100876
0.97044038 0.00094886
0.97304268 0.00088728
0.97552826 0.00082458
0.97789651 0.00076128
0.98014684 0.00069790
0.98227871 0.00063495
0.98429158 0.00057289
0.98618496 0.00051218
0.98795838 0.00045326
0.98961141 0.00039655
0.99114363 0.00034242
0.99255466 0.00029125
0.99384417 0.00024336
0.99501183 0.00019908
0.99605735 0.00015869
0.99698048 0.00012244
0.99778098 0.00009055
0.99845867 0.00006324
0.99901336 0.00004066
0.99944494 0.00002295
0.99975328 0.00001023
0.99993832 0.00000256
1.00000000 -0.00000000
