sample_585
1.00000000 -0.00000000
0.99993832 0.00001780
0.99975328 0.00007117
0.99944494 0.00016010
0.99901336 0.00028452
0.99845867 0.00044436
0.99778098 0.00063952
0.99698048 0.00086988
0.99605735 0.00113531
0.99501183 0.00143565
0.99384417 0.00177071
0.99255466 0.00214029
0.99114363 0.00254417
0.98961141 0.00298210
0.98795838 0.00345383
0.98618496 0.00395907
0.98429158 0.00449751
0.98227871 0.00506883
0.98014684 0.00567268
0.97789651 0.00630871
0.97552826 0.00697653
0.97304268 0.00767574
0.97044038 0.00840591
0.96772202 0.00916660
0.96488824 0.00995734
0.96193977 0.01077767
0.95887731 0.01162706
0.95570164 0.01250501
0.95241353 0.01341096
0.94901379 0.01434435
0.94550326 0.01530460
0.94188282 0.01629110
0.93815334 0.01730321
0.93431576 0.01834030
0.93037101 0.01940169
0.92632008 0.02048667
0.92216396 0.02159454
0.91790368 0.02272456
0.91354029 0.02387596
0.90907486 0.02504795
0.90450850 0.02623973
0.89984233 0.02745046
0.89507751 0.02867928
0.89021520 0.02992532
0.88525662 0.03118766
0.88020298 0.03246539
0.87505553 0.03375755
0.86981555 0.03506317
0.86448431 0.03638126
0.85906315 0.03771081
0.85355339 0.03905078
0.84795640 0.04040012
0.84227355 0.04175775
0.83650626 0.04312260
0.83065593 0.04449355
0.82472402 0.04586950
0.81871199 0.04724931
0.81262133 0.04863184
0.80645353 0.05001595
0.80021011 0.05140048
0.79389263 0.05278427
0.78750263 0.05416616
0.78104169 0.05554499
0.77451141 0.05691959
0.76791340 0.05828882
0.76124928 0.05965152
0.75452071 0.06100655
0.74772933 0.06235279
0.74087684 0.06368913
0.73396491 0.06501446
0.72699525 0.06632772
0.71996958 0.06762784
0.71288965 0.06891380
0.70575718 0.07018459
0.69857395 0.07143922
0.69134172 0.07267676
0.68406228 0.07389629
0.67673742 0.07509692
0.66936896 0.07627780
0.66195871 0.07743813
0.65450850 0.07857712
0.64702016 0.07969404
0.63949555 0.08078820
0.63193652 0.08185892
0.62434494 0.08290560
0.61672268 0.08392764
0.60907162 0.08492450
0.60139365 0.08589568
0.59369066 0.08684071
0.58596455 0.08775915
0.57821723 0.08865061
0.57045062 0.08951473
0.56266662 0.09035116
0.55486716 0.09115961
0.54705416 0.09193980
0.53922955 0.09269148
0.53139526 0.09341442
0.52355323 0.09410843
0.51570538 0.09477330
0.50785366 0.09540886
0.50000000 0.09601496
0.49214634 0.09659145
0.48429462 0.09713818
0.47644677 0.09765501
0.46860474 0.09814181
0.46077045 0.09859844
0.45294584 0.09902476
0.44513284 0.09942062
0.43733338 0.09978588
0.42954938 0.10012036
0.42178277 0.10042390
0.41403545 0.10069631
0.40630934 0.10093739
0.39860635 0.10114692
0.39092838 0.10132467
0.38327732 0.10147039
0.37565506 0.10158382
0.36806348 0.10166468
0.36050445 0.10171266
0.35297984 0.10172746
0.34549150 0.10170874
0.33804129 0.10165617
0.33063104 0.10156939
0.32326258 0.10144805
0.31593772 0.10129177
0.30865828 0.10110017
0.30142605 0.10087289
0.29424282 0.10060954
0.28711035 0.10030975
0.28003042 0.09997316
0.27300475 0.09959941
0.26603509 0.09918816
0.25912316 0.09873908
0.25227067 0.09825188
0.24547929 0.09772627
0.23875072 0.09716201
0.23208660 0.09655888
0.22548859 0.09591668
0.21895831 0.09523529
0.21249737 0.09451461
0.20610737 0.09375456
0.19978989 0.09295516
0.19354647 0.09211643
0.18737867 0.09123849
0.18128801 0.09032148
0.17527598 0.08936561
0.16934407 0.08837115
0.16349374 0.08733843
0.15772645 0.08626783
0.15204360 0.08515981
0.14644661 0.08401488
0.14093685 0.08283361
0.13551569 0.08161663
0.13018445 0.08036462
0.12494447 0.07907834
0.11979702 0.07775857
0.11474338 0.07640617
0.10978480 0.07502205
0.10492249 0.07360714
0.10015767 0.07216244
0.09549150 0.07068898
0.09092514 0.06918781
0.08645971 0.06766003
0.08209632 0.06610676
0.07783604 0.06452914
0.07367992 0.06292833
0.06962899 0.06130549
0.06568424 0.05966180
0.06184666 0.05799843
0.05811718 0.05631656
0.05449674 0.05461736
0.05098621 0.05290197
0.04758647 0.05117152
0.04429836 0.04942713
0.04112269 0.04766988
0.03806023 0.04590083
0.03511176 0.04412098
0.03227798 0.04233132
0.02955962 0.04053279
0.02695732 0.03872628
0.02447174 0.03691263
0.02210349 0.03509264
0.01985316 0.03326705
0.01772129 0.03143657
0.01570842 0.02960183
0.01381504 0.02776343
0.01204162 0.02592189
0.01038859 0.02407770
0.00885637 0.02223130
0.00744534 0.02038307
0.00615583 0.01853335
0.00498817 0.01668243
0.00394265 0.01483055
0.00301952 0.01297793
0.00221902 0.01112475
0.00154133 0.00927114
0.00098664 0.00741722
0.00055506 0.00556308
0.00024672 0.00370879
0.00006168 0.00185442
0.00000000 0.00000000
0.00006168 -0.00089572
0.00024672 -0.00179000
0.00055506 -0.00268142
0.00098664 -0.00356858
0.00154133 -0.00445008
0.00221902 -0.00532459
0.00301952 -0.00619078
0.00394265 -0.00704739
0.00498817 -0.00789323
0.00615583 -0.00872715
0.00744534 -0.00954806
0.00885637 -0.01035498
0.01038859 -0.01114698
0.01204162 -0.01192322
0.01381504 -0.01268294
0.01570842 -0.01342551
0.01772129 -0.01415034
0.01985316 -0.01485697
0.02210349 -0.01554503
0.02447174 -0.01621424
0.02695732 -0.01686443
0.02955962 -0.01749552
0.03227798 -0.01810751
0.03511176 -0.01870053
0.03806023 -0.01927476
0.04112269 -0.01983050
0.04429836 -0.02036810
0.04758647 -0.02088800
0.05098621 -0.02139073
0.05449674 -0.02187686
0.05811718 -0.02234703
0.06184666 -0.02280194
0.06568424 -0.02324232
0.06962899 -0.02366896
0.07367992 -0.02408265
0.07783604 -0.02448425
0.08209632 -0.02487458
0.08645971 -0.02525451
0.09092514 -0.02562490
0.09549150 -0.02598660
0.10015767 -0.02634043
0.10492249 -0.02668720
0.10978480 -0.02702770
0.11474338 -0.02736266
0.11979702 -0.02769278
0.12494447 -0.02801870
0.13018445 -0.02834102
0.13551569 -0.02866027
0.14093685 -0.02897689
0.14644661 -0.02929128
0.15204360 -0.02960376
0.15772645 -0.02991456
0.16349374 -0.03022382
0.16934407 -0.03053162
0.17527598 -0.03083796
0.18128801 -0.03114271
0.18737867 -0.03144571
0.19354647 -0.03174669
0.19978989 -0.03204527
0.20610737 -0.03234105
0.21249737 -0.03263348
0.21895831 -0.03292200
0.22548859 -0.03320592
0.23208660 -0.03348452
0.23875072 -0.03375700
0.24547929 -0.03402250
0.25227067 -0.03428010
0.25912316 -0.03452886
0.26603509 -0.03476776
0.27300475 -0.03499576
0.28003042 -0.03521181
0.28711035 -0.03541480
0.29424282 -0.03560364
0.30142605 -0.03577721
0.30865828 -0.03593440
0.31593772 -0.03607409
0.32326258 -0.03619520
0.33063104 -0.03629664
0.33804129 -0.03637736
0.34549150 -0.03643636
0.35297984 -0.03647265
0.36050445 -0.03648531
0.36806348 -0.03647347
0.37565506 -0.03643629
0.38327732 -0.03637303
0.39092838 -0.03628300
0.39860635 -0.03616559
0.40630934 -0.03602025
0.41403545 -0.03584653
0.42178277 -0.03564406
0.42954938 -0.03541254
0.43733338 -0.03515178
0.44513284 -0.03486166
0.45294584 -0.03454218
0.46077045 -0.03419339
0.46860474 -0.03381547
0.47644677 -0.03340867
0.48429462 -0.03297336
0.49214634 -0.03250995
0.50000000 -0.03201900
0.50785366 -0.03150111
0.51570538 -0.03095699
0.52355323 -0.03038742
0.53139526 -0.02979327
0.53922955 -0.02917548
0.54705416 -0.02853506
0.55486716 -0.02787310
0.56266662 -0.02719075
0.57045062 -0.02648920
0.57821723 -0.02576973
0.58596455 -0.02503366
0.59369066 -0.02428233
0.60139365 -0.02351717
0.60907162 -0.02273959
0.61672268 -0.02195109
0.62434494 -0.02115315
0.63193652 -0.02034729
0.63949555 -0.01953504
0.64702016 -0.01871796
0.65450850 -0.01789759
0.66195871 -0.01707548
0.66936896 -0.01625318
0.67673742 -0.01543224
0.68406228 -0.01461417
0.69134172 -0.01380048
0.69857395 -0.01299265
0.70575718 -0.01219215
0.71288965 -0.01140039
0.71996958 -0.01061878
0.72699525 -0.00984865
0.73396491 -0.00909133
0.74087684 -0.00834806
0.74772933 -0.00762007
0.75452071 -0.00690852
0.76124928 -0.00621451
0.76791340 -0.00553909
0.77451141 -0.00488325
0.78104169 -0.00424791
0.78750263 -0.00363393
0.79389263 -0.00304210
0.80021011 -0.00247315
0.80645353 -0.00192773
0.81262133 -0.00140642
0.81871199 -0.00090973
0.82472402 -0.00043811
0.83065593 0.00000809
0.83650626 0.00042859
0.84227355 0.00082316
0.84795640 0.00119167
0.85355339 0.00153406
0.85906315 0.00185034
0.86448431 0.00214059
0.86981555 0.00240497
0.87505553 0.00264372
0.88020298 0.00285714
0.88525662 0.00304560
0.89021520 0.00320954
0.89507751 0.00334947
0.89984233 0.00346597
0.90450850 0.00355966
0.90907486 0.00363125
0.91354029 0.00368148
0.91790368 0.00371118
0.92216396 0.00372118
0.92632008 0.00371242
0.93037101 0.00368584
0.93431576 0.00364244
0.93815334 0.00358325
0.94188282 0.00350936
0.94550326 0.00342185
0.94901379 0.00332186
0.95241353 0.00321055
0.95570164 0.00308908
0.95887731 0.00295864
0.96193977 0.00282042
0.96488824 0.00267562
0.96772202 0.00252545
0.97044038 0.00237110
0.97304268 0.00221376
0.97552826 0.00205460
0.97789651 0.00189478
0.98014684 0.00173544
0.98227871 0.00157769
0.98429158 0.00142259
0.98618496 0.00127120
0.98795838 0.00112451
0.98961141 0.00098348
0.99114363 0.00084903
0.99255466 0.00072200
0.99384417 0.00060322
0.99501183 0.00049341
0.99605735 0.00039327
0.99698048 0.00030341
0.99778098 0.00022440
0.99845867 0.00015670
0.99901336 0.00010075
0.99944494 0.00005687
0.99975328 0.00002534
0.99993832 0.00000634
1.00000000 -0.00000000
