sample_047
1.00000000 -0.00000000
0.99993832 0.00001129
0.99975328 0.00004521
0.99944494 0.00010182
0.99901336 0.00018129
0.99845867 0.00028382
0.99778098 0.00040965
0.99698048 0.00055911
0.99605735 0.00073254
0.99501183 0.00093036
0.99384417 0.00115302
0.99255466 0.00140101
0.99114363 0.00167485
0.98961141 0.00197511
0.98795838 0.00230236
0.98618496 0.00265720
0.98429158 0.00304027
0.98227871 0.00345219
0.98014684 0.00389360
0.97789651 0.00436513
0.97552826 0.00486741
0.97304268 0.00540107
0.97044038 0.00596669
0.96772202 0.00656486
0.96488824 0.00719611
0.96193977 0.00786097
0.95887731 0.00855991
0.95570164 0.00929334
0.95241353 0.01006165
0.94901379 0.01086516
0.94550326 0.01170414
0.94188282 0.01257877
0.93815334 0.01348920
0.93431576 0.01443549
0.93037101 0.01541763
0.92632008 0.01643555
0.92216396 0.01748907
0.91790368 0.01857796
0.91354029 0.01970191
0.90907486 0.02086051
0.90450850 0.02205328
0.89984233 0.02327967
0.89507751 0.02453903
0.89021520 0.02583065
0.88525662 0.02715372
0.88020298 0.02850737
0.87505553 0.02989064
0.86981555 0.03130253
0.86448431 0.03274193
0.85906315 0.03420769
0.85355339 0.03569859
0.84795640 0.03721334
0.84227355 0.03875061
0.83650626 0.04030902
0.83065593 0.04188711
0.82472402 0.04348342
0.81871199 0.04509641
0.81262133 0.04672453
0.80645353 0.04836619
0.80021011 0.05001977
0.79389263 0.05168364
0.78750263 0.05335612
0.78104169 0.05503556
0.77451141 0.05672026
0.76791340 0.05840853
0.76124928 0.06009869
0.75452071 0.06178904
0.74772933 0.06347788
0.74087684 0.06516355
0.73396491 0.06684437
0.72699525 0.06851869
0.71996958 0.07018487
0.71288965 0.07184128
0.70575718 0.07348633
0.69857395 0.07511844
0.69134172 0.07673606
0.68406228 0.07833767
0.67673742 0.07992178
0.66936896 0.08148691
0.66195871 0.08303164
0.65450850 0.08455455
0.64702016 0.08605429
0.63949555 0.08752950
0.63193652 0.08897888
0.62434494 0.09040117
0.61672268 0.09179511
0.60907162 0.09315952
0.60139365 0.09449321
0.59369066 0.09579506
0.58596455 0.09706395
0.57821723 0.09829882
0.57045062 0.09949863
0.56266662 0.10066239
0.55486716 0.10178911
0.54705416 0.10287787
0.53922955 0.10392777
0.53139526 0.10493792
0.52355323 0.10590750
0.51570538 0.10683570
0.50785366 0.10772175
0.50000000 0.10856492
0.49214634 0.10936449
0.48429462 0.11011981
0.47644677 0.11083023
0.46860474 0.11149517
0.46077045 0.11211404
0.45294584 0.11268633
0.44513284 0.11321154
0.43733338 0.11368922
0.42954938 0.11411895
0.42178277 0.11450036
0.41403545 0.11483310
0.40630934 0.11511688
0.39860635 0.11535144
0.39092838 0.11553657
0.38327732 0.11567210
0.37565506 0.11575788
0.36806348 0.11579384
0.36050445 0.11577994
0.35297984 0.11571618
0.34549150 0.11560260
0.33804129 0.11543930
0.33063104 0.11522642
0.32326258 0.11496414
0.31593772 0.11465268
0.30865828 0.11429233
0.30142605 0.11388340
0.29424282 0.11342626
0.28711035 0.11292130
0.28003042 0.11236899
0.27300475 0.11176981
0.26603509 0.11112429
0.25912316 0.11043300
0.25227067 0.10969656
0.24547929 0.10891561
0.23875072 0.10809083
0.23208660 0.10722293
0.22548859 0.10631267
0.21895831 0.10536081
0.21249737 0.10436815
0.20610737 0.10333554
0.19978989 0.10226380
0.19354647 0.10115383
0.18737867 0.10000649
0.18128801 0.09882271
0.17527598 0.09760339
0.16934407 0.09634947
0.16349374 0.09506189
0.15772645 0.09374159
0.15204360 0.09238951
0.14644661 0.09100662
0.14093685 0.08959385
0.13551569 0.08815217
0.13018445 0.08668250
0.12494447 0.08518579
0.11979702 0.08366297
0.11474338 0.08211495
0.10978480 0.08054264
0.10492249 0.07894693
0.10015767 0.07732871
0.09549150 0.07568884
0.09092514 0.07402816
0.08645971 0.07234750
0.08209632 0.07064767
0.07783604 0.06892947
0.07367992 0.06719366
0.06962899 0.06544100
0.06568424 0.06367222
0.06184666 0.06188803
0.05811718 0.06008912
0.05449674 0.05827616
0.05098621 0.05644980
0.04758647 0.05461068
0.04429836 0.05275939
0.04112269 0.05089655
0.03806023 0.04902271
0.03511176 0.04713844
0.03227798 0.04524428
0.02955962 0.04334074
0.02695732 0.04142835
0.02447174 0.03950758
0.02210349 0.03757893
0.01985316 0.03564286
0.01772129 0.03369982
0.01570842 0.03175025
0.01381504 0.02979460
0.01204162 0.02783328
0.01038859 0.02586670
0.00885637 0.02389528
0.00744534 0.02191940
0.00615583 0.01993948
0.00498817 0.01795588
0.00394265 0.01596899
0.00301952 0.01397920
0.00221902 0.01198686
0.00154133 0.00999235
0.00098664 0.00799604
0.00055506 0.00599829
0.00024672 0.00399946
0.00006168 0.00199991
0.00000000 0.00000000
0.00006168 -0.00120714
0.00024672 -0.00241355
0.00055506 -0.00361849
0.00098664 -0.00482125
0.00154133 -0.00602109
0.00221902 -0.00721727
0.00301952 -0.00840907
0.00394265 -0.00959576
0.00498817 -0.01077660
0.00615583 -0.01195085
0.00744534 -0.01311780
0.00885637 -0.01427670
0.01038859 -0.01542682
0.01204162 -0.01656743
0.01381504 -0.01769779
0.01570842 -0.01881719
0.01772129 -0.01992488
0.01985316 -0.02102014
0.02210349 -0.02210225
0.02447174 -0.02317048
0.02695732 -0.02422412
0.02955962 -0.02526246
0.03227798 -0.02628478
0.03511176 -0.02729040
0.03806023 -0.02827860
0.04112269 -0.02924872
0.04429836 -0.03020007
0.04758647 -0.03113199
0.05098621 -0.03204381
0.05449674 -0.03293491
0.05811718 -0.03380464
0.06184666 -0.03465240
0.06568424 -0.03547757
0.06962899 -0.03627959
0.07367992 -0.03705788
0.07783604 -0.03781189
0.08209632 -0.03854109
0.08645971 -0.03924497
0.09092514 -0.03992306
0.09549150 -0.04057487
0.10015767 -0.04119997
0.10492249 -0.04179794
0.10978480 -0.04236837
0.11474338 -0.04291091
0.11979702 -0.04342521
0.12494447 -0.04391094
0.13018445 -0.04436781
0.13551569 -0.04479555
0.14093685 -0.04519393
0.14644661 -0.04556273
0.15204360 -0.04590176
0.15772645 -0.04621087
0.16349374 -0.04648992
0.16934407 -0.04673880
0.17527598 -0.04695744
0.18128801 -0.04714579
0.18737867 -0.04730382
0.19354647 -0.04743152
0.19978989 -0.04752894
0.20610737 -0.04759610
0.21249737 -0.04763310
0.21895831 -0.04764004
0.22548859 -0.04761703
0.23208660 -0.04756422
0.23875072 -0.04748179
0.24547929 -0.04736993
0.25227067 -0.04722885
0.25912316 -0.04705879
0.26603509 -0.04686002
0.27300475 -0.04663280
0.28003042 -0.04637743
0.28711035 -0.04609425
0.29424282 -0.04578358
0.30142605 -0.04544579
0.30865828 -0.04508125
0.31593772 -0.04469037
0.32326258 -0.04427355
0.33063104 -0.04383124
0.33804129 -0.04336388
0.34549150 -0.04287196
0.35297984 -0.04235597
0.36050445 -0.04181642
0.36806348 -0.04125384
0.37565506 -0.04066879
0.38327732 -0.04006183
0.39092838 -0.03943356
0.39860635 -0.03878459
0.40630934 -0.03811556
0.41403545 -0.03742711
0.42178277 -0.03671993
0.42954938 -0.03599470
0.43733338 -0.03525216
0.44513284 -0.03449304
0.45294584 -0.03371810
0.46077045 -0.03292813
0.46860474 -0.03212394
0.47644677 -0.03130635
0.48429462 -0.03047622
0.49214634 -0.02963443
0.50000000 -0.02878187
0.50785366 -0.02791946
0.51570538 -0.02704813
0.52355323 -0.02616886
0.53139526 -0.02528261
0.53922955 -0.02439038
0.54705416 -0.02349320
0.55486716 -0.02259209
0.56266662 -0.02168811
0.57045062 -0.02078232
0.57821723 -0.01987579
0.58596455 -0.01896962
0.59369066 -0.01806489
0.60139365 -0.01716272
0.60907162 -0.01626422
0.61672268 -0.01537050
0.62434494 -0.01448267
0.63193652 -0.01360186
0.63949555 -0.01272917
0.64702016 -0.01186570
0.65450850 -0.01101256
0.66195871 -0.01017083
0.66936896 -0.00934157
0.67673742 -0.00852585
0.68406228 -0.00772469
0.69134172 -0.00693911
0.69857395 -0.00617009
0.70575718 -0.00541858
0.71288965 -0.00468552
0.71996958 -0.00397179
0.72699525 -0.00327825
0.73396491 -0.00260570
0.74087684 -0.00195493
0.74772933 -0.00132665
0.75452071 -0.00072154
0.76124928 -0.00014024
0.76791340 0.00041669
0.77451141 0.00094871
0.78104169 0.00145537
0.78750263 0.00193626
0.79389263 0.00239102
0.80021011 0.00281938
0.80645353 0.00322111
0.81262133 0.00359604
0.81871199 0.00394408
0.82472402 0.00426519
0.83065593 0.00455941
0.83650626 0.00482684
0.84227355 0.00506764
0.84795640 0.00528202
0.85355339 0.00547030
0.85906315 0.00563281
0.86448431 0.00576998
0.86981555 0.00588228
0.87505553 0.00597025
0.88020298 0.00603450
0.88525662 0.00607566
0.89021520 0.00609446
0.89507751 0.00609164
0.89984233 0.00606803
0.90450850 0.00602446
0.90907486 0.00596185
0.91354029 0.00588114
0.91790368 0.00578330
0.92216396 0.00566936
0.92632008 0.00554036
0.93037101 0.00539739
0.93431576 0.00524153
0.93815334 0.00507392
0.94188282 0.00489569
0.94550326 0.00470801
0.94901379 0.00451204
0.95241353 0.00430895
0.95570164 0.00409993
0.95887731 0.00388615
0.96193977 0.00366877
0.96488824 0.00344897
0.96772202 0.00322790
0.97044038 0.00300669
0.97304268 0.00278647
0.97552826 0.00256832
0.97789651 0.00235332
0.98014684 0.00214251
0.98227871 0.00193690
0.98429158 0.00173745
0.98618496 0.00154511
0.98795838 0.00136076
0.98961141 0.00118526
0.99114363 0.00101940
0.99255466 0.00086394
0.99384417 0.00071958
0.99501183 0.00058697
0.99605735 0.00046669
0.99698048 0.00035928
0.99778098 0.00026522
0.99845867 0.00018493
0.99901336 0.00011874
0.99944494 0.00006696
0.99975328 0.00002982
0.99993832 0.00000746
1.00000000 -0.00000000
