sample_401
1.00000000 -0.00000000
0.99993832 0.00001840
0.99975328 0.00007360
0.99944494 0.00016558
0.99901336 0.00029433
0.99845867 0.00045982
0.99778098 0.00066201
0.99698048 0.00090085
0.99605735 0.00117630
0.99501183 0.00148826
0.99384417 0.00183667
0.99255466 0.00222142
0.99114363 0.00264239
0.98961141 0.00309945
0.98795838 0.00359243
0.98618496 0.00412117
0.98429158 0.00468545
0.98227871 0.00528504
0.98014684 0.00591968
0.97789651 0.00658909
0.97552826 0.00729292
0.97304268 0.00803083
0.97044038 0.00880242
0.96772202 0.00960726
0.96488824 0.01044486
0.96193977 0.01131473
0.95887731 0.01221629
0.95570164 0.01314894
0.95241353 0.01411205
0.94901379 0.01510493
0.94550326 0.01612683
0.94188282 0.01717697
0.93815334 0.01825454
0.93431576 0.01935867
0.93037101 0.02048842
0.92632008 0.02164286
0.92216396 0.02282098
0.91790368 0.02402173
0.91354029 0.02524404
0.90907486 0.02648678
0.90450850 0.02774881
0.89984233 0.02902894
0.89507751 0.03032594
0.89021520 0.03163857
0.88525662 0.03296556
0.88020298 0.03430561
0.87505553 0.03565741
0.86981555 0.03701962
0.86448431 0.03839090
0.85906315 0.03976989
0.85355339 0.04115523
0.84795640 0.04254555
0.84227355 0.04393949
0.83650626 0.04533567
0.83065593 0.04673275
0.82472402 0.04812935
0.81871199 0.04952416
0.81262133 0.05091584
0.80645353 0.05230308
0.80021011 0.05368459
0.79389263 0.05505911
0.78750263 0.05642540
0.78104169 0.05778224
0.77451141 0.05912843
0.76791340 0.06046283
0.76124928 0.06178430
0.75452071 0.06309175
0.74772933 0.06438411
0.74087684 0.06566036
0.73396491 0.06691950
0.72699525 0.06816057
0.71996958 0.06938264
0.71288965 0.07058483
0.70575718 0.07176628
0.69857395 0.07292616
0.69134172 0.07406369
0.68406228 0.07517811
0.67673742 0.07626870
0.66936896 0.07733477
0.66195871 0.07837566
0.65450850 0.07939073
0.64702016 0.08037937
0.63949555 0.08134102
0.63193652 0.08227512
0.62434494 0.08318115
0.61672268 0.08405859
0.60907162 0.08490697
0.60139365 0.08572584
0.59369066 0.08651475
0.58596455 0.08727329
0.57821723 0.08800105
0.57045062 0.08869765
0.56266662 0.08936274
0.55486716 0.08999595
0.54705416 0.09059697
0.53922955 0.09116548
0.53139526 0.09170118
0.52355323 0.09220379
0.51570538 0.09267305
0.50785366 0.09310871
0.50000000 0.09351053
0.49214634 0.09387831
0.48429462 0.09421186
0.47644677 0.09451099
0.46860474 0.09477554
0.46077045 0.09500539
0.45294584 0.09520042
0.44513284 0.09536053
0.43733338 0.09548565
0.42954938 0.09557574
0.42178277 0.09563077
0.41403545 0.09565075
0.40630934 0.09563571
0.39860635 0.09558570
0.39092838 0.09550080
0.38327732 0.09538113
0.37565506 0.09522683
0.36806348 0.09503806
0.36050445 0.09481502
0.35297984 0.09455794
0.34549150 0.09426707
0.33804129 0.09394270
0.33063104 0.09358514
0.32326258 0.09319473
0.31593772 0.09277184
0.30865828 0.09231685
0.30142605 0.09183020
0.29424282 0.09131231
0.28711035 0.09076365
0.28003042 0.09018471
0.27300475 0.08957600
0.26603509 0.08893802
0.25912316 0.08827132
0.25227067 0.08757645
0.24547929 0.08685397
0.23875072 0.08610445
0.23208660 0.08532847
0.22548859 0.08452660
0.21895831 0.08369944
0.21249737 0.08284757
0.20610737 0.08197156
0.19978989 0.08107200
0.19354647 0.08014946
0.18737867 0.07920450
0.18128801 0.07823767
0.17527598 0.07724952
0.16934407 0.07624056
0.16349374 0.07521132
0.15772645 0.07416227
0.15204360 0.07309390
0.14644661 0.07200666
0.14093685 0.07090099
0.13551569 0.06977730
0.13018445 0.06863599
0.12494447 0.06747743
0.11979702 0.06630197
0.11474338 0.06510994
0.10978480 0.06390165
0.10492249 0.06267740
0.10015767 0.06143745
0.09549150 0.06018205
0.09092514 0.05891146
0.08645971 0.05762588
0.08209632 0.05632554
0.07783604 0.05501062
0.07367992 0.05368132
0.06962899 0.05233782
0.06568424 0.05098030
0.06184666 0.04960892
0.05811718 0.04822385
0.05449674 0.04682528
0.05098621 0.04541338
0.04758647 0.04398833
0.04429836 0.04255032
0.04112269 0.04109955
0.03806023 0.03963624
0.03511176 0.03816060
0.03227798 0.03667289
0.02955962 0.03517336
0.02695732 0.03366230
0.02447174 0.03214000
0.02210349 0.03060678
0.01985316 0.02906300
0.01772129 0.02750901
0.01570842 0.02594522
0.01381504 0.02437203
0.01204162 0.02278990
0.01038859 0.02119928
0.00885637 0.01960066
0.00744534 0.01799455
0.00615583 0.01638150
0.00498817 0.01476206
0.00394265 0.01313680
0.00301952 0.01150632
0.00221902 0.00987124
0.00154133 0.00823217
0.00098664 0.00658977
0.00055506 0.00494469
0.00024672 0.00329759
0.00006168 0.00164913
0.00000000 0.00000000
0.00006168 -0.00136348
0.00024672 -0.00272569
0.00055506 -0.00408535
0.00098664 -0.00544119
0.00154133 -0.00679195
0.00221902 -0.00813637
0.00301952 -0.00947322
0.00394265 -0.01080126
0.00498817 -0.01211927
0.00615583 -0.01342605
0.00744534 -0.01472043
0.00885637 -0.01600124
0.01038859 -0.01726734
0.01204162 -0.01851762
0.01381504 -0.01975100
0.01570842 -0.02096642
0.01772129 -0.02216285
0.01985316 -0.02333931
0.02210349 -0.02449482
0.02447174 -0.02562847
0.02695732 -0.02673938
0.02955962 -0.02782670
0.03227798 -0.02888963
0.03511176 -0.02992740
0.03806023 -0.03093931
0.04112269 -0.03192467
0.04429836 -0.03288287
0.04758647 -0.03381333
0.05098621 -0.03471552
0.05449674 -0.03558897
0.05811718 -0.03643323
0.06184666 -0.03724795
0.06568424 -0.03803278
0.06962899 -0.03878744
0.07367992 -0.03951172
0.07783604 -0.04020543
0.08209632 -0.04086845
0.08645971 -0.04150069
0.09092514 -0.04210213
0.09549150 -0.04267278
0.10015767 -0.04321270
0.10492249 -0.04372200
0.10978480 -0.04420083
0.11474338 -0.04464937
0.11979702 -0.04506785
0.12494447 -0.04545653
0.13018445 -0.04581572
0.13551569 -0.04614573
0.14093685 -0.04644693
0.14644661 -0.04671970
0.15204360 -0.04696445
0.15772645 -0.04718160
0.16349374 -0.04737161
0.16934407 -0.04753492
0.17527598 -0.04767201
0.18128801 -0.04778336
0.18737867 -0.04786945
0.19354647 -0.04793077
0.19978989 -0.04796781
0.20610737 -0.04798105
0.21249737 -0.04797096
0.21895831 -0.04793802
0.22548859 -0.04788269
0.23208660 -0.04780539
0.23875072 -0.04770658
0.24547929 -0.04758665
0.25227067 -0.04744600
0.25912316 -0.04728500
0.26603509 -0.04710400
0.27300475 -0.04690334
0.28003042 -0.04668331
0.28711035 -0.04644420
0.29424282 -0.04618626
0.30142605 -0.04590974
0.30865828 -0.04561484
0.31593772 -0.04530175
0.32326258 -0.04497065
0.33063104 -0.04462167
0.33804129 -0.04425496
0.34549150 -0.04387062
0.35297984 -0.04346876
0.36050445 -0.04304947
0.36806348 -0.04261281
0.37565506 -0.04215888
0.38327732 -0.04168773
0.39092838 -0.04119943
0.39860635 -0.04069405
0.40630934 -0.04017167
0.41403545 -0.03963237
0.42178277 -0.03907624
0.42954938 -0.03850340
0.43733338 -0.03791398
0.44513284 -0.03730813
0.45294584 -0.03668603
0.46077045 -0.03604788
0.46860474 -0.03539392
0.47644677 -0.03472443
0.48429462 -0.03403971
0.49214634 -0.03334011
0.50000000 -0.03262603
0.50785366 -0.03189789
0.51570538 -0.03115618
0.52355323 -0.03040143
0.53139526 -0.02963420
0.53922955 -0.02885512
0.54705416 -0.02806487
0.55486716 -0.02726416
0.56266662 -0.02645377
0.57045062 -0.02563451
0.57821723 -0.02480725
0.58596455 -0.02397291
0.59369066 -0.02313245
0.60139365 -0.02228685
0.60907162 -0.02143716
0.61672268 -0.02058447
0.62434494 -0.01972987
0.63193652 -0.01887452
0.63949555 -0.01801958
0.64702016 -0.01716625
0.65450850 -0.01631574
0.66195871 -0.01546927
0.66936896 -0.01462810
0.67673742 -0.01379346
0.68406228 -0.01296661
0.69134172 -0.01214878
0.69857395 -0.01134121
0.70575718 -0.01054513
0.71288965 -0.00976174
0.71996958 -0.00899222
0.72699525 -0.00823773
0.73396491 -0.00749938
0.74087684 -0.00677826
0.74772933 -0.00607541
0.75452071 -0.00539182
0.76124928 -0.00472845
0.76791340 -0.00408617
0.77451141 -0.00346583
0.78104169 -0.00286819
0.78750263 -0.00229395
0.79389263 -0.00174376
0.80021011 -0.00121818
0.80645353 -0.00071771
0.81262133 -0.00024276
0.81871199 0.00020631
0.82472402 0.00062923
0.83065593 0.00102582
0.83650626 0.00139597
0.84227355 0.00173964
0.84795640 0.00205686
0.85355339 0.00234777
0.85906315 0.00261256
0.86448431 0.00285151
0.86981555 0.00306494
0.87505553 0.00325329
0.88020298 0.00341704
0.88525662 0.00355674
0.89021520 0.00367301
0.89507751 0.00376652
0.89984233 0.00383802
0.90450850 0.00388828
0.90907486 0.00391815
0.91354029 0.00392852
0.91790368 0.00392031
0.92216396 0.00389450
0.92632008 0.00385209
0.93037101 0.00379412
0.93431576 0.00372164
0.93815334 0.00363574
0.94188282 0.00353753
0.94550326 0.00342812
0.94901379 0.00330863
0.95241353 0.00318020
0.95570164 0.00304395
0.95887731 0.00290103
0.96193977 0.00275255
0.96488824 0.00259963
0.96772202 0.00244337
0.97044038 0.00228485
0.97304268 0.00212513
0.97552826 0.00196525
0.97789651 0.00180621
0.98014684 0.00164900
0.98227871 0.00149456
0.98429158 0.00134379
0.98618496 0.00119758
0.98795838 0.00105675
0.98961141 0.00092208
0.99114363 0.00079431
0.99255466 0.00067415
0.99384417 0.00056222
0.99501183 0.00045913
0.99605735 0.00036541
0.99698048 0.00028156
0.99778098 0.00020800
0.99845867 0.00014512
0.99901336 0.00009323
0.99944494 0.00005260
0.99975328 0.00002342
0.99993832 0.00000586
1.00000000 -0.00000000
