sample_970
1.00000000 -0.00000000
0.99993832 0.00001096
0.99975328 0.00004386
0.99944494 0.00009871
0.99901336 0.00017555
0.99845867 0.00027442
0.99778098 0.00039540
0.99698048 0.00053856
0.99605735 0.00070398
0.99501183 0.00089177
0.99384417 0.00110203
0.99255466 0.00133490
0.99114363 0.00159050
0.98961141 0.00186898
0.98795838 0.00217048
0.98618496 0.00249516
0.98429158 0.00284319
0.98227871 0.00321473
0.98014684 0.00360996
0.97789651 0.00402905
0.97552826 0.00447218
0.97304268 0.00493952
0.97044038 0.00543125
0.96772202 0.00594754
0.96488824 0.00648857
0.96193977 0.00705449
0.95887731 0.00764546
0.95570164 0.00826163
0.95241353 0.00890315
0.94901379 0.00957014
0.94550326 0.01026271
0.94188282 0.01098098
0.93815334 0.01172502
0.93431576 0.01249492
0.93037101 0.01329072
0.92632008 0.01411246
0.92216396 0.01496015
0.91790368 0.01583379
0.91354029 0.01673335
0.90907486 0.01765876
0.90450850 0.01860995
0.89984233 0.01958681
0.89507751 0.02058920
0.89021520 0.02161696
0.88525662 0.02266989
0.88020298 0.02374776
0.87505553 0.02485031
0.86981555 0.02597725
0.86448431 0.02712825
0.85906315 0.02830294
0.85355339 0.02950092
0.84795640 0.03072175
0.84227355 0.03196495
0.83650626 0.03323002
0.83065593 0.03451639
0.82472402 0.03582346
0.81871199 0.03715060
0.81262133 0.03849712
0.80645353 0.03986232
0.80021011 0.04124542
0.79389263 0.04264561
0.78750263 0.04406205
0.78104169 0.04549385
0.77451141 0.04694007
0.76791340 0.04839974
0.76124928 0.04987182
0.75452071 0.05135526
0.74772933 0.05284895
0.74087684 0.05435174
0.73396491 0.05586244
0.72699525 0.05737983
0.71996958 0.05890262
0.71288965 0.06042952
0.70575718 0.06195917
0.69857395 0.06349019
0.69134172 0.06502117
0.68406228 0.06655064
0.67673742 0.06807713
0.66936896 0.06959912
0.66195871 0.07111506
0.65450850 0.07262339
0.64702016 0.07412252
0.63949555 0.07561083
0.63193652 0.07708668
0.62434494 0.07854843
0.61672268 0.07999440
0.60907162 0.08142293
0.60139365 0.08283234
0.59369066 0.08422093
0.58596455 0.08558701
0.57821723 0.08692891
0.57045062 0.08824493
0.56266662 0.08953341
0.55486716 0.09079269
0.54705416 0.09202112
0.53922955 0.09321708
0.53139526 0.09437898
0.52355323 0.09550523
0.51570538 0.09659430
0.50785366 0.09764468
0.50000000 0.09865491
0.49214634 0.09962356
0.48429462 0.10054925
0.47644677 0.10143065
0.46860474 0.10226649
0.46077045 0.10305554
0.45294584 0.10379664
0.44513284 0.10448869
0.43733338 0.10513067
0.42954938 0.10572160
0.42178277 0.10626060
0.41403545 0.10674684
0.40630934 0.10717957
0.39860635 0.10755812
0.39092838 0.10788191
0.38327732 0.10815043
0.37565506 0.10836325
0.36806348 0.10852003
0.36050445 0.10862050
0.35297984 0.10866449
0.34549150 0.10865190
0.33804129 0.10858272
0.33063104 0.10845703
0.32326258 0.10827499
0.31593772 0.10803683
0.30865828 0.10774288
0.30142605 0.10739354
0.29424282 0.10698927
0.28711035 0.10653065
0.28003042 0.10601829
0.27300475 0.10545289
0.26603509 0.10483522
0.25912316 0.10416612
0.25227067 0.10344648
0.24547929 0.10267726
0.23875072 0.10185946
0.23208660 0.10099416
0.22548859 0.10008246
0.21895831 0.09912554
0.21249737 0.09812458
0.20610737 0.09708083
0.19978989 0.09599556
0.19354647 0.09487008
0.18737867 0.09370570
0.18128801 0.09250378
0.17527598 0.09126569
0.16934407 0.08999279
0.16349374 0.08868649
0.15772645 0.08734817
0.15204360 0.08597924
0.14644661 0.08458107
0.14093685 0.08315506
0.13551569 0.08170259
0.13018445 0.08022502
0.12494447 0.07872369
0.11979702 0.07719993
0.11474338 0.07565506
0.10978480 0.07409034
0.10492249 0.07250702
0.10015767 0.07090634
0.09549150 0.06928948
0.09092514 0.06765759
0.08645971 0.06601179
0.08209632 0.06435316
0.07783604 0.06268273
0.07367992 0.06100150
0.06962899 0.05931044
0.06568424 0.05761045
0.06184666 0.05590239
0.05811718 0.05418711
0.05449674 0.05246536
0.05098621 0.05073790
0.04758647 0.04900540
0.04429836 0.04726852
0.04112269 0.04552786
0.03806023 0.04378396
0.03511176 0.04203736
0.03227798 0.04028852
0.02955962 0.03853786
0.02695732 0.03678579
0.02447174 0.03503265
0.02210349 0.03327875
0.01985316 0.03152437
0.01772129 0.02976976
0.01570842 0.02801511
0.01381504 0.02626060
0.01204162 0.02450638
0.01038859 0.02275256
0.00885637 0.02099923
0.00744534 0.01924644
0.00615583 0.01749425
0.00498817 0.01574266
0.00394265 0.01399167
0.00301952 0.01224126
0.00221902 0.01049140
0.00154133 0.00874202
0.00098664 0.00699308
0.00055506 0.00524449
0.00024672 0.00349617
0.00006168 0.00174804
0.00000000 0.00000000
0.00006168 -0.00075055
0.00024672 -0.00150165
0.00055506 -0.00225385
0.00098664 -0.00300769
0.00154133 -0.00376367
0.00221902 -0.00452229
0.00301952 -0.00528401
0.00394265 -0.00604925
0.00498817 -0.00681839
0.00615583 -0.00759177
0.00744534 -0.00836966
0.00885637 -0.00915229
0.01038859 -0.00993983
0.01204162 -0.01073237
0.01381504 -0.01152995
0.01570842 -0.01233254
0.01772129 -0.01314002
0.01985316 -0.01395222
0.02210349 -0.01476887
0.02447174 -0.01558963
0.02695732 -0.01641411
0.02955962 -0.01724181
0.03227798 -0.01807218
0.03511176 -0.01890458
0.03806023 -0.01973830
0.04112269 -0.02057257
0.04429836 -0.02140655
0.04758647 -0.02223933
0.05098621 -0.02306996
0.05449674 -0.02389741
0.05811718 -0.02472062
0.06184666 -0.02553846
0.06568424 -0.02634980
0.06962899 -0.02715342
0.07367992 -0.02794812
0.07783604 -0.02873265
0.08209632 -0.02950576
0.08645971 -0.03026616
0.09092514 -0.03101257
0.09549150 -0.03174373
0.10015767 -0.03245837
0.10492249 -0.03315522
0.10978480 -0.03383305
0.11474338 -0.03449064
0.11979702 -0.03512682
0.12494447 -0.03574045
0.13018445 -0.03633042
0.13551569 -0.03689568
0.14093685 -0.03743522
0.14644661 -0.03794811
0.15204360 -0.03843345
0.15772645 -0.03889043
0.16349374 -0.03931829
0.16934407 -0.03971635
0.17527598 -0.04008400
0.18128801 -0.04042071
0.18737867 -0.04072602
0.19354647 -0.04099955
0.19978989 -0.04124100
0.20610737 -0.04145016
0.21249737 -0.04162687
0.21895831 -0.04177107
0.22548859 -0.04188279
0.23208660 -0.04196210
0.23875072 -0.04200917
0.24547929 -0.04202424
0.25227067 -0.04200762
0.25912316 -0.04195967
0.26603509 -0.04188083
0.27300475 -0.04177160
0.28003042 -0.04163254
0.28711035 -0.04146424
0.29424282 -0.04126737
0.30142605 -0.04104263
0.30865828 -0.04079076
0.31593772 -0.04051254
0.32326258 -0.04020877
0.33063104 -0.03988031
0.33804129 -0.03952800
0.34549150 -0.03915274
0.35297984 -0.03875542
0.36050445 -0.03833695
0.36806348 -0.03789825
0.37565506 -0.03744022
0.38327732 -0.03696381
0.39092838 -0.03646991
0.39860635 -0.03595943
0.40630934 -0.03543329
0.41403545 -0.03489236
0.42178277 -0.03433751
0.42954938 -0.03376960
0.43733338 -0.03318948
0.44513284 -0.03259795
0.45294584 -0.03199581
0.46077045 -0.03138383
0.46860474 -0.03076276
0.47644677 -0.03013334
0.48429462 -0.02949625
0.49214634 -0.02885219
0.50000000 -0.02820181
0.50785366 -0.02754574
0.51570538 -0.02688459
0.52355323 -0.02621896
0.53139526 -0.02554942
0.53922955 -0.02487653
0.54705416 -0.02420082
0.55486716 -0.02352281
0.56266662 -0.02284302
0.57045062 -0.02216195
0.57821723 -0.02148010
0.58596455 -0.02079793
0.59369066 -0.02011594
0.60139365 -0.01943459
0.60907162 -0.01875436
0.61672268 -0.01807573
0.62434494 -0.01739916
0.63193652 -0.01672514
0.63949555 -0.01605415
0.64702016 -0.01538668
0.65450850 -0.01472322
0.66195871 -0.01406428
0.66936896 -0.01341037
0.67673742 -0.01276202
0.68406228 -0.01211975
0.69134172 -0.01148409
0.69857395 -0.01085562
0.70575718 -0.01023487
0.71288965 -0.00962241
0.71996958 -0.00901883
0.72699525 -0.00842469
0.73396491 -0.00784058
0.74087684 -0.00726709
0.74772933 -0.00670481
0.75452071 -0.00615432
0.76124928 -0.00561620
0.76791340 -0.00509104
0.77451141 -0.00457940
0.78104169 -0.00408185
0.78750263 -0.00359894
0.79389263 -0.00313119
0.80021011 -0.00267912
0.80645353 -0.00224321
0.81262133 -0.00182394
0.81871199 -0.00142175
0.82472402 -0.00103703
0.83065593 -0.00067017
0.83650626 -0.00032151
0.84227355 0.00000867
0.84795640 0.00032010
0.85355339 0.00061257
0.85906315 0.00088591
0.86448431 0.00114001
0.86981555 0.00137480
0.87505553 0.00159027
0.88020298 0.00178645
0.88525662 0.00196344
0.89021520 0.00212138
0.89507751 0.00226049
0.89984233 0.00238103
0.90450850 0.00248331
0.90907486 0.00256771
0.91354029 0.00263467
0.91790368 0.00268467
0.92216396 0.00271825
0.92632008 0.00273600
0.93037101 0.00273857
0.93431576 0.00272664
0.93815334 0.00270096
0.94188282 0.00266231
0.94550326 0.00261149
0.94901379 0.00254938
0.95241353 0.00247685
0.95570164 0.00239482
0.95887731 0.00230425
0.96193977 0.00220609
0.96488824 0.00210132
0.96772202 0.00199094
0.97044038 0.00187595
0.97304268 0.00175735
0.97552826 0.00163615
0.97789651 0.00151334
0.98014684 0.00138992
0.98227871 0.00126684
0.98429158 0.00114505
0.98618496 0.00102549
0.98795838 0.00090904
0.98961141 0.00079656
0.99114363 0.00068887
0.99255466 0.00058675
0.99384417 0.00049093
0.99501183 0.00040209
0.99605735 0.00032086
0.99698048 0.00024780
0.99778098 0.00018343
0.99845867 0.00012819
0.99901336 0.00008247
0.99944494 0.00004657
0.99975328 0.00002076
0.99993832 0.00000520
1.00000000 -0.00000000
