sample_856
1.00000000 -0.00000000
0.99993832 0.00001590
0.99975328 0.00006361
0.99944494 0.00014314
0.99901336 0.00025451
0.99845867 0.00039776
0.99778098 0.00057293
0.99698048 0.00078007
0.99605735 0.00101924
0.99501183 0.00129050
0.99384417 0.00159392
0.99255466 0.00192958
0.99114363 0.00229756
0.98961141 0.00269794
0.98795838 0.00313079
0.98618496 0.00359622
0.98429158 0.00409429
0.98227871 0.00462509
0.98014684 0.00518869
0.97789651 0.00578517
0.97552826 0.00641458
0.97304268 0.00707697
0.97044038 0.00777238
0.96772202 0.00850085
0.96488824 0.00926238
0.96193977 0.01005696
0.95887731 0.01088457
0.95570164 0.01174516
0.95241353 0.01263867
0.94901379 0.01356499
0.94550326 0.01452400
0.94188282 0.01551555
0.93815334 0.01653945
0.93431576 0.01759549
0.93037101 0.01868341
0.92632008 0.01980293
0.92216396 0.02095371
0.91790368 0.02213539
0.91354029 0.02334756
0.90907486 0.02458975
0.90450850 0.02586148
0.89984233 0.02716220
0.89507751 0.02849131
0.89021520 0.02984818
0.88525662 0.03123211
0.88020298 0.03264236
0.87505553 0.03407815
0.86981555 0.03553863
0.86448431 0.03702291
0.85906315 0.03853005
0.85355339 0.04005905
0.84795640 0.04160886
0.84227355 0.04317839
0.83650626 0.04476649
0.83065593 0.04637197
0.82472402 0.04799357
0.81871199 0.04963000
0.81262133 0.05127993
0.80645353 0.05294197
0.80021011 0.05461470
0.79389263 0.05629664
0.78750263 0.05798629
0.78104169 0.05968210
0.77451141 0.06138249
0.76791340 0.06308585
0.76124928 0.06479053
0.75452071 0.06649487
0.74772933 0.06819715
0.74087684 0.06989567
0.73396491 0.07158868
0.72699525 0.07327442
0.71996958 0.07495113
0.71288965 0.07661704
0.70575718 0.07827034
0.69857395 0.07990925
0.69134172 0.08153198
0.68406228 0.08313673
0.67673742 0.08472173
0.66936896 0.08628520
0.66195871 0.08782538
0.65450850 0.08934052
0.64702016 0.09082889
0.63949555 0.09228878
0.63193652 0.09371852
0.62434494 0.09511645
0.61672268 0.09648094
0.60907162 0.09781041
0.60139365 0.09910329
0.59369066 0.10035809
0.58596455 0.10157331
0.57821723 0.10274754
0.57045062 0.10387939
0.56266662 0.10496753
0.55486716 0.10601066
0.54705416 0.10700757
0.53922955 0.10795707
0.53139526 0.10885804
0.52355323 0.10970942
0.51570538 0.11051020
0.50785366 0.11125945
0.50000000 0.11195628
0.49214634 0.11259988
0.48429462 0.11318948
0.47644677 0.11372441
0.46860474 0.11420404
0.46077045 0.11462782
0.45294584 0.11499525
0.44513284 0.11530591
0.43733338 0.11555946
0.42954938 0.11575560
0.42178277 0.11589412
0.41403545 0.11597488
0.40630934 0.11599778
0.39860635 0.11596283
0.39092838 0.11587008
0.38327732 0.11571966
0.37565506 0.11551175
0.36806348 0.11524662
0.36050445 0.11492459
0.35297984 0.11454607
0.34549150 0.11411150
0.33804129 0.11362141
0.33063104 0.11307639
0.32326258 0.11247710
0.31593772 0.11182423
0.30865828 0.11111857
0.30142605 0.11036096
0.29424282 0.10955228
0.28711035 0.10869348
0.28003042 0.10778557
0.27300475 0.10682961
0.26603509 0.10582672
0.25912316 0.10477805
0.25227067 0.10368483
0.24547929 0.10254831
0.23875072 0.10136980
0.23208660 0.10015065
0.22548859 0.09889225
0.21895831 0.09759602
0.21249737 0.09626344
0.20610737 0.09489599
0.19978989 0.09349521
0.19354647 0.09206266
0.18737867 0.09059990
0.18128801 0.08910855
0.17527598 0.08759022
0.16934407 0.08604655
0.16349374 0.08447918
0.15772645 0.08288976
0.15204360 0.08127996
0.14644661 0.07965143
0.14093685 0.07800582
0.13551569 0.07634479
0.13018445 0.07466997
0.12494447 0.07298297
0.11979702 0.07128541
0.11474338 0.06957886
0.10978480 0.06786487
0.10492249 0.06614496
0.10015767 0.06442062
0.09549150 0.06269330
0.09092514 0.06096440
0.08645971 0.05923527
0.08209632 0.05750722
0.07783604 0.05578151
0.07367992 0.05405934
0.06962899 0.05234184
0.06568424 0.05063008
0.06184666 0.04892506
0.05811718 0.04722774
0.05449674 0.04553897
0.05098621 0.04385954
0.04758647 0.04219018
0.04429836 0.04053151
0.04112269 0.03888411
0.03806023 0.03724846
0.03511176 0.03562494
0.03227798 0.03401389
0.02955962 0.03241555
0.02695732 0.03083005
0.02447174 0.02925749
0.02210349 0.02769787
0.01985316 0.02615108
0.01772129 0.02461698
0.01570842 0.02309533
0.01381504 0.02158582
0.01204162 0.02008806
0.01038859 0.01860161
0.00885637 0.01712596
0.00744534 0.01566052
0.00615583 0.01420466
0.00498817 0.01275770
0.00394265 0.01131889
0.00301952 0.00988744
0.00221902 0.00846253
0.00154133 0.00704329
0.00098664 0.00562883
0.00055506 0.00421822
0.00024672 0.00281052
0.00006168 0.00140477
0.00000000 0.00000000
0.00006168 -0.00120496
0.00024672 -0.00240883
0.00055506 -0.00361051
0.00098664 -0.00480892
0.00154133 -0.00600296
0.00221902 -0.00719156
0.00301952 -0.00837362
0.00394265 -0.00954806
0.00498817 -0.01071380
0.00615583 -0.01186977
0.00744534 -0.01301490
0.00885637 -0.01414813
0.01038859 -0.01526841
0.01204162 -0.01637469
0.01381504 -0.01746594
0.01570842 -0.01854115
0.01772129 -0.01959930
0.01985316 -0.02063942
0.02210349 -0.02166054
0.02447174 -0.02266171
0.02695732 -0.02364201
0.02955962 -0.02460056
0.03227798 -0.02553648
0.03511176 -0.02644895
0.03806023 -0.02733717
0.04112269 -0.02820039
0.04429836 -0.02903788
0.04758647 -0.02984898
0.05098621 -0.03063306
0.05449674 -0.03138955
0.05811718 -0.03211790
0.06184666 -0.03281767
0.06568424 -0.03348841
0.06962899 -0.03412978
0.07367992 -0.03474148
0.07783604 -0.03532326
0.08209632 -0.03587495
0.08645971 -0.03639642
0.09092514 -0.03688763
0.09549150 -0.03734857
0.10015767 -0.03777934
0.10492249 -0.03818004
0.10978480 -0.03855088
0.11474338 -0.03889211
0.11979702 -0.03920403
0.12494447 -0.03948702
0.13018445 -0.03974147
0.13551569 -0.03996787
0.14093685 -0.04016672
0.14644661 -0.04033858
0.15204360 -0.04048403
0.15772645 -0.04060370
0.16349374 -0.04069825
0.16934407 -0.04076835
0.17527598 -0.04081471
0.18128801 -0.04083804
0.18737867 -0.04083907
0.19354647 -0.04081852
0.19978989 -0.04077712
0.20610737 -0.04071560
0.21249737 -0.04063467
0.21895831 -0.04053501
0.22548859 -0.04041731
0.23208660 -0.04028221
0.23875072 -0.04013032
0.24547929 -0.03996224
0.25227067 -0.03977850
0.25912316 -0.03957960
0.26603509 -0.03936601
0.27300475 -0.03913813
0.28003042 -0.03889633
0.28711035 -0.03864090
0.29424282 -0.03837212
0.30142605 -0.03809017
0.30865828 -0.03779521
0.31593772 -0.03748733
0.32326258 -0.03716658
0.33063104 -0.03683295
0.33804129 -0.03648638
0.34549150 -0.03612678
0.35297984 -0.03575401
0.36050445 -0.03536786
0.36806348 -0.03496814
0.37565506 -0.03455459
0.38327732 -0.03412694
0.39092838 -0.03368489
0.39860635 -0.03322813
0.40630934 -0.03275635
0.41403545 -0.03226923
0.42178277 -0.03176645
0.42954938 -0.03124770
0.43733338 -0.03071269
0.44513284 -0.03016117
0.45294584 -0.02959288
0.46077045 -0.02900763
0.46860474 -0.02840527
0.47644677 -0.02778568
0.48429462 -0.02714880
0.49214634 -0.02649464
0.50000000 -0.02582328
0.50785366 -0.02513484
0.51570538 -0.02442954
0.52355323 -0.02370768
0.53139526 -0.02296961
0.53922955 -0.02221580
0.54705416 -0.02144678
0.55486716 -0.02066318
0.56266662 -0.01986572
0.57045062 -0.01905519
0.57821723 -0.01823249
0.58596455 -0.01739858
0.59369066 -0.01655453
0.60139365 -0.01570148
0.60907162 -0.01484064
0.61672268 -0.01397332
0.62434494 -0.01310086
0.63193652 -0.01222471
0.63949555 -0.01134635
0.64702016 -0.01046733
0.65450850 -0.00958922
0.66195871 -0.00871366
0.66936896 -0.00784232
0.67673742 -0.00697688
0.68406228 -0.00611904
0.69134172 -0.00527052
0.69857395 -0.00443304
0.70575718 -0.00360830
0.71288965 -0.00279799
0.71996958 -0.00200379
0.72699525 -0.00122732
0.73396491 -0.00047018
0.74087684 0.00026608
0.74772933 0.00097998
0.75452071 0.00167009
0.76124928 0.00233506
0.76791340 0.00297361
0.77451141 0.00358455
0.78104169 0.00416678
0.78750263 0.00471930
0.79389263 0.00524119
0.80021011 0.00573167
0.80645353 0.00619002
0.81262133 0.00661569
0.81871199 0.00700819
0.82472402 0.00736717
0.83065593 0.00769240
0.83650626 0.00798377
0.84227355 0.00824126
0.84795640 0.00846500
0.85355339 0.00865522
0.85906315 0.00881225
0.86448431 0.00893656
0.86981555 0.00902871
0.87505553 0.00908936
0.88020298 0.00911928
0.88525662 0.00911933
0.89021520 0.00909048
0.89507751 0.00903376
0.89984233 0.00895029
0.90450850 0.00884127
0.90907486 0.00870797
0.91354029 0.00855172
0.91790368 0.00837390
0.92216396 0.00817595
0.92632008 0.00795935
0.93037101 0.00772561
0.93431576 0.00747629
0.93815334 0.00721295
0.94188282 0.00693718
0.94550326 0.00665058
0.94901379 0.00635477
0.95241353 0.00605134
0.95570164 0.00574189
0.95887731 0.00542801
0.96193977 0.00511126
0.96488824 0.00479320
0.96772202 0.00447533
0.97044038 0.00415914
0.97304268 0.00384609
0.97552826 0.00353757
0.97789651 0.00323496
0.98014684 0.00293956
0.98227871 0.00265264
0.98429158 0.00237541
0.98618496 0.00210902
0.98795838 0.00185457
0.98961141 0.00161308
0.99114363 0.00138551
0.99255466 0.00117278
0.99384417 0.00097572
0.99501183 0.00079509
0.99605735 0.00063158
0.99698048 0.00048583
0.99778098 0.00035839
0.99845867 0.00024974
0.99901336 0.00016028
0.99944494 0.00009035
0.99975328 0.00004022
0.99993832 0.00001006
1.00000000 -0.00000000
