sample_543
1.00000000 -0.00000000
0.99993832 0.00001844
0.99975328 0.00007372
0.99944494 0.00016577
0.99901336 0.00029446
0.99845867 0.00045960
0.99778098 0.00066096
0.99698048 0.00089826
0.99605735 0.00117117
0.99501183 0.00147932
0.99384417 0.00182229
0.99255466 0.00219961
0.99114363 0.00261081
0.98961141 0.00305535
0.98795838 0.00353267
0.98618496 0.00404219
0.98429158 0.00458329
0.98227871 0.00515536
0.98014684 0.00575772
0.97789651 0.00638974
0.97552826 0.00705073
0.97304268 0.00774002
0.97044038 0.00845693
0.96772202 0.00920078
0.96488824 0.00997090
0.96193977 0.01076661
0.95887731 0.01158727
0.95570164 0.01243222
0.95241353 0.01330084
0.94901379 0.01419251
0.94550326 0.01510665
0.94188282 0.01604268
0.93815334 0.01700005
0.93431576 0.01797824
0.93037101 0.01897674
0.92632008 0.01999507
0.92216396 0.02103279
0.91790368 0.02208946
0.91354029 0.02316468
0.90907486 0.02425804
0.90450850 0.02536920
0.89984233 0.02649780
0.89507751 0.02764350
0.89021520 0.02880598
0.88525662 0.02998495
0.88020298 0.03118008
0.87505553 0.03239108
0.86981555 0.03361766
0.86448431 0.03485951
0.85906315 0.03611632
0.85355339 0.03738778
0.84795640 0.03867354
0.84227355 0.03997325
0.83650626 0.04128653
0.83065593 0.04261297
0.82472402 0.04395213
0.81871199 0.04530354
0.81262133 0.04666669
0.80645353 0.04804100
0.80021011 0.04942588
0.79389263 0.05082066
0.78750263 0.05222464
0.78104169 0.05363705
0.77451141 0.05505705
0.76791340 0.05648377
0.76124928 0.05791624
0.75452071 0.05935346
0.74772933 0.06079435
0.74087684 0.06223775
0.73396491 0.06368245
0.72699525 0.06512718
0.71996958 0.06657060
0.71288965 0.06801131
0.70575718 0.06944783
0.69857395 0.07087864
0.69134172 0.07230216
0.68406228 0.07371676
0.67673742 0.07512077
0.66936896 0.07651244
0.66195871 0.07789001
0.65450850 0.07925168
0.64702016 0.08059562
0.63949555 0.08191996
0.63193652 0.08322284
0.62434494 0.08450235
0.61672268 0.08575661
0.60907162 0.08698371
0.60139365 0.08818178
0.59369066 0.08934893
0.58596455 0.09048331
0.57821723 0.09158309
0.57045062 0.09264648
0.56266662 0.09367174
0.55486716 0.09465716
0.54705416 0.09560109
0.53922955 0.09650196
0.53139526 0.09735825
0.52355323 0.09816852
0.51570538 0.09893140
0.50785366 0.09964563
0.50000000 0.10031001
0.49214634 0.10092346
0.48429462 0.10148500
0.47644677 0.10199373
0.46860474 0.10244888
0.46077045 0.10284978
0.45294584 0.10319587
0.44513284 0.10348672
0.43733338 0.10372199
0.42954938 0.10390148
0.42178277 0.10402509
0.41403545 0.10409285
0.40630934 0.10410489
0.39860635 0.10406146
0.39092838 0.10396292
0.38327732 0.10380975
0.37565506 0.10360253
0.36806348 0.10334193
0.36050445 0.10302873
0.35297984 0.10266381
0.34549150 0.10224813
0.33804129 0.10178274
0.33063104 0.10126876
0.32326258 0.10070739
0.31593772 0.10009990
0.30865828 0.09944761
0.30142605 0.09875190
0.29424282 0.09801420
0.28711035 0.09723597
0.28003042 0.09641871
0.27300475 0.09556396
0.26603509 0.09467325
0.25912316 0.09374815
0.25227067 0.09279020
0.24547929 0.09180099
0.23875072 0.09078206
0.23208660 0.08973496
0.22548859 0.08866119
0.21895831 0.08756226
0.21249737 0.08643963
0.20610737 0.08529473
0.19978989 0.08412893
0.19354647 0.08294359
0.18737867 0.08173998
0.18128801 0.08051933
0.17527598 0.07928284
0.16934407 0.07803161
0.16349374 0.07676671
0.15772645 0.07548911
0.15204360 0.07419976
0.14644661 0.07289951
0.14093685 0.07158915
0.13551569 0.07026941
0.13018445 0.06894096
0.12494447 0.06760439
0.11979702 0.06626022
0.11474338 0.06490894
0.10978480 0.06355095
0.10492249 0.06218661
0.10015767 0.06081620
0.09549150 0.05943997
0.09092514 0.05805812
0.08645971 0.05667079
0.08209632 0.05527810
0.07783604 0.05388011
0.07367992 0.05247687
0.06962899 0.05106837
0.06568424 0.04965461
0.06184666 0.04823553
0.05811718 0.04681109
0.05449674 0.04538121
0.05098621 0.04394582
0.04758647 0.04250483
0.04429836 0.04105817
0.04112269 0.03960575
0.03806023 0.03814750
0.03511176 0.03668336
0.03227798 0.03521329
0.02955962 0.03373724
0.02695732 0.03225522
0.02447174 0.03076721
0.02210349 0.02927327
0.01985316 0.02777344
0.01772129 0.02626782
0.01570842 0.02475650
0.01381504 0.02323964
0.01204162 0.02171739
0.01038859 0.02018997
0.00885637 0.01865760
0.00744534 0.01712052
0.00615583 0.01557903
0.00498817 0.01403344
0.00394265 0.01248407
0.00301952 0.01093129
0.00221902 0.00937546
0.00154133 0.00781700
0.00098664 0.00625631
0.00055506 0.00469382
0.00024672 0.00312998
0.00006168 0.00156522
0.00000000 0.00000000
0.00006168 -0.00107511
0.00024672 -0.00214880
0.00055506 -0.00321965
0.00098664 -0.00428627
0.00154133 -0.00534727
0.00221902 -0.00640126
0.00301952 -0.00744689
0.00394265 -0.00848285
0.00498817 -0.00950783
0.00615583 -0.01052057
0.00744534 -0.01151985
0.00885637 -0.01250448
0.01038859 -0.01347334
0.01204162 -0.01442532
0.01381504 -0.01535940
0.01570842 -0.01627458
0.01772129 -0.01716993
0.01985316 -0.01804459
0.02210349 -0.01889773
0.02447174 -0.01972862
0.02695732 -0.02053657
0.02955962 -0.02132095
0.03227798 -0.02208121
0.03511176 -0.02281686
0.03806023 -0.02352747
0.04112269 -0.02421268
0.04429836 -0.02487221
0.04758647 -0.02550582
0.05098621 -0.02611335
0.05449674 -0.02669470
0.05811718 -0.02724984
0.06184666 -0.02777878
0.06568424 -0.02828162
0.06962899 -0.02875849
0.07367992 -0.02920959
0.07783604 -0.02963515
0.08209632 -0.03003549
0.08645971 -0.03041095
0.09092514 -0.03076190
0.09549150 -0.03108880
0.10015767 -0.03139209
0.10492249 -0.03167230
0.10978480 -0.03192995
0.11474338 -0.03216561
0.11979702 -0.03237987
0.12494447 -0.03257335
0.13018445 -0.03274668
0.13551569 -0.03290050
0.14093685 -0.03303547
0.14644661 -0.03315227
0.15204360 -0.03325156
0.15772645 -0.03333403
0.16349374 -0.03340034
0.16934407 -0.03345116
0.17527598 -0.03348716
0.18128801 -0.03350899
0.18737867 -0.03351729
0.19354647 -0.03351268
0.19978989 -0.03349577
0.20610737 -0.03346714
0.21249737 -0.03342737
0.21895831 -0.03337697
0.22548859 -0.03331647
0.23208660 -0.03324634
0.23875072 -0.03316705
0.24547929 -0.03307900
0.25227067 -0.03298259
0.25912316 -0.03287817
0.26603509 -0.03276606
0.27300475 -0.03264654
0.28003042 -0.03251987
0.28711035 -0.03238625
0.29424282 -0.03224586
0.30142605 -0.03209884
0.30865828 -0.03194529
0.31593772 -0.03178529
0.32326258 -0.03161887
0.33063104 -0.03144602
0.33804129 -0.03126673
0.34549150 -0.03108091
0.35297984 -0.03088849
0.36050445 -0.03068933
0.36806348 -0.03048330
0.37565506 -0.03027021
0.38327732 -0.03004987
0.39092838 -0.02982206
0.39860635 -0.02958654
0.40630934 -0.02934307
0.41403545 -0.02909137
0.42178277 -0.02883117
0.42954938 -0.02856218
0.43733338 -0.02828412
0.44513284 -0.02799669
0.45294584 -0.02769959
0.46077045 -0.02739254
0.46860474 -0.02707525
0.47644677 -0.02674745
0.48429462 -0.02640888
0.49214634 -0.02605930
0.50000000 -0.02569847
0.50785366 -0.02532619
0.51570538 -0.02494229
0.52355323 -0.02454660
0.53139526 -0.02413901
0.53922955 -0.02371943
0.54705416 -0.02328780
0.55486716 -0.02284411
0.56266662 -0.02238839
0.57045062 -0.02192071
0.57821723 -0.02144117
0.58596455 -0.02094994
0.59369066 -0.02044722
0.60139365 -0.01993328
0.60907162 -0.01940843
0.61672268 -0.01887301
0.62434494 -0.01832745
0.63193652 -0.01777221
0.63949555 -0.01720781
0.64702016 -0.01663482
0.65450850 -0.01605385
0.66195871 -0.01546559
0.66936896 -0.01487076
0.67673742 -0.01427012
0.68406228 -0.01366450
0.69134172 -0.01305475
0.69857395 -0.01244179
0.70575718 -0.01182655
0.71288965 -0.01121003
0.71996958 -0.01059322
0.72699525 -0.00997719
0.73396491 -0.00936299
0.74087684 -0.00875173
0.74772933 -0.00814451
0.75452071 -0.00754245
0.76124928 -0.00694669
0.76791340 -0.00635837
0.77451141 -0.00577862
0.78104169 -0.00520857
0.78750263 -0.00464934
0.79389263 -0.00410202
0.80021011 -0.00356770
0.80645353 -0.00304743
0.81262133 -0.00254222
0.81871199 -0.00205306
0.82472402 -0.00158088
0.83065593 -0.00112657
0.83650626 -0.00069098
0.84227355 -0.00027487
0.84795640 0.00012103
0.85355339 0.00049608
0.85906315 0.00084969
0.86448431 0.00118137
0.86981555 0.00149067
0.87505553 0.00177726
0.88020298 0.00204087
0.88525662 0.00228132
0.89021520 0.00249851
0.89507751 0.00269245
0.89984233 0.00286322
0.90450850 0.00301099
0.90907486 0.00313603
0.91354029 0.00323868
0.91790368 0.00331940
0.92216396 0.00337871
0.92632008 0.00341722
0.93037101 0.00343562
0.93431576 0.00343470
0.93815334 0.00341529
0.94188282 0.00337832
0.94550326 0.00332477
0.94901379 0.00325571
0.95241353 0.00317222
0.95570164 0.00307548
0.95887731 0.00296669
0.96193977 0.00284710
0.96488824 0.00271798
0.96772202 0.00258065
0.97044038 0.00243642
0.97304268 0.00228664
0.97552826 0.00213266
0.97789651 0.00197582
0.98014684 0.00181746
0.98227871 0.00165889
0.98429158 0.00150142
0.98618496 0.00134631
0.98795838 0.00119480
0.98961141 0.00104807
0.99114363 0.00090726
0.99255466 0.00077345
0.99384417 0.00064767
0.99501183 0.00053085
0.99605735 0.00042388
0.99698048 0.00032755
0.99778098 0.00024258
0.99845867 0.00016960
0.99901336 0.00010914
0.99944494 0.00006166
0.99975328 0.00002749
0.99993832 0.00000688
1.00000000 -0.00000000
