sample_1028
1.00000000 -0.00000000
0.99993832 0.00001263
0.99975328 0.00005052
0.99944494 0.00011369
0.99901336 0.00020217
0.99845867 0.00031600
0.99778098 0.00045522
0.99698048 0.00061991
0.99605735 0.00081012
0.99501183 0.00102596
0.99384417 0.00126750
0.99255466 0.00153484
0.99114363 0.00182811
0.98961141 0.00214741
0.98795838 0.00249287
0.98618496 0.00286463
0.98429158 0.00326283
0.98227871 0.00368761
0.98014684 0.00413911
0.97789651 0.00461750
0.97552826 0.00512293
0.97304268 0.00565555
0.97044038 0.00621552
0.96772202 0.00680300
0.96488824 0.00741814
0.96193977 0.00806108
0.95887731 0.00873199
0.95570164 0.00943099
0.95241353 0.01015821
0.94901379 0.01091377
0.94550326 0.01169779
0.94188282 0.01251035
0.93815334 0.01335154
0.93431576 0.01422142
0.93037101 0.01512003
0.92632008 0.01604739
0.92216396 0.01700352
0.91790368 0.01798837
0.91354029 0.01900190
0.90907486 0.02004403
0.90450850 0.02111464
0.89984233 0.02221360
0.89507751 0.02334072
0.89021520 0.02449579
0.88525662 0.02567855
0.88020298 0.02688870
0.87505553 0.02812592
0.86981555 0.02938980
0.86448431 0.03067994
0.85906315 0.03199585
0.85355339 0.03333700
0.84795640 0.03470283
0.84227355 0.03609270
0.83650626 0.03750595
0.83065593 0.03894182
0.82472402 0.04039955
0.81871199 0.04187829
0.81262133 0.04337714
0.80645353 0.04489515
0.80021011 0.04643132
0.79389263 0.04798457
0.78750263 0.04955379
0.78104169 0.05113780
0.77451141 0.05273539
0.76791340 0.05434525
0.76124928 0.05596607
0.75452071 0.05759646
0.74772933 0.05923497
0.74087684 0.06088013
0.73396491 0.06253042
0.72699525 0.06418425
0.71996958 0.06584002
0.71288965 0.06749607
0.70575718 0.06915071
0.69857395 0.07080223
0.69134172 0.07244887
0.68406228 0.07408885
0.67673742 0.07572037
0.66936896 0.07734160
0.66195871 0.07895071
0.65450850 0.08054584
0.64702016 0.08212513
0.63949555 0.08368672
0.63193652 0.08522874
0.62434494 0.08674932
0.61672268 0.08824661
0.60907162 0.08971876
0.60139365 0.09116394
0.59369066 0.09258034
0.58596455 0.09396618
0.57821723 0.09531969
0.57045062 0.09663915
0.56266662 0.09792287
0.55486716 0.09916920
0.54705416 0.10037653
0.53922955 0.10154330
0.53139526 0.10266800
0.52355323 0.10374918
0.51570538 0.10478545
0.50785366 0.10577547
0.50000000 0.10671796
0.49214634 0.10761173
0.48429462 0.10845563
0.47644677 0.10924861
0.46860474 0.10998967
0.46077045 0.11067790
0.45294584 0.11131247
0.44513284 0.11189261
0.43733338 0.11241764
0.42954938 0.11288697
0.42178277 0.11330009
0.41403545 0.11365655
0.40630934 0.11395601
0.39860635 0.11419820
0.39092838 0.11438293
0.38327732 0.11451010
0.37565506 0.11457968
0.36806348 0.11459173
0.36050445 0.11454639
0.35297984 0.11444386
0.34549150 0.11428444
0.33804129 0.11406848
0.33063104 0.11379643
0.32326258 0.11346879
0.31593772 0.11308613
0.30865828 0.11264909
0.30142605 0.11215836
0.29424282 0.11161472
0.28711035 0.11101897
0.28003042 0.11037199
0.27300475 0.10967470
0.26603509 0.10892808
0.25912316 0.10813313
0.25227067 0.10729090
0.24547929 0.10640251
0.23875072 0.10546907
0.23208660 0.10449173
0.22548859 0.10347170
0.21895831 0.10241017
0.21249737 0.10130839
0.20610737 0.10016760
0.19978989 0.09898906
0.19354647 0.09777405
0.18737867 0.09652385
0.18128801 0.09523974
0.17527598 0.09392302
0.16934407 0.09257497
0.16349374 0.09119687
0.15772645 0.08979000
0.15204360 0.08835562
0.14644661 0.08689499
0.14093685 0.08540934
0.13551569 0.08389989
0.13018445 0.08236784
0.12494447 0.08081438
0.11979702 0.07924065
0.11474338 0.07764779
0.10978480 0.07603690
0.10492249 0.07440906
0.10015767 0.07276531
0.09549150 0.07110667
0.09092514 0.06943412
0.08645971 0.06774860
0.08209632 0.06605103
0.07783604 0.06434230
0.07367992 0.06262324
0.06962899 0.06089467
0.06568424 0.05915736
0.06184666 0.05741204
0.05811718 0.05565941
0.05449674 0.05390015
0.05098621 0.05213487
0.04758647 0.05036418
0.04429836 0.04858862
0.04112269 0.04680871
0.03806023 0.04502495
0.03511176 0.04323779
0.03227798 0.04144764
0.02955962 0.03965490
0.02695732 0.03785991
0.02447174 0.03606300
0.02210349 0.03426448
0.01985316 0.03246459
0.01772129 0.03066359
0.01570842 0.02886169
0.01381504 0.02705907
0.01204162 0.02525589
0.01038859 0.02345230
0.00885637 0.02164842
0.00744534 0.01984435
0.00615583 0.01804017
0.00498817 0.01623594
0.00394265 0.01443171
0.00301952 0.01262752
0.00221902 0.01082340
0.00154133 0.00901934
0.00098664 0.00721536
0.00055506 0.00541145
0.00024672 0.00360760
0.00006168 0.00180379
0.00000000 0.00000000
0.00006168 -0.00072172
0.00024672 -0.00144347
0.00055506 -0.00216526
0.00098664 -0.00288709
0.00154133 -0.00360897
0.00221902 -0.00433089
0.00301952 -0.00505279
0.00394265 -0.00577462
0.00498817 -0.00649629
0.00615583 -0.00721769
0.00744534 -0.00793866
0.00885637 -0.00865902
0.01038859 -0.00937856
0.01204162 -0.01009700
0.01381504 -0.01081407
0.01570842 -0.01152941
0.01772129 -0.01224267
0.01985316 -0.01295342
0.02210349 -0.01366121
0.02447174 -0.01436555
0.02695732 -0.01506592
0.02955962 -0.01576175
0.03227798 -0.01645246
0.03511176 -0.01713743
0.03806023 -0.01781601
0.04112269 -0.01848753
0.04429836 -0.01915132
0.04758647 -0.01980666
0.05098621 -0.02045286
0.05449674 -0.02108918
0.05811718 -0.02171493
0.06184666 -0.02232937
0.06568424 -0.02293182
0.06962899 -0.02352156
0.07367992 -0.02409793
0.07783604 -0.02466027
0.08209632 -0.02520794
0.08645971 -0.02574036
0.09092514 -0.02625695
0.09549150 -0.02675718
0.10015767 -0.02724056
0.10492249 -0.02770665
0.10978480 -0.02815505
0.11474338 -0.02858541
0.11979702 -0.02899743
0.12494447 -0.02939085
0.13018445 -0.02976548
0.13551569 -0.03012118
0.14093685 -0.03045785
0.14644661 -0.03077546
0.15204360 -0.03107401
0.15772645 -0.03135357
0.16349374 -0.03161425
0.16934407 -0.03185621
0.17527598 -0.03207963
0.18128801 -0.03228477
0.18737867 -0.03247189
0.19354647 -0.03264131
0.19978989 -0.03279336
0.20610737 -0.03292840
0.21249737 -0.03304682
0.21895831 -0.03314901
0.22548859 -0.03323539
0.23208660 -0.03330636
0.23875072 -0.03336234
0.24547929 -0.03340375
0.25227067 -0.03343100
0.25912316 -0.03344447
0.26603509 -0.03344455
0.27300475 -0.03343160
0.28003042 -0.03340594
0.28711035 -0.03336789
0.29424282 -0.03331771
0.30142605 -0.03325566
0.30865828 -0.03318193
0.31593772 -0.03309670
0.32326258 -0.03300010
0.33063104 -0.03289221
0.33804129 -0.03277308
0.34549150 -0.03264272
0.35297984 -0.03250110
0.36050445 -0.03234814
0.36806348 -0.03218375
0.37565506 -0.03200777
0.38327732 -0.03182002
0.39092838 -0.03162031
0.39860635 -0.03140838
0.40630934 -0.03118399
0.41403545 -0.03094686
0.42178277 -0.03069669
0.42954938 -0.03043318
0.43733338 -0.03015602
0.44513284 -0.02986491
0.45294584 -0.02955954
0.46077045 -0.02923961
0.46860474 -0.02890484
0.47644677 -0.02855498
0.48429462 -0.02818980
0.49214634 -0.02780910
0.50000000 -0.02741271
0.50785366 -0.02700051
0.51570538 -0.02657242
0.52355323 -0.02612842
0.53139526 -0.02566854
0.53922955 -0.02519287
0.54705416 -0.02470154
0.55486716 -0.02419478
0.56266662 -0.02367286
0.57045062 -0.02313613
0.57821723 -0.02258500
0.58596455 -0.02201996
0.59369066 -0.02144157
0.60139365 -0.02085046
0.60907162 -0.02024732
0.61672268 -0.01963292
0.62434494 -0.01900809
0.63193652 -0.01837372
0.63949555 -0.01773077
0.64702016 -0.01708026
0.65450850 -0.01642325
0.66195871 -0.01576086
0.66936896 -0.01509425
0.67673742 -0.01442462
0.68406228 -0.01375319
0.69134172 -0.01308124
0.69857395 -0.01241005
0.70575718 -0.01174092
0.71288965 -0.01107515
0.71996958 -0.01041405
0.72699525 -0.00975895
0.73396491 -0.00911113
0.74087684 -0.00847187
0.74772933 -0.00784244
0.75452071 -0.00722407
0.76124928 -0.00661795
0.76791340 -0.00602523
0.77451141 -0.00544702
0.78104169 -0.00488437
0.78750263 -0.00433829
0.79389263 -0.00380969
0.80021011 -0.00329946
0.80645353 -0.00280839
0.81262133 -0.00233721
0.81871199 -0.00188656
0.82472402 -0.00145701
0.83065593 -0.00104905
0.83650626 -0.00066308
0.84227355 -0.00029943
0.84795640 0.00004167
0.85355339 0.00036007
0.85906315 0.00065569
0.86448431 0.00092856
0.86981555 0.00117877
0.87505553 0.00140650
0.88020298 0.00161200
0.88525662 0.00179560
0.89021520 0.00195772
0.89507751 0.00209882
0.89984233 0.00221944
0.90450850 0.00232019
0.90907486 0.00240173
0.91354029 0.00246477
0.91790368 0.00251008
0.92216396 0.00253847
0.92632008 0.00255079
0.93037101 0.00254792
0.93431576 0.00253080
0.93815334 0.00250036
0.94188282 0.00245757
0.94550326 0.00240342
0.94901379 0.00233891
0.95241353 0.00226503
0.95570164 0.00218281
0.95887731 0.00209325
0.96193977 0.00199735
0.96488824 0.00189611
0.96772202 0.00179052
0.97044038 0.00168154
0.97304268 0.00157011
0.97552826 0.00145717
0.97789651 0.00134362
0.98014684 0.00123031
0.98227871 0.00111810
0.98429158 0.00100779
0.98618496 0.00090014
0.98795838 0.00079589
0.98961141 0.00069573
0.99114363 0.00060032
0.99255466 0.00051025
0.99384417 0.00042609
0.99501183 0.00034837
0.99605735 0.00027754
0.99698048 0.00021404
0.99778098 0.00015824
0.99845867 0.00011047
0.99901336 0.00007101
0.99944494 0.00004007
0.99975328 0.00001785
0.99993832 0.00000447
1.00000000 -0.00000000
