sample_1342
1.00000000 -0.00000000
0.99993832 0.00001633
0.99975328 0.00006533
0.99944494 0.00014700
0.99901336 0.00026137
0.99845867 0.00040848
0.99778098 0.00058835
0.99698048 0.00080104
0.99605735 0.00104659
0.99501183 0.00132507
0.99384417 0.00163654
0.99255466 0.00198106
0.99114363 0.00235870
0.98961141 0.00276954
0.98795838 0.00321365
0.98618496 0.00369109
0.98429158 0.00420194
0.98227871 0.00474625
0.98014684 0.00532409
0.97789651 0.00593551
0.97552826 0.00658054
0.97304268 0.00725922
0.97044038 0.00797156
0.96772202 0.00871756
0.96488824 0.00949721
0.96193977 0.01031047
0.95887731 0.01115729
0.95570164 0.01203759
0.95241353 0.01295125
0.94901379 0.01389817
0.94550326 0.01487816
0.94188282 0.01589105
0.93815334 0.01693660
0.93431576 0.01801457
0.93037101 0.01912465
0.92632008 0.02026652
0.92216396 0.02143980
0.91790368 0.02264408
0.91354029 0.02387890
0.90907486 0.02514375
0.90450850 0.02643809
0.89984233 0.02776133
0.89507751 0.02911282
0.89021520 0.03049187
0.88525662 0.03189773
0.88020298 0.03332962
0.87505553 0.03478668
0.86981555 0.03626801
0.86448431 0.03777268
0.85906315 0.03929967
0.85355339 0.04084793
0.84795640 0.04241635
0.84227355 0.04400376
0.83650626 0.04560897
0.83065593 0.04723069
0.82472402 0.04886763
0.81871199 0.05051841
0.81262133 0.05218163
0.80645353 0.05385582
0.80021011 0.05553948
0.79389263 0.05723106
0.78750263 0.05892898
0.78104169 0.06063160
0.77451141 0.06233726
0.76791340 0.06404426
0.76124928 0.06575085
0.75452071 0.06745529
0.74772933 0.06915577
0.74087684 0.07085048
0.73396491 0.07253759
0.72699525 0.07421524
0.71996958 0.07588157
0.71288965 0.07753470
0.70575718 0.07917276
0.69857395 0.08079384
0.69134172 0.08239608
0.68406228 0.08397760
0.67673742 0.08553651
0.66936896 0.08707098
0.66195871 0.08857916
0.65450850 0.09005924
0.64702016 0.09150943
0.63949555 0.09292797
0.63193652 0.09431314
0.62434494 0.09566325
0.61672268 0.09697667
0.60907162 0.09825180
0.60139365 0.09948709
0.59369066 0.10068107
0.58596455 0.10183229
0.57821723 0.10293940
0.57045062 0.10400109
0.56266662 0.10501614
0.55486716 0.10598338
0.54705416 0.10690173
0.53922955 0.10777018
0.53139526 0.10858782
0.52355323 0.10935379
0.51570538 0.11006735
0.50785366 0.11072781
0.50000000 0.11133460
0.49214634 0.11188723
0.48429462 0.11238529
0.47644677 0.11282846
0.46860474 0.11321652
0.46077045 0.11354935
0.45294584 0.11382689
0.44513284 0.11404920
0.43733338 0.11421641
0.42954938 0.11432875
0.42178277 0.11438651
0.41403545 0.11439010
0.40630934 0.11433998
0.39860635 0.11423670
0.39092838 0.11408089
0.38327732 0.11387325
0.37565506 0.11361453
0.36806348 0.11330559
0.36050445 0.11294730
0.35297984 0.11254061
0.34549150 0.11208653
0.33804129 0.11158611
0.33063104 0.11104044
0.32326258 0.11045065
0.31593772 0.10981792
0.30865828 0.10914343
0.30142605 0.10842840
0.29424282 0.10767408
0.28711035 0.10688172
0.28003042 0.10605257
0.27300475 0.10518790
0.26603509 0.10428897
0.25912316 0.10335705
0.25227067 0.10239337
0.24547929 0.10139918
0.23875072 0.10037567
0.23208660 0.09932405
0.22548859 0.09824547
0.21895831 0.09714107
0.21249737 0.09601194
0.20610737 0.09485913
0.19978989 0.09368367
0.19354647 0.09248653
0.18737867 0.09126864
0.18128801 0.09003088
0.17527598 0.08877409
0.16934407 0.08749904
0.16349374 0.08620648
0.15772645 0.08489708
0.15204360 0.08357146
0.14644661 0.08223022
0.14093685 0.08087388
0.13551569 0.07950291
0.13018445 0.07811774
0.12494447 0.07671876
0.11979702 0.07530630
0.11474338 0.07388065
0.10978480 0.07244207
0.10492249 0.07099077
0.10015767 0.06952692
0.09549150 0.06805068
0.09092514 0.06656215
0.08645971 0.06506142
0.08209632 0.06354856
0.07783604 0.06202362
0.07367992 0.06048663
0.06962899 0.05893760
0.06568424 0.05737655
0.06184666 0.05580349
0.05811718 0.05421842
0.05449674 0.05262136
0.05098621 0.05101230
0.04758647 0.04939129
0.04429836 0.04775836
0.04112269 0.04611355
0.03806023 0.04445695
0.03511176 0.04278865
0.03227798 0.04110877
0.02955962 0.03941744
0.02695732 0.03771485
0.02447174 0.03600119
0.02210349 0.03427670
0.01985316 0.03254164
0.01772129 0.03079632
0.01570842 0.02904106
0.01381504 0.02727623
0.01204162 0.02550224
0.01038859 0.02371951
0.00885637 0.02192852
0.00744534 0.02012976
0.00615583 0.01832376
0.00498817 0.01651107
0.00394265 0.01469230
0.00301952 0.01286803
0.00221902 0.01103891
0.00154133 0.00920559
0.00098664 0.00736875
0.00055506 0.00552906
0.00024672 0.00368724
0.00006168 0.00184398
0.00000000 0.00000000
0.00006168 -0.00133481
0.00024672 -0.00266786
0.00055506 -0.00399740
0.00098664 -0.00532167
0.00154133 -0.00663896
0.00221902 -0.00794755
0.00301952 -0.00924574
0.00394265 -0.01053188
0.00498817 -0.01180435
0.00615583 -0.01306154
0.00744534 -0.01430191
0.00885637 -0.01552395
0.01038859 -0.01672621
0.01204162 -0.01790728
0.01381504 -0.01906581
0.01570842 -0.02020051
0.01772129 -0.02131015
0.01985316 -0.02239358
0.02210349 -0.02344970
0.02447174 -0.02447748
0.02695732 -0.02547597
0.02955962 -0.02644430
0.03227798 -0.02738167
0.03511176 -0.02828735
0.03806023 -0.02916070
0.04112269 -0.03000115
0.04429836 -0.03080821
0.04758647 -0.03158149
0.05098621 -0.03232065
0.05449674 -0.03302546
0.05811718 -0.03369574
0.06184666 -0.03433140
0.06568424 -0.03493245
0.06962899 -0.03549894
0.07367992 -0.03603101
0.07783604 -0.03652888
0.08209632 -0.03699283
0.08645971 -0.03742321
0.09092514 -0.03782044
0.09549150 -0.03818499
0.10015767 -0.03851740
0.10492249 -0.03881827
0.10978480 -0.03908824
0.11474338 -0.03932801
0.11979702 -0.03953831
0.12494447 -0.03971993
0.13018445 -0.03987369
0.13551569 -0.04000043
0.14093685 -0.04010104
0.14644661 -0.04017643
0.15204360 -0.04022751
0.15772645 -0.04025523
0.16349374 -0.04026054
0.16934407 -0.04024440
0.17527598 -0.04020778
0.18128801 -0.04015162
0.18737867 -0.04007689
0.19354647 -0.03998454
0.19978989 -0.03987548
0.20610737 -0.03975064
0.21249737 -0.03961090
0.21895831 -0.03945713
0.22548859 -0.03929016
0.23208660 -0.03911080
0.23875072 -0.03891981
0.24547929 -0.03871793
0.25227067 -0.03850585
0.25912316 -0.03828421
0.26603509 -0.03805360
0.27300475 -0.03781460
0.28003042 -0.03756769
0.28711035 -0.03731334
0.29424282 -0.03705195
0.30142605 -0.03678387
0.30865828 -0.03650941
0.31593772 -0.03622881
0.32326258 -0.03594227
0.33063104 -0.03564993
0.33804129 -0.03535190
0.34549150 -0.03504823
0.35297984 -0.03473890
0.36050445 -0.03442388
0.36806348 -0.03410308
0.37565506 -0.03377637
0.38327732 -0.03344358
0.39092838 -0.03310450
0.39860635 -0.03275891
0.40630934 -0.03240652
0.41403545 -0.03204707
0.42178277 -0.03168022
0.42954938 -0.03130565
0.43733338 -0.03092302
0.44513284 -0.03053197
0.45294584 -0.03013214
0.46077045 -0.02972317
0.46860474 -0.02930470
0.47644677 -0.02887639
0.48429462 -0.02843789
0.49214634 -0.02798889
0.50000000 -0.02752908
0.50785366 -0.02705820
0.51570538 -0.02657599
0.52355323 -0.02608225
0.53139526 -0.02557680
0.53922955 -0.02505950
0.54705416 -0.02453028
0.55486716 -0.02398908
0.56266662 -0.02343593
0.57045062 -0.02287088
0.57821723 -0.02229406
0.58596455 -0.02170564
0.59369066 -0.02110587
0.60139365 -0.02049505
0.60907162 -0.01987354
0.61672268 -0.01924177
0.62434494 -0.01860024
0.63193652 -0.01794949
0.63949555 -0.01729017
0.64702016 -0.01662293
0.65450850 -0.01594855
0.66195871 -0.01526781
0.66936896 -0.01458159
0.67673742 -0.01389080
0.68406228 -0.01319643
0.69134172 -0.01249949
0.69857395 -0.01180106
0.70575718 -0.01110225
0.71288965 -0.01040422
0.71996958 -0.00970815
0.72699525 -0.00901526
0.73396491 -0.00832679
0.74087684 -0.00764400
0.74772933 -0.00696817
0.75452071 -0.00630059
0.76124928 -0.00564253
0.76791340 -0.00499528
0.77451141 -0.00436011
0.78104169 -0.00373829
0.78750263 -0.00313103
0.79389263 -0.00253956
0.80021011 -0.00196503
0.80645353 -0.00140860
0.81262133 -0.00087133
0.81871199 -0.00035427
0.82472402 0.00014160
0.83065593 0.00061538
0.83650626 0.00106621
0.84227355 0.00149333
0.84795640 0.00189603
0.85355339 0.00227370
0.85906315 0.00262581
0.86448431 0.00295192
0.86981555 0.00325168
0.87505553 0.00352485
0.88020298 0.00377125
0.88525662 0.00399083
0.89021520 0.00418364
0.89507751 0.00434981
0.89984233 0.00448958
0.90450850 0.00460330
0.90907486 0.00469140
0.91354029 0.00475442
0.91790368 0.00479299
0.92216396 0.00480785
0.92632008 0.00479981
0.93037101 0.00476977
0.93431576 0.00471873
0.93815334 0.00464774
0.94188282 0.00455796
0.94550326 0.00445058
0.94901379 0.00432688
0.95241353 0.00418820
0.95570164 0.00403591
0.95887731 0.00387144
0.96193977 0.00369624
0.96488824 0.00351183
0.96772202 0.00331970
0.97044038 0.00312139
0.97304268 0.00291844
0.97552826 0.00271240
0.97789651 0.00250478
0.98014684 0.00229711
0.98227871 0.00209089
0.98429158 0.00188757
0.98618496 0.00168859
0.98795838 0.00149532
0.98961141 0.00130908
0.99114363 0.00113116
0.99255466 0.00096275
0.99384417 0.00080499
0.99501183 0.00065892
0.99605735 0.00052552
0.99698048 0.00040568
0.99778098 0.00030018
0.99845867 0.00020971
0.99901336 0.00013488
0.99944494 0.00007616
0.99975328 0.00003394
0.99993832 0.00000850
1.00000000 -0.00000000
