sample_301
1.00000000 -0.00000000
0.99993832 0.00001148
0.99975328 0.00004594
0.99944494 0.00010343
0.99901336 0.00018400
0.99845867 0.00028776
0.99778098 0.00041483
0.99698048 0.00056536
0.99605735 0.00073950
0.99501183 0.00093746
0.99384417 0.00115944
0.99255466 0.00140566
0.99114363 0.00167637
0.98961141 0.00197181
0.98795838 0.00229225
0.98618496 0.00263794
0.98429158 0.00300915
0.98227871 0.00340614
0.98014684 0.00382918
0.97789651 0.00427852
0.97552826 0.00475440
0.97304268 0.00525705
0.97044038 0.00578668
0.96772202 0.00634348
0.96488824 0.00692762
0.96193977 0.00753924
0.95887731 0.00817846
0.95570164 0.00884534
0.95241353 0.00953995
0.94901379 0.01026229
0.94550326 0.01101233
0.94188282 0.01179001
0.93815334 0.01259523
0.93431576 0.01342782
0.93037101 0.01428760
0.92632008 0.01517433
0.92216396 0.01608772
0.91790368 0.01702746
0.91354029 0.01799316
0.90907486 0.01898441
0.90450850 0.02000074
0.89984233 0.02104166
0.89507751 0.02210662
0.89021520 0.02319502
0.88525662 0.02430623
0.88020298 0.02543960
0.87505553 0.02659441
0.86981555 0.02776993
0.86448431 0.02896537
0.85906315 0.03017993
0.85355339 0.03141278
0.84795640 0.03266304
0.84227355 0.03392984
0.83650626 0.03521225
0.83065593 0.03650933
0.82472402 0.03782013
0.81871199 0.03914367
0.81262133 0.04047896
0.80645353 0.04182499
0.80021011 0.04318074
0.79389263 0.04454517
0.78750263 0.04591725
0.78104169 0.04729590
0.77451141 0.04868008
0.76791340 0.05006871
0.76124928 0.05146072
0.75452071 0.05285502
0.74772933 0.05425052
0.74087684 0.05564613
0.73396491 0.05704075
0.72699525 0.05843329
0.71996958 0.05982262
0.71288965 0.06120765
0.70575718 0.06258725
0.69857395 0.06396030
0.69134172 0.06532568
0.68406228 0.06668226
0.67673742 0.06802890
0.66936896 0.06936446
0.66195871 0.07068780
0.65450850 0.07199776
0.64702016 0.07329319
0.63949555 0.07457292
0.63193652 0.07583580
0.62434494 0.07708065
0.61672268 0.07830629
0.60907162 0.07951155
0.60139365 0.08069525
0.59369066 0.08185621
0.58596455 0.08299323
0.57821723 0.08410515
0.57045062 0.08519077
0.56266662 0.08624894
0.55486716 0.08727847
0.54705416 0.08827821
0.53922955 0.08924700
0.53139526 0.09018372
0.52355323 0.09108724
0.51570538 0.09195645
0.50785366 0.09279027
0.50000000 0.09358765
0.49214634 0.09434756
0.48429462 0.09506899
0.47644677 0.09575099
0.46860474 0.09639261
0.46077045 0.09699297
0.45294584 0.09755123
0.44513284 0.09806659
0.43733338 0.09853830
0.42954938 0.09896566
0.42178277 0.09934803
0.41403545 0.09968483
0.40630934 0.09997553
0.39860635 0.10021969
0.39092838 0.10041690
0.38327732 0.10056685
0.37565506 0.10066927
0.36806348 0.10072399
0.36050445 0.10073087
0.35297984 0.10068989
0.34549150 0.10060107
0.33804129 0.10046451
0.33063104 0.10028039
0.32326258 0.10004895
0.31593772 0.09977050
0.30865828 0.09944544
0.30142605 0.09907420
0.29424282 0.09865731
0.28711035 0.09819534
0.28003042 0.09768894
0.27300475 0.09713880
0.26603509 0.09654567
0.25912316 0.09591034
0.25227067 0.09523368
0.24547929 0.09451656
0.23875072 0.09375991
0.23208660 0.09296469
0.22548859 0.09213191
0.21895831 0.09126257
0.21249737 0.09035771
0.20610737 0.08941839
0.19978989 0.08844568
0.19354647 0.08744065
0.18737867 0.08640437
0.18128801 0.08533793
0.17527598 0.08424240
0.16934407 0.08311882
0.16349374 0.08196827
0.15772645 0.08079175
0.15204360 0.07959029
0.14644661 0.07836488
0.14093685 0.07711647
0.13551569 0.07584599
0.13018445 0.07455436
0.12494447 0.07324243
0.11979702 0.07191105
0.11474338 0.07056101
0.10978480 0.06919308
0.10492249 0.06780799
0.10015767 0.06640641
0.09549150 0.06498902
0.09092514 0.06355642
0.08645971 0.06210919
0.08209632 0.06064788
0.07783604 0.05917300
0.07367992 0.05768503
0.06962899 0.05618442
0.06568424 0.05467159
0.06184666 0.05314695
0.05811718 0.05161085
0.05449674 0.05006366
0.05098621 0.04850569
0.04758647 0.04693728
0.04429836 0.04535871
0.04112269 0.04377029
0.03806023 0.04217228
0.03511176 0.04056497
0.03227798 0.03894864
0.02955962 0.03732354
0.02695732 0.03568997
0.02447174 0.03404818
0.02210349 0.03239847
0.01985316 0.03074112
0.01772129 0.02907642
0.01570842 0.02740470
0.01381504 0.02572626
0.01204162 0.02404144
0.01038859 0.02235058
0.00885637 0.02065404
0.00744534 0.01895219
0.00615583 0.01724541
0.00498817 0.01553411
0.00394265 0.01381869
0.00301952 0.01209957
0.00221902 0.01037720
0.00154133 0.00865201
0.00098664 0.00692446
0.00055506 0.00519502
0.00024672 0.00346414
0.00006168 0.00173231
0.00000000 0.00000000
0.00006168 -0.00098436
0.00024672 -0.00196866
0.00055506 -0.00295280
0.00098664 -0.00393673
0.00154133 -0.00492035
0.00221902 -0.00590358
0.00301952 -0.00688633
0.00394265 -0.00786849
0.00498817 -0.00884995
0.00615583 -0.00983059
0.00744534 -0.01081027
0.00885637 -0.01178883
0.01038859 -0.01276611
0.01204162 -0.01374193
0.01381504 -0.01471607
0.01570842 -0.01568833
0.01772129 -0.01665846
0.01985316 -0.01762618
0.02210349 -0.01859123
0.02447174 -0.01955327
0.02695732 -0.02051199
0.02955962 -0.02146701
0.03227798 -0.02241794
0.03511176 -0.02336438
0.03806023 -0.02430588
0.04112269 -0.02524197
0.04429836 -0.02617214
0.04758647 -0.02709588
0.05098621 -0.02801261
0.05449674 -0.02892175
0.05811718 -0.02982268
0.06184666 -0.03071477
0.06568424 -0.03159732
0.06962899 -0.03246964
0.07367992 -0.03333100
0.07783604 -0.03418064
0.08209632 -0.03501778
0.08645971 -0.03584161
0.09092514 -0.03665129
0.09549150 -0.03744597
0.10015767 -0.03822478
0.10492249 -0.03898683
0.10978480 -0.03973120
0.11474338 -0.04045697
0.11979702 -0.04116320
0.12494447 -0.04184895
0.13018445 -0.04251326
0.13551569 -0.04315517
0.14093685 -0.04377372
0.14644661 -0.04436794
0.15204360 -0.04493689
0.15772645 -0.04547961
0.16349374 -0.04599517
0.16934407 -0.04648263
0.17527598 -0.04694109
0.18128801 -0.04736965
0.18737867 -0.04776747
0.19354647 -0.04813369
0.19978989 -0.04846751
0.20610737 -0.04876816
0.21249737 -0.04903492
0.21895831 -0.04926708
0.22548859 -0.04946400
0.23208660 -0.04962508
0.23875072 -0.04974978
0.24547929 -0.04983760
0.25227067 -0.04988811
0.25912316 -0.04990094
0.26603509 -0.04987578
0.27300475 -0.04981237
0.28003042 -0.04971055
0.28711035 -0.04957021
0.29424282 -0.04939131
0.30142605 -0.04917390
0.30865828 -0.04891809
0.31593772 -0.04862407
0.32326258 -0.04829212
0.33063104 -0.04792257
0.33804129 -0.04751586
0.34549150 -0.04707248
0.35297984 -0.04659303
0.36050445 -0.04607817
0.36806348 -0.04552862
0.37565506 -0.04494521
0.38327732 -0.04432882
0.39092838 -0.04368041
0.39860635 -0.04300102
0.40630934 -0.04229174
0.41403545 -0.04155375
0.42178277 -0.04078827
0.42954938 -0.03999658
0.43733338 -0.03918004
0.44513284 -0.03834005
0.45294584 -0.03747805
0.46077045 -0.03659555
0.46860474 -0.03569407
0.47644677 -0.03477518
0.48429462 -0.03384050
0.49214634 -0.03289166
0.50000000 -0.03193031
0.50785366 -0.03095812
0.51570538 -0.02997680
0.52355323 -0.02898803
0.53139526 -0.02799351
0.53922955 -0.02699494
0.54705416 -0.02599403
0.55486716 -0.02499243
0.56266662 -0.02399184
0.57045062 -0.02299388
0.57821723 -0.02200017
0.58596455 -0.02101232
0.59369066 -0.02003186
0.60139365 -0.01906032
0.60907162 -0.01809917
0.61672268 -0.01714983
0.62434494 -0.01621368
0.63193652 -0.01529203
0.63949555 -0.01438617
0.64702016 -0.01349728
0.65450850 -0.01262650
0.66195871 -0.01177492
0.66936896 -0.01094354
0.67673742 -0.01013330
0.68406228 -0.00934506
0.69134172 -0.00857962
0.69857395 -0.00783770
0.70575718 -0.00711994
0.71288965 -0.00642691
0.71996958 -0.00575910
0.72699525 -0.00511695
0.73396491 -0.00450079
0.74087684 -0.00391089
0.74772933 -0.00334746
0.75452071 -0.00281061
0.76124928 -0.00230040
0.76791340 -0.00181682
0.77451141 -0.00135978
0.78104169 -0.00092914
0.78750263 -0.00052468
0.79389263 -0.00014613
0.80021011 0.00020682
0.80645353 0.00053458
0.81262133 0.00083758
0.81871199 0.00111631
0.82472402 0.00137130
0.83065593 0.00160313
0.83650626 0.00181241
0.84227355 0.00199981
0.84795640 0.00216601
0.85355339 0.00231173
0.85906315 0.00243773
0.86448431 0.00254476
0.86981555 0.00263362
0.87505553 0.00270512
0.88020298 0.00276008
0.88525662 0.00279935
0.89021520 0.00282375
0.89507751 0.00283414
0.89984233 0.00283137
0.90450850 0.00281629
0.90907486 0.00278974
0.91354029 0.00275257
0.91790368 0.00270562
0.92216396 0.00264970
0.92632008 0.00258563
0.93037101 0.00251421
0.93431576 0.00243623
0.93815334 0.00235244
0.94188282 0.00226360
0.94550326 0.00217043
0.94901379 0.00207365
0.95241353 0.00197393
0.95570164 0.00187195
0.95887731 0.00176833
0.96193977 0.00166369
0.96488824 0.00155863
0.96772202 0.00145369
0.97044038 0.00134944
0.97304268 0.00124637
0.97552826 0.00114497
0.97789651 0.00104571
0.98014684 0.00094902
0.98227871 0.00085531
0.98429158 0.00076497
0.98618496 0.00067836
0.98795838 0.00059582
0.98961141 0.00051765
0.99114363 0.00044415
0.99255466 0.00037557
0.99384417 0.00031217
0.99501183 0.00025416
0.99605735 0.00020173
0.99698048 0.00015507
0.99778098 0.00011432
0.99845867 0.00007962
0.99901336 0.00005108
0.99944494 0.00002878
0.99975328 0.00001281
0.99993832 0.00000320
1.00000000 -0.00000000
