sample_961
1.00000000 -0.00000000
0.99993832 0.00001524
0.99975328 0.00006095
0.99944494 0.00013712
0.99901336 0.00024369
0.99845867 0.00038062
0.99778098 0.00054784
0.99698048 0.00074526
0.99605735 0.00097278
0.99501183 0.00123029
0.99384417 0.00151765
0.99255466 0.00183472
0.99114363 0.00218133
0.98961141 0.00255731
0.98795838 0.00296246
0.98618496 0.00339657
0.98429158 0.00385942
0.98227871 0.00435077
0.98014684 0.00487035
0.97789651 0.00541790
0.97552826 0.00599312
0.97304268 0.00659571
0.97044038 0.00722535
0.96772202 0.00788170
0.96488824 0.00856440
0.96193977 0.00927309
0.95887731 0.01000737
0.95570164 0.01076683
0.95241353 0.01155106
0.94901379 0.01235961
0.94550326 0.01319202
0.94188282 0.01404783
0.93815334 0.01492652
0.93431576 0.01582760
0.93037101 0.01675053
0.92632008 0.01769476
0.92216396 0.01865971
0.91790368 0.01964482
0.91354029 0.02064946
0.90907486 0.02167302
0.90450850 0.02271484
0.89984233 0.02377428
0.89507751 0.02485063
0.89021520 0.02594321
0.88525662 0.02705129
0.88020298 0.02817414
0.87505553 0.02931098
0.86981555 0.03046106
0.86448431 0.03162357
0.85906315 0.03279771
0.85355339 0.03398264
0.84795640 0.03517752
0.84227355 0.03638148
0.83650626 0.03759366
0.83065593 0.03881315
0.82472402 0.04003906
0.81871199 0.04127045
0.81262133 0.04250642
0.80645353 0.04374600
0.80021011 0.04498825
0.79389263 0.04623221
0.78750263 0.04747692
0.78104169 0.04872139
0.77451141 0.04996466
0.76791340 0.05120573
0.76124928 0.05244364
0.75452071 0.05367738
0.74772933 0.05490600
0.74087684 0.05612850
0.73396491 0.05734391
0.72699525 0.05855127
0.71996958 0.05974962
0.71288965 0.06093801
0.70575718 0.06211551
0.69857395 0.06328120
0.69134172 0.06443417
0.68406228 0.06557353
0.67673742 0.06669842
0.66936896 0.06780798
0.66195871 0.06890139
0.65450850 0.06997784
0.64702016 0.07103656
0.63949555 0.07207680
0.63193652 0.07309783
0.62434494 0.07409896
0.61672268 0.07507953
0.60907162 0.07603890
0.60139365 0.07697648
0.59369066 0.07789169
0.58596455 0.07878400
0.57821723 0.07965291
0.57045062 0.08049795
0.56266662 0.08131870
0.55486716 0.08211475
0.54705416 0.08288574
0.53922955 0.08363134
0.53139526 0.08435125
0.52355323 0.08504521
0.51570538 0.08571299
0.50785366 0.08635439
0.50000000 0.08696923
0.49214634 0.08755738
0.48429462 0.08811871
0.47644677 0.08865314
0.46860474 0.08916061
0.46077045 0.08964108
0.45294584 0.09009451
0.44513284 0.09052092
0.43733338 0.09092031
0.42954938 0.09129272
0.42178277 0.09163818
0.41403545 0.09195674
0.40630934 0.09224848
0.39860635 0.09251345
0.39092838 0.09275172
0.38327732 0.09296336
0.37565506 0.09314845
0.36806348 0.09330704
0.36050445 0.09343920
0.35297984 0.09354498
0.34549150 0.09362442
0.33804129 0.09367756
0.33063104 0.09370440
0.32326258 0.09370495
0.31593772 0.09367919
0.30865828 0.09362709
0.30142605 0.09354860
0.29424282 0.09344362
0.28711035 0.09331208
0.28003042 0.09315383
0.27300475 0.09296874
0.26603509 0.09275663
0.25912316 0.09251731
0.25227067 0.09225055
0.24547929 0.09195610
0.23875072 0.09163371
0.23208660 0.09128306
0.22548859 0.09090384
0.21895831 0.09049571
0.21249737 0.09005831
0.20610737 0.08959124
0.19978989 0.08909412
0.19354647 0.08856652
0.18737867 0.08800801
0.18128801 0.08741814
0.17527598 0.08679646
0.16934407 0.08614250
0.16349374 0.08545580
0.15772645 0.08473587
0.15204360 0.08398226
0.14644661 0.08319449
0.14093685 0.08237210
0.13551569 0.08151464
0.13018445 0.08062167
0.12494447 0.07969277
0.11979702 0.07872753
0.11474338 0.07772557
0.10978480 0.07668654
0.10492249 0.07561012
0.10015767 0.07449600
0.09549150 0.07334394
0.09092514 0.07215371
0.08645971 0.07092515
0.08209632 0.06965812
0.07783604 0.06835254
0.07367992 0.06700838
0.06962899 0.06562567
0.06568424 0.06420449
0.06184666 0.06274496
0.05811718 0.06124730
0.05449674 0.05971176
0.05098621 0.05813867
0.04758647 0.05652841
0.04429836 0.05488145
0.04112269 0.05319830
0.03806023 0.05147955
0.03511176 0.04972587
0.03227798 0.04793799
0.02955962 0.04611671
0.02695732 0.04426288
0.02447174 0.04237745
0.02210349 0.04046142
0.01985316 0.03851585
0.01772129 0.03654187
0.01570842 0.03454069
0.01381504 0.03251354
0.01204162 0.03046175
0.01038859 0.02838669
0.00885637 0.02628978
0.00744534 0.02417249
0.00615583 0.02203635
0.00498817 0.01988292
0.00394265 0.01771382
0.00301952 0.01553068
0.00221902 0.01333518
0.00154133 0.01112904
0.00098664 0.00891398
0.00055506 0.00669177
0.00024672 0.00446418
0.00006168 0.00223299
0.00000000 0.00000000
0.00006168 -0.00084388
0.00024672 -0.00168635
0.00055506 -0.00252603
0.00098664 -0.00336152
0.00154133 -0.00419148
0.00221902 -0.00501454
0.00301952 -0.00582942
0.00394265 -0.00663483
0.00498817 -0.00742955
0.00615583 -0.00821240
0.00744534 -0.00898224
0.00885637 -0.00973801
0.01038859 -0.01047868
0.01204162 -0.01120333
0.01381504 -0.01191105
0.01570842 -0.01260106
0.01772129 -0.01327261
0.01985316 -0.01392505
0.02210349 -0.01455779
0.02447174 -0.01517033
0.02695732 -0.01576224
0.02955962 -0.01633318
0.03227798 -0.01688289
0.03511176 -0.01741116
0.03806023 -0.01791789
0.04112269 -0.01840304
0.04429836 -0.01886662
0.04758647 -0.01930876
0.05098621 -0.01972960
0.05449674 -0.02012939
0.05811718 -0.02050840
0.06184666 -0.02086698
0.06568424 -0.02120553
0.06962899 -0.02152447
0.07367992 -0.02182431
0.07783604 -0.02210554
0.08209632 -0.02236873
0.08645971 -0.02261444
0.09092514 -0.02284328
0.09549150 -0.02305585
0.10015767 -0.02325278
0.10492249 -0.02343470
0.10978480 -0.02360224
0.11474338 -0.02375603
0.11979702 -0.02389669
0.12494447 -0.02402481
0.13018445 -0.02414099
0.13551569 -0.02424581
0.14093685 -0.02433979
0.14644661 -0.02442346
0.15204360 -0.02449729
0.15772645 -0.02456175
0.16349374 -0.02461723
0.16934407 -0.02466412
0.17527598 -0.02470275
0.18128801 -0.02473341
0.18737867 -0.02475636
0.19354647 -0.02477181
0.19978989 -0.02477991
0.20610737 -0.02478079
0.21249737 -0.02477454
0.21895831 -0.02476120
0.22548859 -0.02474075
0.23208660 -0.02471317
0.23875072 -0.02467838
0.24547929 -0.02463627
0.25227067 -0.02458669
0.25912316 -0.02452948
0.26603509 -0.02446444
0.27300475 -0.02439134
0.28003042 -0.02430995
0.28711035 -0.02422000
0.29424282 -0.02412121
0.30142605 -0.02401331
0.30865828 -0.02389601
0.31593772 -0.02376900
0.32326258 -0.02363199
0.33063104 -0.02348470
0.33804129 -0.02332683
0.34549150 -0.02315810
0.35297984 -0.02297827
0.36050445 -0.02278708
0.36806348 -0.02258430
0.37565506 -0.02236974
0.38327732 -0.02214321
0.39092838 -0.02190456
0.39860635 -0.02165367
0.40630934 -0.02139045
0.41403545 -0.02111484
0.42178277 -0.02082682
0.42954938 -0.02052640
0.43733338 -0.02021363
0.44513284 -0.01988861
0.45294584 -0.01955145
0.46077045 -0.01920232
0.46860474 -0.01884144
0.47644677 -0.01846904
0.48429462 -0.01808542
0.49214634 -0.01769089
0.50000000 -0.01728581
0.50785366 -0.01687059
0.51570538 -0.01644565
0.52355323 -0.01601146
0.53139526 -0.01556853
0.53922955 -0.01511739
0.54705416 -0.01465860
0.55486716 -0.01419274
0.56266662 -0.01372045
0.57045062 -0.01324236
0.57821723 -0.01275913
0.58596455 -0.01227145
0.59369066 -0.01178002
0.60139365 -0.01128556
0.60907162 -0.01078879
0.61672268 -0.01029047
0.62434494 -0.00979133
0.63193652 -0.00929215
0.63949555 -0.00879367
0.64702016 -0.00829667
0.65450850 -0.00780190
0.66195871 -0.00731012
0.66936896 -0.00682210
0.67673742 -0.00633859
0.68406228 -0.00586031
0.69134172 -0.00538800
0.69857395 -0.00492238
0.70575718 -0.00446415
0.71288965 -0.00401399
0.71996958 -0.00357257
0.72699525 -0.00314053
0.73396491 -0.00271850
0.74087684 -0.00230707
0.74772933 -0.00190683
0.75452071 -0.00151832
0.76124928 -0.00114206
0.76791340 -0.00077853
0.77451141 -0.00042821
0.78104169 -0.00009152
0.78750263 0.00023115
0.79389263 0.00053943
0.80021011 0.00083301
0.80645353 0.00111158
0.81262133 0.00137491
0.81871199 0.00162277
0.82472402 0.00185500
0.83065593 0.00207144
0.83650626 0.00227201
0.84227355 0.00245665
0.84795640 0.00262535
0.85355339 0.00277812
0.85906315 0.00291504
0.86448431 0.00303620
0.86981555 0.00314177
0.87505553 0.00323192
0.88020298 0.00330688
0.88525662 0.00336693
0.89021520 0.00341236
0.89507751 0.00344354
0.89984233 0.00346084
0.90450850 0.00346469
0.90907486 0.00345554
0.91354029 0.00343389
0.91790368 0.00340026
0.92216396 0.00335522
0.92632008 0.00329936
0.93037101 0.00323328
0.93431576 0.00315765
0.93815334 0.00307312
0.94188282 0.00298039
0.94550326 0.00288017
0.94901379 0.00277319
0.95241353 0.00266021
0.95570164 0.00254197
0.95887731 0.00241925
0.96193977 0.00229282
0.96488824 0.00216346
0.96772202 0.00203196
0.97044038 0.00189910
0.97304268 0.00176565
0.97552826 0.00163239
0.97789651 0.00150006
0.98014684 0.00136942
0.98227871 0.00124120
0.98429158 0.00111609
0.98618496 0.00099480
0.98795838 0.00087797
0.98961141 0.00076625
0.99114363 0.00066023
0.99255466 0.00056049
0.99384417 0.00046755
0.99501183 0.00038191
0.99605735 0.00030403
0.99698048 0.00023432
0.99778098 0.00017314
0.99845867 0.00012082
0.99901336 0.00007763
0.99944494 0.00004380
0.99975328 0.00001951
0.99993832 0.00000488
1.00000000 -0.00000000
