sample_545
1.00000000 -0.00000000
0.99993832 0.00001149
0.99975328 0.00004599
0.99944494 0.00010354
0.99901336 0.00018424
0.99845867 0.00028820
0.99778098 0.00041558
0.99698048 0.00056655
0.99605735 0.00074133
0.99501183 0.00094016
0.99384417 0.00116331
0.99255466 0.00141106
0.99114363 0.00168372
0.98961141 0.00198160
0.98795838 0.00230506
0.98618496 0.00265444
0.98429158 0.00303008
0.98227871 0.00343236
0.98014684 0.00386163
0.97789651 0.00431824
0.97552826 0.00480254
0.97304268 0.00531487
0.97044038 0.00585555
0.96772202 0.00642488
0.96488824 0.00702315
0.96193977 0.00765059
0.95887731 0.00830746
0.95570164 0.00899392
0.95241353 0.00971015
0.94901379 0.01045627
0.94550326 0.01123235
0.94188282 0.01203842
0.93815334 0.01287449
0.93431576 0.01374047
0.93037101 0.01463628
0.92632008 0.01556175
0.92216396 0.01651665
0.91790368 0.01750073
0.91354029 0.01851367
0.90907486 0.01955507
0.90450850 0.02062452
0.89984233 0.02172151
0.89507751 0.02284550
0.89021520 0.02399588
0.88525662 0.02517200
0.88020298 0.02637315
0.87505553 0.02759855
0.86981555 0.02884739
0.86448431 0.03011879
0.85906315 0.03141184
0.85355339 0.03272557
0.84795640 0.03405896
0.84227355 0.03541095
0.83650626 0.03678044
0.83065593 0.03816628
0.82472402 0.03956730
0.81871199 0.04098228
0.81262133 0.04240996
0.80645353 0.04384906
0.80021011 0.04529826
0.79389263 0.04675623
0.78750263 0.04822159
0.78104169 0.04969297
0.77451141 0.05116894
0.76791340 0.05264809
0.76124928 0.05412897
0.75452071 0.05561012
0.74772933 0.05709008
0.74087684 0.05856736
0.73396491 0.06004049
0.72699525 0.06150798
0.71996958 0.06296833
0.71288965 0.06442006
0.70575718 0.06586167
0.69857395 0.06729169
0.69134172 0.06870864
0.68406228 0.07011104
0.67673742 0.07149743
0.66936896 0.07286638
0.66195871 0.07421646
0.65450850 0.07554624
0.64702016 0.07685434
0.63949555 0.07813939
0.63193652 0.07940004
0.62434494 0.08063498
0.61672268 0.08184290
0.60907162 0.08302256
0.60139365 0.08417274
0.59369066 0.08529223
0.58596455 0.08637991
0.57821723 0.08743465
0.57045062 0.08845540
0.56266662 0.08944115
0.55486716 0.09039091
0.54705416 0.09130379
0.53922955 0.09217891
0.53139526 0.09301547
0.52355323 0.09381272
0.51570538 0.09456997
0.50785366 0.09528660
0.50000000 0.09596203
0.49214634 0.09659577
0.48429462 0.09718740
0.47644677 0.09773654
0.46860474 0.09824290
0.46077045 0.09870625
0.45294584 0.09912643
0.44513284 0.09950337
0.43733338 0.09983704
0.42954938 0.10012750
0.42178277 0.10037488
0.41403545 0.10057935
0.40630934 0.10074118
0.39860635 0.10086069
0.39092838 0.10093827
0.38327732 0.10097437
0.37565506 0.10096948
0.36806348 0.10092417
0.36050445 0.10083904
0.35297984 0.10071477
0.34549150 0.10055204
0.33804129 0.10035160
0.33063104 0.10011423
0.32326258 0.09984074
0.31593772 0.09953196
0.30865828 0.09918874
0.30142605 0.09881196
0.29424282 0.09840249
0.28711035 0.09796122
0.28003042 0.09748903
0.27300475 0.09698679
0.26603509 0.09645537
0.25912316 0.09589561
0.25227067 0.09530833
0.24547929 0.09469431
0.23875072 0.09405433
0.23208660 0.09338910
0.22548859 0.09269928
0.21895831 0.09198552
0.21249737 0.09124839
0.20610737 0.09048840
0.19978989 0.08970603
0.19354647 0.08890166
0.18737867 0.08807565
0.18128801 0.08722826
0.17527598 0.08635971
0.16934407 0.08547012
0.16349374 0.08455958
0.15772645 0.08362808
0.15204360 0.08267558
0.14644661 0.08170194
0.14093685 0.08070698
0.13551569 0.07969045
0.13018445 0.07865206
0.12494447 0.07759144
0.11979702 0.07650820
0.11474338 0.07540188
0.10978480 0.07427201
0.10492249 0.07311806
0.10015767 0.07193950
0.09549150 0.07073576
0.09092514 0.06950626
0.08645971 0.06825042
0.08209632 0.06696765
0.07783604 0.06565738
0.07367992 0.06431904
0.06962899 0.06295210
0.06568424 0.06155605
0.06184666 0.06013043
0.05811718 0.05867479
0.05449674 0.05718877
0.05098621 0.05567204
0.04758647 0.05412437
0.04429836 0.05254556
0.04112269 0.05093551
0.03806023 0.04929420
0.03511176 0.04762169
0.03227798 0.04591814
0.02955962 0.04418381
0.02695732 0.04241903
0.02447174 0.04062426
0.02210349 0.03880006
0.01985316 0.03694706
0.01772129 0.03506605
0.01570842 0.03315787
0.01381504 0.03122350
0.01204162 0.02926401
0.01038859 0.02728055
0.00885637 0.02527440
0.00744534 0.02324691
0.00615583 0.02119952
0.00498817 0.01913376
0.00394265 0.01705122
0.00301952 0.01495359
0.00221902 0.01284261
0.00154133 0.01072007
0.00098664 0.00858782
0.00055506 0.00644776
0.00024672 0.00430179
0.00006168 0.00215188
0.00000000 0.00000000
0.00006168 -0.00066064
0.00024672 -0.00132163
0.00055506 -0.00198332
0.00098664 -0.00264606
0.00154133 -0.00331019
0.00221902 -0.00397603
0.00301952 -0.00464390
0.00394265 -0.00531411
0.00498817 -0.00598695
0.00615583 -0.00666270
0.00744534 -0.00734160
0.00885637 -0.00802390
0.01038859 -0.00870980
0.01204162 -0.00939950
0.01381504 -0.01009315
0.01570842 -0.01079090
0.01772129 -0.01149285
0.01985316 -0.01219908
0.02210349 -0.01290964
0.02447174 -0.01362455
0.02695732 -0.01434378
0.02955962 -0.01506731
0.03227798 -0.01579504
0.03511176 -0.01652686
0.03806023 -0.01726263
0.04112269 -0.01800216
0.04429836 -0.01874525
0.04758647 -0.01949163
0.05098621 -0.02024104
0.05449674 -0.02099315
0.05811718 -0.02174762
0.06184666 -0.02250406
0.06568424 -0.02326207
0.06962899 -0.02402120
0.07367992 -0.02478099
0.07783604 -0.02554093
0.08209632 -0.02630049
0.08645971 -0.02705912
0.09092514 -0.02781624
0.09549150 -0.02857123
0.10015767 -0.02932349
0.10492249 -0.03007235
0.10978480 -0.03081715
0.11474338 -0.03155719
0.11979702 -0.03229177
0.12494447 -0.03302017
0.13018445 -0.03374166
0.13551569 -0.03445548
0.14093685 -0.03516087
0.14644661 -0.03585707
0.15204360 -0.03654329
0.15772645 -0.03721875
0.16349374 -0.03788265
0.16934407 -0.03853422
0.17527598 -0.03917264
0.18128801 -0.03979712
0.18737867 -0.04040687
0.19354647 -0.04100109
0.19978989 -0.04157899
0.20610737 -0.04213980
0.21249737 -0.04268273
0.21895831 -0.04320702
0.22548859 -0.04371190
0.23208660 -0.04419663
0.23875072 -0.04466048
0.24547929 -0.04510273
0.25227067 -0.04552267
0.25912316 -0.04591962
0.26603509 -0.04629290
0.27300475 -0.04664187
0.28003042 -0.04696590
0.28711035 -0.04726439
0.29424282 -0.04753675
0.30142605 -0.04778244
0.30865828 -0.04800092
0.31593772 -0.04819169
0.32326258 -0.04835429
0.33063104 -0.04848828
0.33804129 -0.04859324
0.34549150 -0.04866882
0.35297984 -0.04871466
0.36050445 -0.04873047
0.36806348 -0.04871599
0.37565506 -0.04867100
0.38327732 -0.04859530
0.39092838 -0.04848877
0.39860635 -0.04835129
0.40630934 -0.04818282
0.41403545 -0.04798335
0.42178277 -0.04775290
0.42954938 -0.04749158
0.43733338 -0.04719950
0.44513284 -0.04687685
0.45294584 -0.04652385
0.46077045 -0.04614079
0.46860474 -0.04572801
0.47644677 -0.04528587
0.48429462 -0.04481482
0.49214634 -0.04431533
0.50000000 -0.04378796
0.50785366 -0.04323328
0.51570538 -0.04265194
0.52355323 -0.04204463
0.53139526 -0.04141209
0.53922955 -0.04075512
0.54705416 -0.04007456
0.55486716 -0.03937130
0.56266662 -0.03864628
0.57045062 -0.03790048
0.57821723 -0.03713494
0.58596455 -0.03635072
0.59369066 -0.03554895
0.60139365 -0.03473076
0.60907162 -0.03389735
0.61672268 -0.03304995
0.62434494 -0.03218980
0.63193652 -0.03131820
0.63949555 -0.03043646
0.64702016 -0.02954590
0.65450850 -0.02864790
0.66195871 -0.02774381
0.66936896 -0.02683503
0.67673742 -0.02592296
0.68406228 -0.02500900
0.69134172 -0.02409455
0.69857395 -0.02318102
0.70575718 -0.02226982
0.71288965 -0.02136235
0.71996958 -0.02045997
0.72699525 -0.01956407
0.73396491 -0.01867598
0.74087684 -0.01779703
0.74772933 -0.01692852
0.75452071 -0.01607171
0.76124928 -0.01522782
0.76791340 -0.01439805
0.77451141 -0.01358355
0.78104169 -0.01278542
0.78750263 -0.01200470
0.79389263 -0.01124241
0.80021011 -0.01049948
0.80645353 -0.00977681
0.81262133 -0.00907521
0.81871199 -0.00839545
0.82472402 -0.00773822
0.83065593 -0.00710416
0.83650626 -0.00649381
0.84227355 -0.00590768
0.84795640 -0.00534617
0.85355339 -0.00480962
0.85906315 -0.00429830
0.86448431 -0.00381240
0.86981555 -0.00335204
0.87505553 -0.00291727
0.88020298 -0.00250804
0.88525662 -0.00212425
0.89021520 -0.00176572
0.89507751 -0.00143220
0.89984233 -0.00112337
0.90450850 -0.00083883
0.90907486 -0.00057812
0.91354029 -0.00034073
0.91790368 -0.00012608
0.92216396 0.00006650
0.92632008 0.00023768
0.93037101 0.00038823
0.93431576 0.00051894
0.93815334 0.00063066
0.94188282 0.00072428
0.94550326 0.00080072
0.94901379 0.00086095
0.95241353 0.00090595
0.95570164 0.00093673
0.95887731 0.00095434
0.96193977 0.00095981
0.96488824 0.00095421
0.96772202 0.00093860
0.97044038 0.00091405
0.97304268 0.00088163
0.97552826 0.00084240
0.97789651 0.00079739
0.98014684 0.00074763
0.98227871 0.00069414
0.98429158 0.00063788
0.98618496 0.00057981
0.98795838 0.00052085
0.98961141 0.00046186
0.99114363 0.00040368
0.99255466 0.00034711
0.99384417 0.00029286
0.99501183 0.00024164
0.99605735 0.00019407
0.99698048 0.00015072
0.99778098 0.00011210
0.99845867 0.00007865
0.99901336 0.00005076
0.99944494 0.00002874
0.99975328 0.00001283
0.99993832 0.00000322
1.00000000 -0.00000000
