sample_391
1.00000000 -0.00000000
0.99993832 0.00001245
0.99975328 0.00004980
0.99944494 0.00011207
0.99901336 0.00019930
0.99845867 0.00031152
0.99778098 0.00044880
0.99698048 0.00061120
0.99605735 0.00079881
0.99501183 0.00101170
0.99384417 0.00124998
0.99255466 0.00151374
0.99114363 0.00180310
0.98961141 0.00211817
0.98795838 0.00245906
0.98618496 0.00282589
0.98429158 0.00321878
0.98227871 0.00363783
0.98014684 0.00408317
0.97789651 0.00455489
0.97552826 0.00505309
0.97304268 0.00557785
0.97044038 0.00612924
0.96772202 0.00670733
0.96488824 0.00731216
0.96193977 0.00794375
0.95887731 0.00860210
0.95570164 0.00928721
0.95241353 0.00999903
0.94901379 0.01073750
0.94550326 0.01150252
0.94188282 0.01229397
0.93815334 0.01311171
0.93431576 0.01395555
0.93037101 0.01482529
0.92632008 0.01572066
0.92216396 0.01664140
0.91790368 0.01758719
0.91354029 0.01855766
0.90907486 0.01955244
0.90450850 0.02057111
0.89984233 0.02161318
0.89507751 0.02267818
0.89021520 0.02376556
0.88525662 0.02487475
0.88020298 0.02600514
0.87505553 0.02715608
0.86981555 0.02832691
0.86448431 0.02951690
0.85906315 0.03072531
0.85355339 0.03195136
0.84795640 0.03319425
0.84227355 0.03445313
0.83650626 0.03572715
0.83065593 0.03701541
0.82472402 0.03831699
0.81871199 0.03963096
0.81262133 0.04095635
0.80645353 0.04229220
0.80021011 0.04363749
0.79389263 0.04499123
0.78750263 0.04635238
0.78104169 0.04771991
0.77451141 0.04909277
0.76791340 0.05046990
0.76124928 0.05185025
0.75452071 0.05323274
0.74772933 0.05461631
0.74087684 0.05599989
0.73396491 0.05738240
0.72699525 0.05876277
0.71996958 0.06013994
0.71288965 0.06151284
0.70575718 0.06288042
0.69857395 0.06424161
0.69134172 0.06559538
0.68406228 0.06694068
0.67673742 0.06827648
0.66936896 0.06960175
0.66195871 0.07091548
0.65450850 0.07221666
0.64702016 0.07350429
0.63949555 0.07477738
0.63193652 0.07603495
0.62434494 0.07727601
0.61672268 0.07849960
0.60907162 0.07970477
0.60139365 0.08089054
0.59369066 0.08205598
0.58596455 0.08320014
0.57821723 0.08432208
0.57045062 0.08542087
0.56266662 0.08649556
0.55486716 0.08754524
0.54705416 0.08856897
0.53922955 0.08956583
0.53139526 0.09053489
0.52355323 0.09147522
0.51570538 0.09238591
0.50785366 0.09326602
0.50000000 0.09411463
0.49214634 0.09493083
0.48429462 0.09571368
0.47644677 0.09646227
0.46860474 0.09717568
0.46077045 0.09785298
0.45294584 0.09849326
0.44513284 0.09909563
0.43733338 0.09965916
0.42954938 0.10018298
0.42178277 0.10066620
0.41403545 0.10110794
0.40630934 0.10150734
0.39860635 0.10186357
0.39092838 0.10217581
0.38327732 0.10244326
0.37565506 0.10266514
0.36806348 0.10284070
0.36050445 0.10296925
0.35297984 0.10305009
0.34549150 0.10308259
0.33804129 0.10306615
0.33063104 0.10300022
0.32326258 0.10288430
0.31593772 0.10271794
0.30865828 0.10250075
0.30142605 0.10223240
0.29424282 0.10191262
0.28711035 0.10154121
0.28003042 0.10111805
0.27300475 0.10064308
0.26603509 0.10011631
0.25912316 0.09953785
0.25227067 0.09890788
0.24547929 0.09822666
0.23875072 0.09749455
0.23208660 0.09671198
0.22548859 0.09587947
0.21895831 0.09499764
0.21249737 0.09406719
0.20610737 0.09308891
0.19978989 0.09206368
0.19354647 0.09099247
0.18737867 0.08987632
0.18128801 0.08871638
0.17527598 0.08751386
0.16934407 0.08627005
0.16349374 0.08498634
0.15772645 0.08366416
0.15204360 0.08230504
0.14644661 0.08091053
0.14093685 0.07948229
0.13551569 0.07802199
0.13018445 0.07653138
0.12494447 0.07501223
0.11979702 0.07346635
0.11474338 0.07189559
0.10978480 0.07030181
0.10492249 0.06868689
0.10015767 0.06705271
0.09549150 0.06540116
0.09092514 0.06373412
0.08645971 0.06205346
0.08209632 0.06036102
0.07783604 0.05865861
0.07367992 0.05694802
0.06962899 0.05523096
0.06568424 0.05350914
0.06184666 0.05178416
0.05811718 0.05005760
0.05449674 0.04833093
0.05098621 0.04660558
0.04758647 0.04488287
0.04429836 0.04316404
0.04112269 0.04145025
0.03806023 0.03974256
0.03511176 0.03804191
0.03227798 0.03634917
0.02955962 0.03466507
0.02695732 0.03299027
0.02447174 0.03132529
0.02210349 0.02967055
0.01985316 0.02802637
0.01772129 0.02639295
0.01570842 0.02477039
0.01381504 0.02315869
0.01204162 0.02155773
0.01038859 0.01996729
0.00885637 0.01838707
0.00744534 0.01681667
0.00615583 0.01525561
0.00498817 0.01370330
0.00394265 0.01215910
0.00301952 0.01062230
0.00221902 0.00909211
0.00154133 0.00756770
0.00098664 0.00604818
0.00055506 0.00453263
0.00024672 0.00302007
0.00006168 0.00150953
0.00000000 0.00000000
0.00006168 -0.00098622
0.00024672 -0.00197066
0.00055506 -0.00295155
0.00098664 -0.00392713
0.00154133 -0.00489567
0.00221902 -0.00585547
0.00301952 -0.00680484
0.00394265 -0.00774218
0.00498817 -0.00866589
0.00615583 -0.00957446
0.00744534 -0.01046643
0.00885637 -0.01134041
0.01038859 -0.01219507
0.01204162 -0.01302918
0.01381504 -0.01384157
0.01570842 -0.01463118
0.01772129 -0.01539701
0.01985316 -0.01613819
0.02210349 -0.01685391
0.02447174 -0.01754348
0.02695732 -0.01820631
0.02955962 -0.01884190
0.03227798 -0.01944986
0.03511176 -0.02002989
0.03806023 -0.02058181
0.04112269 -0.02110553
0.04429836 -0.02160104
0.04758647 -0.02206847
0.05098621 -0.02250800
0.05449674 -0.02291994
0.05811718 -0.02330466
0.06184666 -0.02366261
0.06568424 -0.02399435
0.06962899 -0.02430050
0.07367992 -0.02458173
0.07783604 -0.02483880
0.08209632 -0.02507252
0.08645971 -0.02528376
0.09092514 -0.02547343
0.09549150 -0.02564246
0.10015767 -0.02579186
0.10492249 -0.02592262
0.10978480 -0.02603578
0.11474338 -0.02613238
0.11979702 -0.02621346
0.12494447 -0.02628009
0.13018445 -0.02633330
0.13551569 -0.02637411
0.14093685 -0.02640354
0.14644661 -0.02642257
0.15204360 -0.02643214
0.15772645 -0.02643316
0.16349374 -0.02642651
0.16934407 -0.02641299
0.17527598 -0.02639339
0.18128801 -0.02636839
0.18737867 -0.02633865
0.19354647 -0.02630474
0.19978989 -0.02626719
0.20610737 -0.02622643
0.21249737 -0.02618283
0.21895831 -0.02613670
0.22548859 -0.02608825
0.23208660 -0.02603763
0.23875072 -0.02598491
0.24547929 -0.02593010
0.25227067 -0.02587312
0.25912316 -0.02581382
0.26603509 -0.02575199
0.27300475 -0.02568736
0.28003042 -0.02561959
0.28711035 -0.02554826
0.29424282 -0.02547293
0.30142605 -0.02539310
0.30865828 -0.02530820
0.31593772 -0.02521765
0.32326258 -0.02512083
0.33063104 -0.02501707
0.33804129 -0.02490569
0.34549150 -0.02478601
0.35297984 -0.02465731
0.36050445 -0.02451889
0.36806348 -0.02437003
0.37565506 -0.02421003
0.38327732 -0.02403821
0.39092838 -0.02385390
0.39860635 -0.02365646
0.40630934 -0.02344530
0.41403545 -0.02321983
0.42178277 -0.02297956
0.42954938 -0.02272399
0.43733338 -0.02245273
0.44513284 -0.02216541
0.45294584 -0.02186173
0.46077045 -0.02154149
0.46860474 -0.02120451
0.47644677 -0.02085073
0.48429462 -0.02048013
0.49214634 -0.02009280
0.50000000 -0.01968889
0.50785366 -0.01926864
0.51570538 -0.01883235
0.52355323 -0.01838042
0.53139526 -0.01791334
0.53922955 -0.01743166
0.54705416 -0.01693600
0.55486716 -0.01642708
0.56266662 -0.01590567
0.57045062 -0.01537262
0.57821723 -0.01482885
0.58596455 -0.01427532
0.59369066 -0.01371307
0.60139365 -0.01314317
0.60907162 -0.01256676
0.61672268 -0.01198501
0.62434494 -0.01139911
0.63193652 -0.01081030
0.63949555 -0.01021985
0.64702016 -0.00962901
0.65450850 -0.00903909
0.66195871 -0.00845136
0.66936896 -0.00786711
0.67673742 -0.00728763
0.68406228 -0.00671418
0.69134172 -0.00614800
0.69857395 -0.00559030
0.70575718 -0.00504228
0.71288965 -0.00450507
0.71996958 -0.00397978
0.72699525 -0.00346746
0.73396491 -0.00296911
0.74087684 -0.00248568
0.74772933 -0.00201804
0.75452071 -0.00156700
0.76124928 -0.00113332
0.76791340 -0.00071767
0.77451141 -0.00032065
0.78104169 0.00005721
0.78750263 0.00041547
0.79389263 0.00075375
0.80021011 0.00107176
0.80645353 0.00136928
0.81262133 0.00164619
0.81871199 0.00190242
0.82472402 0.00213798
0.83065593 0.00235298
0.83650626 0.00254757
0.84227355 0.00272198
0.84795640 0.00287652
0.85355339 0.00301156
0.85906315 0.00312752
0.86448431 0.00322488
0.86981555 0.00330418
0.87505553 0.00336601
0.88020298 0.00341101
0.88525662 0.00343984
0.89021520 0.00345322
0.89507751 0.00345190
0.89984233 0.00343665
0.90450850 0.00340826
0.90907486 0.00336755
0.91354029 0.00331536
0.91790368 0.00325253
0.92216396 0.00317991
0.92632008 0.00309835
0.93037101 0.00300871
0.93431576 0.00291184
0.93815334 0.00280857
0.94188282 0.00269973
0.94550326 0.00258615
0.94901379 0.00246862
0.95241353 0.00234793
0.95570164 0.00222482
0.95887731 0.00210004
0.96193977 0.00197430
0.96488824 0.00184827
0.96772202 0.00172262
0.97044038 0.00159798
0.97304268 0.00147493
0.97552826 0.00135405
0.97789651 0.00123587
0.98014684 0.00112090
0.98227871 0.00100960
0.98429158 0.00090244
0.98618496 0.00079981
0.98795838 0.00070211
0.98961141 0.00060968
0.99114363 0.00052285
0.99255466 0.00044192
0.99384417 0.00036716
0.99501183 0.00029881
0.99605735 0.00023709
0.99698048 0.00018219
0.99778098 0.00013427
0.99845867 0.00009349
0.99901336 0.00005996
0.99944494 0.00003379
0.99975328 0.00001503
0.99993832 0.00000376
1.00000000 -0.00000000
