sample_1439
1.00000000 -0.00000000
0.99993832 0.00001186
0.99975328 0.00004747
0.99944494 0.00010688
0.99901336 0.00019022
0.99845867 0.00029762
0.99778098 0.00042928
0.99698048 0.00058544
0.99605735 0.00076635
0.99501183 0.00097233
0.99384417 0.00120370
0.99255466 0.00146084
0.99114363 0.00174413
0.98961141 0.00205398
0.98795838 0.00239084
0.98618496 0.00275515
0.98429158 0.00314736
0.98227871 0.00356795
0.98014684 0.00401738
0.97789651 0.00449612
0.97552826 0.00500463
0.97304268 0.00554336
0.97044038 0.00611273
0.96772202 0.00671316
0.96488824 0.00734503
0.96193977 0.00800870
0.95887731 0.00870447
0.95570164 0.00943264
0.95241353 0.01019343
0.94901379 0.01098703
0.94550326 0.01181357
0.94188282 0.01267312
0.93815334 0.01356570
0.93431576 0.01449125
0.93037101 0.01544967
0.92632008 0.01644077
0.92216396 0.01746428
0.91790368 0.01851988
0.91354029 0.01960714
0.90907486 0.02072560
0.90450850 0.02187466
0.89984233 0.02305370
0.89507751 0.02426198
0.89021520 0.02549868
0.88525662 0.02676293
0.88020298 0.02805375
0.87505553 0.02937009
0.86981555 0.03071083
0.86448431 0.03207478
0.85906315 0.03346065
0.85355339 0.03486711
0.84795640 0.03629275
0.84227355 0.03773609
0.83650626 0.03919561
0.83065593 0.04066971
0.82472402 0.04215675
0.81871199 0.04365504
0.81262133 0.04516286
0.80645353 0.04667843
0.80021011 0.04819995
0.79389263 0.04972559
0.78750263 0.05125351
0.78104169 0.05278183
0.77451141 0.05430867
0.76791340 0.05583216
0.76124928 0.05735042
0.75452071 0.05886156
0.74772933 0.06036374
0.74087684 0.06185509
0.73396491 0.06333382
0.72699525 0.06479812
0.71996958 0.06624624
0.71288965 0.06767647
0.70575718 0.06908715
0.69857395 0.07047664
0.69134172 0.07184339
0.68406228 0.07318590
0.67673742 0.07450273
0.66936896 0.07579249
0.66195871 0.07705390
0.65450850 0.07828572
0.64702016 0.07948680
0.63949555 0.08065608
0.63193652 0.08179255
0.62434494 0.08289532
0.61672268 0.08396357
0.60907162 0.08499656
0.60139365 0.08599364
0.59369066 0.08695424
0.58596455 0.08787790
0.57821723 0.08876423
0.57045062 0.08961291
0.56266662 0.09042373
0.55486716 0.09119656
0.54705416 0.09193133
0.53922955 0.09262805
0.53139526 0.09328684
0.52355323 0.09390785
0.51570538 0.09449131
0.50785366 0.09503753
0.50000000 0.09554688
0.49214634 0.09601975
0.48429462 0.09645664
0.47644677 0.09685805
0.46860474 0.09722455
0.46077045 0.09755674
0.45294584 0.09785525
0.44513284 0.09812075
0.43733338 0.09835392
0.42954938 0.09855547
0.42178277 0.09872612
0.41403545 0.09886658
0.40630934 0.09897760
0.39860635 0.09905988
0.39092838 0.09911416
0.38327732 0.09914113
0.37565506 0.09914148
0.36806348 0.09911588
0.36050445 0.09906496
0.35297984 0.09898934
0.34549150 0.09888958
0.33804129 0.09876623
0.33063104 0.09861977
0.32326258 0.09845065
0.31593772 0.09825927
0.30865828 0.09804598
0.30142605 0.09781107
0.29424282 0.09755478
0.28711035 0.09727730
0.28003042 0.09697874
0.27300475 0.09665918
0.26603509 0.09631862
0.25912316 0.09595700
0.25227067 0.09557422
0.24547929 0.09517009
0.23875072 0.09474439
0.23208660 0.09429682
0.22548859 0.09382705
0.21895831 0.09333466
0.21249737 0.09281922
0.20610737 0.09228022
0.19978989 0.09171712
0.19354647 0.09112933
0.18737867 0.09051622
0.18128801 0.08987713
0.17527598 0.08921136
0.16934407 0.08851819
0.16349374 0.08779687
0.15772645 0.08704664
0.15204360 0.08626672
0.14644661 0.08545632
0.14093685 0.08461465
0.13551569 0.08374091
0.13018445 0.08283431
0.12494447 0.08189410
0.11979702 0.08091949
0.11474338 0.07990976
0.10978480 0.07886420
0.10492249 0.07778212
0.10015767 0.07666288
0.09549150 0.07550589
0.09092514 0.07431059
0.08645971 0.07307646
0.08209632 0.07180308
0.07783604 0.07049004
0.07367992 0.06913702
0.06962899 0.06774378
0.06568424 0.06631011
0.06184666 0.06483591
0.05811718 0.06332115
0.05449674 0.06176587
0.05098621 0.06017020
0.04758647 0.05853437
0.04429836 0.05685866
0.04112269 0.05514347
0.03806023 0.05338928
0.03511176 0.05159666
0.03227798 0.04976626
0.02955962 0.04789883
0.02695732 0.04599521
0.02447174 0.04405634
0.02210349 0.04208322
0.01985316 0.04007696
0.01772129 0.03803875
0.01570842 0.03596985
0.01381504 0.03387162
0.01204162 0.03174548
0.01038859 0.02959293
0.00885637 0.02741554
0.00744534 0.02521496
0.00615583 0.02299289
0.00498817 0.02075108
0.00394265 0.01849135
0.00301952 0.01621557
0.00221902 0.01392563
0.00154133 0.01162349
0.00098664 0.00931114
0.00055506 0.00699057
0.00024672 0.00466382
0.00006168 0.00233294
0.00000000 0.00000000
0.00006168 -0.00118640
0.00024672 -0.00237204
0.00055506 -0.00355618
0.00098664 -0.00473807
0.00154133 -0.00591697
0.00221902 -0.00709214
0.00301952 -0.00826286
0.00394265 -0.00942842
0.00498817 -0.01058812
0.00615583 -0.01174126
0.00744534 -0.01288717
0.00885637 -0.01402521
0.01038859 -0.01515473
0.01204162 -0.01627510
0.01381504 -0.01738573
0.01570842 -0.01848604
0.01772129 -0.01957545
0.01985316 -0.02065343
0.02210349 -0.02171945
0.02447174 -0.02277300
0.02695732 -0.02381360
0.02955962 -0.02484079
0.03227798 -0.02585410
0.03511176 -0.02685310
0.03806023 -0.02783739
0.04112269 -0.02880654
0.04429836 -0.02976017
0.04758647 -0.03069790
0.05098621 -0.03161936
0.05449674 -0.03252420
0.05811718 -0.03341204
0.06184666 -0.03428255
0.06568424 -0.03513539
0.06962899 -0.03597020
0.07367992 -0.03678664
0.07783604 -0.03758438
0.08209632 -0.03836306
0.08645971 -0.03912234
0.09092514 -0.03986186
0.09549150 -0.04058126
0.10015767 -0.04128017
0.10492249 -0.04195822
0.10978480 -0.04261500
0.11474338 -0.04325014
0.11979702 -0.04386322
0.12494447 -0.04445382
0.13018445 -0.04502153
0.13551569 -0.04556589
0.14093685 -0.04608648
0.14644661 -0.04658282
0.15204360 -0.04705446
0.15772645 -0.04750093
0.16349374 -0.04792175
0.16934407 -0.04831644
0.17527598 -0.04868452
0.18128801 -0.04902551
0.18737867 -0.04933892
0.19354647 -0.04962428
0.19978989 -0.04988111
0.20610737 -0.05010896
0.21249737 -0.05030736
0.21895831 -0.05047588
0.22548859 -0.05061409
0.23208660 -0.05072160
0.23875072 -0.05079801
0.24547929 -0.05084298
0.25227067 -0.05085616
0.25912316 -0.05083727
0.26603509 -0.05078602
0.27300475 -0.05070220
0.28003042 -0.05058561
0.28711035 -0.05043608
0.29424282 -0.05025353
0.30142605 -0.05003787
0.30865828 -0.04978908
0.31593772 -0.04950721
0.32326258 -0.04919234
0.33063104 -0.04884458
0.33804129 -0.04846414
0.34549150 -0.04805125
0.35297984 -0.04760621
0.36050445 -0.04712938
0.36806348 -0.04662115
0.37565506 -0.04608200
0.38327732 -0.04551244
0.39092838 -0.04491306
0.39860635 -0.04428448
0.40630934 -0.04362740
0.41403545 -0.04294255
0.42178277 -0.04223073
0.42954938 -0.04149278
0.43733338 -0.04072959
0.44513284 -0.03994211
0.45294584 -0.03913133
0.46077045 -0.03829827
0.46860474 -0.03744402
0.47644677 -0.03656967
0.48429462 -0.03567639
0.49214634 -0.03476536
0.50000000 -0.03383778
0.50785366 -0.03289492
0.51570538 -0.03193803
0.52355323 -0.03096841
0.53139526 -0.02998737
0.53922955 -0.02899626
0.54705416 -0.02799641
0.55486716 -0.02698919
0.56266662 -0.02597597
0.57045062 -0.02495812
0.57821723 -0.02393702
0.58596455 -0.02291406
0.59369066 -0.02189061
0.60139365 -0.02086805
0.60907162 -0.01984774
0.61672268 -0.01883106
0.62434494 -0.01781933
0.63193652 -0.01681391
0.63949555 -0.01581610
0.64702016 -0.01482721
0.65450850 -0.01384852
0.66195871 -0.01288127
0.66936896 -0.01192670
0.67673742 -0.01098602
0.68406228 -0.01006039
0.69134172 -0.00915097
0.69857395 -0.00825885
0.70575718 -0.00738513
0.71288965 -0.00653083
0.71996958 -0.00569697
0.72699525 -0.00488450
0.73396491 -0.00409434
0.74087684 -0.00332736
0.74772933 -0.00258441
0.75452071 -0.00186626
0.76124928 -0.00117366
0.76791340 -0.00050728
0.77451141 0.00013224
0.78104169 0.00074431
0.78750263 0.00132841
0.79389263 0.00188407
0.80021011 0.00241087
0.80645353 0.00290846
0.81262133 0.00337654
0.81871199 0.00381489
0.82472402 0.00422333
0.83065593 0.00460176
0.83650626 0.00495014
0.84227355 0.00526848
0.84795640 0.00555689
0.85355339 0.00581552
0.85906315 0.00604459
0.86448431 0.00624441
0.86981555 0.00641533
0.87505553 0.00655778
0.88020298 0.00667226
0.88525662 0.00675934
0.89021520 0.00681964
0.89507751 0.00685387
0.89984233 0.00686279
0.90450850 0.00684723
0.90907486 0.00680807
0.91354029 0.00674626
0.91790368 0.00666281
0.92216396 0.00655877
0.92632008 0.00643526
0.93037101 0.00629345
0.93431576 0.00613453
0.93815334 0.00595977
0.94188282 0.00577045
0.94550326 0.00556789
0.94901379 0.00535346
0.95241353 0.00512854
0.95570164 0.00489454
0.95887731 0.00465287
0.96193977 0.00440497
0.96488824 0.00415228
0.96772202 0.00389625
0.97044038 0.00363831
0.97304268 0.00337990
0.97552826 0.00312243
0.97789651 0.00286729
0.98014684 0.00261587
0.98227871 0.00236949
0.98429158 0.00212947
0.98618496 0.00189706
0.98795838 0.00167347
0.98961141 0.00145988
0.99114363 0.00125739
0.99255466 0.00106705
0.99384417 0.00088982
0.99501183 0.00072663
0.99605735 0.00057830
0.99698048 0.00044559
0.99778098 0.00032918
0.99845867 0.00022967
0.99901336 0.00014755
0.99944494 0.00008324
0.99975328 0.00003707
0.99993832 0.00000928
1.00000000 -0.00000000
