sample_184
1.00000000 -0.00000000
0.99993832 0.00001873
0.99975328 0.00007491
0.99944494 0.00016845
0.99901336 0.00029922
0.99845867 0.00046703
0.99778098 0.00067166
0.99698048 0.00091281
0.99605735 0.00119016
0.99501183 0.00150332
0.99384417 0.00185189
0.99255466 0.00223539
0.99114363 0.00265333
0.98961141 0.00310517
0.98795838 0.00359036
0.98618496 0.00410828
0.98429158 0.00465832
0.98227871 0.00523984
0.98014684 0.00585217
0.97789651 0.00649464
0.97552826 0.00716656
0.97304268 0.00786722
0.97044038 0.00859593
0.96772202 0.00935198
0.96488824 0.01013467
0.96193977 0.01094329
0.95887731 0.01177716
0.95570164 0.01263559
0.95241353 0.01351791
0.94901379 0.01442346
0.94550326 0.01535160
0.94188282 0.01630172
0.93815334 0.01727320
0.93431576 0.01826546
0.93037101 0.01927794
0.92632008 0.02031010
0.92216396 0.02136141
0.91790368 0.02243139
0.91354029 0.02351953
0.90907486 0.02462540
0.90450850 0.02574854
0.89984233 0.02688854
0.89507751 0.02804498
0.89021520 0.02921748
0.88525662 0.03040564
0.88020298 0.03160910
0.87505553 0.03282748
0.86981555 0.03406043
0.86448431 0.03530759
0.85906315 0.03656858
0.85355339 0.03784305
0.84795640 0.03913062
0.84227355 0.04043089
0.83650626 0.04174348
0.83065593 0.04306795
0.82472402 0.04440388
0.81871199 0.04575081
0.81262133 0.04710824
0.80645353 0.04847567
0.80021011 0.04985254
0.79389263 0.05123828
0.78750263 0.05263228
0.78104169 0.05403388
0.77451141 0.05544240
0.76791340 0.05685711
0.76124928 0.05827723
0.75452071 0.05970197
0.74772933 0.06113045
0.74087684 0.06256179
0.73396491 0.06399505
0.72699525 0.06542924
0.71996958 0.06686335
0.71288965 0.06829632
0.70575718 0.06972704
0.69857395 0.07115439
0.69134172 0.07257718
0.68406228 0.07399421
0.67673742 0.07540425
0.66936896 0.07680603
0.66195871 0.07819827
0.65450850 0.07957965
0.64702016 0.08094885
0.63949555 0.08230452
0.63193652 0.08364530
0.62434494 0.08496983
0.61672268 0.08627674
0.60907162 0.08756465
0.60139365 0.08883221
0.59369066 0.09007803
0.58596455 0.09130077
0.57821723 0.09249910
0.57045062 0.09367168
0.56266662 0.09481722
0.55486716 0.09593443
0.54705416 0.09702207
0.53922955 0.09807892
0.53139526 0.09910378
0.52355323 0.10009550
0.51570538 0.10105297
0.50785366 0.10197512
0.50000000 0.10286091
0.49214634 0.10370936
0.48429462 0.10451953
0.47644677 0.10529053
0.46860474 0.10602151
0.46077045 0.10671168
0.45294584 0.10736030
0.44513284 0.10796668
0.43733338 0.10853017
0.42954938 0.10905020
0.42178277 0.10952622
0.41403545 0.10995776
0.40630934 0.11034437
0.39860635 0.11068567
0.39092838 0.11098134
0.38327732 0.11123108
0.37565506 0.11143467
0.36806348 0.11159190
0.36050445 0.11170264
0.35297984 0.11176679
0.34549150 0.11178427
0.33804129 0.11175509
0.33063104 0.11167926
0.32326258 0.11155683
0.31593772 0.11138792
0.30865828 0.11117264
0.30142605 0.11091117
0.29424282 0.11060370
0.28711035 0.11025046
0.28003042 0.10985171
0.27300475 0.10940773
0.26603509 0.10891884
0.25912316 0.10838537
0.25227067 0.10780768
0.24547929 0.10718616
0.23875072 0.10652121
0.23208660 0.10581326
0.22548859 0.10506275
0.21895831 0.10427016
0.21249737 0.10343596
0.20610737 0.10256065
0.19978989 0.10164476
0.19354647 0.10068882
0.18737867 0.09969338
0.18128801 0.09865901
0.17527598 0.09758628
0.16934407 0.09647579
0.16349374 0.09532815
0.15772645 0.09414399
0.15204360 0.09292392
0.14644661 0.09166861
0.14093685 0.09037870
0.13551569 0.08905488
0.13018445 0.08769782
0.12494447 0.08630822
0.11979702 0.08488677
0.11474338 0.08343420
0.10978480 0.08195121
0.10492249 0.08043855
0.10015767 0.07889694
0.09549150 0.07732714
0.09092514 0.07572990
0.08645971 0.07410596
0.08209632 0.07245610
0.07783604 0.07078107
0.07367992 0.06908166
0.06962899 0.06735862
0.06568424 0.06561274
0.06184666 0.06384478
0.05811718 0.06205553
0.05449674 0.06024575
0.05098621 0.05841621
0.04758647 0.05656769
0.04429836 0.05470094
0.04112269 0.05281673
0.03806023 0.05091581
0.03511176 0.04899892
0.03227798 0.04706681
0.02955962 0.04512022
0.02695732 0.04315986
0.02447174 0.04118646
0.02210349 0.03920072
0.01985316 0.03720334
0.01772129 0.03519501
0.01570842 0.03317641
0.01381504 0.03114821
0.01204162 0.02911107
0.01038859 0.02706564
0.00885637 0.02501256
0.00744534 0.02295245
0.00615583 0.02088594
0.00498817 0.01881365
0.00394265 0.01673617
0.00301952 0.01465410
0.00221902 0.01256803
0.00154133 0.01047855
0.00098664 0.00838624
0.00055506 0.00629165
0.00024672 0.00419537
0.00006168 0.00209797
0.00000000 0.00000000
0.00006168 -0.00135231
0.00024672 -0.00270372
0.00055506 -0.00405334
0.00098664 -0.00540029
0.00154133 -0.00674368
0.00221902 -0.00808264
0.00301952 -0.00941628
0.00394265 -0.01074377
0.00498817 -0.01206423
0.00615583 -0.01337684
0.00744534 -0.01468077
0.00885637 -0.01597521
0.01038859 -0.01725938
0.01204162 -0.01853248
0.01381504 -0.01979377
0.01570842 -0.02104250
0.01772129 -0.02227795
0.01985316 -0.02349943
0.02210349 -0.02470624
0.02447174 -0.02589773
0.02695732 -0.02707325
0.02955962 -0.02823220
0.03227798 -0.02937397
0.03511176 -0.03049799
0.03806023 -0.03160369
0.04112269 -0.03269055
0.04429836 -0.03375804
0.04758647 -0.03480568
0.05098621 -0.03583297
0.05449674 -0.03683947
0.05811718 -0.03782472
0.06184666 -0.03878830
0.06568424 -0.03972980
0.06962899 -0.04064881
0.07367992 -0.04154495
0.07783604 -0.04241785
0.08209632 -0.04326714
0.08645971 -0.04409246
0.09092514 -0.04489347
0.09549150 -0.04566982
0.10015767 -0.04642119
0.10492249 -0.04714724
0.10978480 -0.04784764
0.11474338 -0.04852206
0.11979702 -0.04917019
0.12494447 -0.04979170
0.13018445 -0.05038626
0.13551569 -0.05095355
0.14093685 -0.05149324
0.14644661 -0.05200500
0.15204360 -0.05248850
0.15772645 -0.05294340
0.16349374 -0.05336936
0.16934407 -0.05376604
0.17527598 -0.05413310
0.18128801 -0.05447019
0.18737867 -0.05477697
0.19354647 -0.05505308
0.19978989 -0.05529819
0.20610737 -0.05551193
0.21249737 -0.05569398
0.21895831 -0.05584398
0.22548859 -0.05596162
0.23208660 -0.05604655
0.23875072 -0.05609848
0.24547929 -0.05611710
0.25227067 -0.05610211
0.25912316 -0.05605325
0.26603509 -0.05597027
0.27300475 -0.05585293
0.28003042 -0.05570103
0.28711035 -0.05551440
0.29424282 -0.05529289
0.30142605 -0.05503638
0.30865828 -0.05474480
0.31593772 -0.05441810
0.32326258 -0.05405630
0.33063104 -0.05365945
0.33804129 -0.05322763
0.34549150 -0.05276100
0.35297984 -0.05225975
0.36050445 -0.05172414
0.36806348 -0.05115449
0.37565506 -0.05055117
0.38327732 -0.04991461
0.39092838 -0.04924530
0.39860635 -0.04854382
0.40630934 -0.04781079
0.41403545 -0.04704690
0.42178277 -0.04625293
0.42954938 -0.04542970
0.43733338 -0.04457812
0.44513284 -0.04369914
0.45294584 -0.04279382
0.46077045 -0.04186325
0.46860474 -0.04090859
0.47644677 -0.03993110
0.48429462 -0.03893205
0.49214634 -0.03791281
0.50000000 -0.03687479
0.50785366 -0.03581946
0.51570538 -0.03474833
0.52355323 -0.03366297
0.53139526 -0.03256500
0.53922955 -0.03145607
0.54705416 -0.03033786
0.55486716 -0.02921210
0.56266662 -0.02808053
0.57045062 -0.02694492
0.57821723 -0.02580705
0.58596455 -0.02466872
0.59369066 -0.02353173
0.60139365 -0.02239789
0.60907162 -0.02126898
0.61672268 -0.02014680
0.62434494 -0.01903311
0.63193652 -0.01792966
0.63949555 -0.01683816
0.64702016 -0.01576030
0.65450850 -0.01469772
0.66195871 -0.01365202
0.66936896 -0.01262475
0.67673742 -0.01161740
0.68406228 -0.01063142
0.69134172 -0.00966816
0.69857395 -0.00872893
0.70575718 -0.00781496
0.71288965 -0.00692740
0.71996958 -0.00606733
0.72699525 -0.00523572
0.73396491 -0.00443349
0.74087684 -0.00366144
0.74772933 -0.00292031
0.75452071 -0.00221073
0.76124928 -0.00153323
0.76791340 -0.00088826
0.77451141 -0.00027617
0.78104169 0.00030278
0.78750263 0.00084843
0.79389263 0.00136071
0.80021011 0.00183963
0.80645353 0.00228532
0.81262133 0.00269798
0.81871199 0.00307789
0.82472402 0.00342543
0.83065593 0.00374105
0.83650626 0.00402528
0.84227355 0.00427873
0.84795640 0.00450207
0.85355339 0.00469606
0.85906315 0.00486150
0.86448431 0.00499925
0.86981555 0.00511025
0.87505553 0.00519545
0.88020298 0.00525588
0.88525662 0.00529260
0.89021520 0.00530671
0.89507751 0.00529932
0.89984233 0.00527160
0.90450850 0.00522472
0.90907486 0.00515986
0.91354029 0.00507825
0.91790368 0.00498110
0.92216396 0.00486962
0.92632008 0.00474504
0.93037101 0.00460858
0.93431576 0.00446143
0.93815334 0.00430482
0.94188282 0.00413991
0.94550326 0.00396787
0.94901379 0.00378986
0.95241353 0.00360699
0.95570164 0.00342036
0.95887731 0.00323105
0.96193977 0.00304008
0.96488824 0.00284846
0.96772202 0.00265716
0.97044038 0.00246713
0.97304268 0.00227925
0.97552826 0.00209440
0.97789651 0.00191338
0.98014684 0.00173699
0.98227871 0.00156596
0.98429158 0.00140100
0.98618496 0.00124277
0.98795838 0.00109188
0.98961141 0.00094891
0.99114363 0.00081440
0.99255466 0.00068885
0.99384417 0.00057271
0.99501183 0.00046639
0.99605735 0.00037027
0.99698048 0.00028467
0.99778098 0.00020990
0.99845867 0.00014621
0.99901336 0.00009381
0.99944494 0.00005287
0.99975328 0.00002353
0.99993832 0.00000589
1.00000000 -0.00000000
