sample_236
1.00000000 -0.00000000
0.99993832 0.00001500
0.99975328 0.00006000
0.99944494 0.00013502
0.99901336 0.00024004
0.99845867 0.00037510
0.99778098 0.00054019
0.99698048 0.00073535
0.99605735 0.00096057
0.99501183 0.00121590
0.99384417 0.00150134
0.99255466 0.00181692
0.99114363 0.00216266
0.98961141 0.00253859
0.98795838 0.00294473
0.98618496 0.00338111
0.98429158 0.00384773
0.98227871 0.00434461
0.98014684 0.00487178
0.97789651 0.00542922
0.97552826 0.00601695
0.97304268 0.00663496
0.97044038 0.00728323
0.96772202 0.00796175
0.96488824 0.00867047
0.96193977 0.00940935
0.95887731 0.01017834
0.95570164 0.01097735
0.95241353 0.01180631
0.94901379 0.01266510
0.94550326 0.01355359
0.94188282 0.01447165
0.93815334 0.01541910
0.93431576 0.01639576
0.93037101 0.01740139
0.92632008 0.01843577
0.92216396 0.01949862
0.91790368 0.02058963
0.91354029 0.02170847
0.90907486 0.02285477
0.90450850 0.02402814
0.89984233 0.02522813
0.89507751 0.02645426
0.89021520 0.02770602
0.88525662 0.02898285
0.88020298 0.03028415
0.87505553 0.03160929
0.86981555 0.03295757
0.86448431 0.03432827
0.85906315 0.03572061
0.85355339 0.03713376
0.84795640 0.03856685
0.84227355 0.04001897
0.83650626 0.04148915
0.83065593 0.04297636
0.82472402 0.04447956
0.81871199 0.04599761
0.81262133 0.04752938
0.80645353 0.04907363
0.80021011 0.05062913
0.79389263 0.05219457
0.78750263 0.05376861
0.78104169 0.05534985
0.77451141 0.05693687
0.76791340 0.05852819
0.76124928 0.06012231
0.75452071 0.06171767
0.74772933 0.06331270
0.74087684 0.06490579
0.73396491 0.06649528
0.72699525 0.06807952
0.71996958 0.06965681
0.71288965 0.07122544
0.70575718 0.07278367
0.69857395 0.07432976
0.69134172 0.07586196
0.68406228 0.07737851
0.67673742 0.07887764
0.66936896 0.08035759
0.66195871 0.08181659
0.65450850 0.08325290
0.64702016 0.08466478
0.63949555 0.08605051
0.63193652 0.08740839
0.62434494 0.08873674
0.61672268 0.09003391
0.60907162 0.09129829
0.60139365 0.09252830
0.59369066 0.09372241
0.58596455 0.09487912
0.57821723 0.09599699
0.57045062 0.09707462
0.56266662 0.09811067
0.55486716 0.09910388
0.54705416 0.10005301
0.53922955 0.10095691
0.53139526 0.10181451
0.52355323 0.10262478
0.51570538 0.10338677
0.50785366 0.10409962
0.50000000 0.10476254
0.49214634 0.10537480
0.48429462 0.10593577
0.47644677 0.10644489
0.46860474 0.10690169
0.46077045 0.10730576
0.45294584 0.10765681
0.44513284 0.10795459
0.43733338 0.10819897
0.42954938 0.10838986
0.42178277 0.10852729
0.41403545 0.10861135
0.40630934 0.10864220
0.39860635 0.10862010
0.39092838 0.10854538
0.38327732 0.10841841
0.37565506 0.10823968
0.36806348 0.10800972
0.36050445 0.10772913
0.35297984 0.10739857
0.34549150 0.10701877
0.33804129 0.10659050
0.33063104 0.10611461
0.32326258 0.10559198
0.31593772 0.10502354
0.30865828 0.10441026
0.30142605 0.10375316
0.29424282 0.10305329
0.28711035 0.10231174
0.28003042 0.10152960
0.27300475 0.10070802
0.26603509 0.09984815
0.25912316 0.09895116
0.25227067 0.09801824
0.24547929 0.09705058
0.23875072 0.09604938
0.23208660 0.09501585
0.22548859 0.09395118
0.21895831 0.09285656
0.21249737 0.09173320
0.20610737 0.09058226
0.19978989 0.08940491
0.19354647 0.08820230
0.18737867 0.08697556
0.18128801 0.08572580
0.17527598 0.08445410
0.16934407 0.08316152
0.16349374 0.08184909
0.15772645 0.08051781
0.15204360 0.07916867
0.14644661 0.07780259
0.14093685 0.07642050
0.13551569 0.07502326
0.13018445 0.07361172
0.12494447 0.07218669
0.11979702 0.07074893
0.11474338 0.06929919
0.10978480 0.06783817
0.10492249 0.06636653
0.10015767 0.06488491
0.09549150 0.06339392
0.09092514 0.06189412
0.08645971 0.06038604
0.08209632 0.05887019
0.07783604 0.05734705
0.07367992 0.05581705
0.06962899 0.05428062
0.06568424 0.05273814
0.06184666 0.05118998
0.05811718 0.04963648
0.05449674 0.04807796
0.05098621 0.04651472
0.04758647 0.04494702
0.04429836 0.04337513
0.04112269 0.04179930
0.03806023 0.04021974
0.03511176 0.03863667
0.03227798 0.03705028
0.02955962 0.03546077
0.02695732 0.03386830
0.02447174 0.03227306
0.02210349 0.03067519
0.01985316 0.02907485
0.01772129 0.02747219
0.01570842 0.02586735
0.01381504 0.02426047
0.01204162 0.02265167
0.01038859 0.02104111
0.00885637 0.01942889
0.00744534 0.01781516
0.00615583 0.01620003
0.00498817 0.01458364
0.00394265 0.01296611
0.00301952 0.01134757
0.00221902 0.00972814
0.00154133 0.00810795
0.00098664 0.00648712
0.00055506 0.00486578
0.00024672 0.00324407
0.00006168 0.00162210
0.00000000 0.00000000
0.00006168 -0.00038853
0.00024672 -0.00077830
0.00055506 -0.00117055
0.00098664 -0.00156648
0.00154133 -0.00196730
0.00221902 -0.00237415
0.00301952 -0.00278814
0.00394265 -0.00321032
0.00498817 -0.00364170
0.00615583 -0.00408320
0.00744534 -0.00453568
0.00885637 -0.00499990
0.01038859 -0.00547656
0.01204162 -0.00596624
0.01381504 -0.00646944
0.01570842 -0.00698655
0.01772129 -0.00751786
0.01985316 -0.00806355
0.02210349 -0.00862368
0.02447174 -0.00919820
0.02695732 -0.00978696
0.02955962 -0.01038968
0.03227798 -0.01100597
0.03511176 -0.01163534
0.03806023 -0.01227716
0.04112269 -0.01293072
0.04429836 -0.01359520
0.04758647 -0.01426966
0.05098621 -0.01495310
0.05449674 -0.01564439
0.05811718 -0.01634233
0.06184666 -0.01704565
0.06568424 -0.01775299
0.06962899 -0.01846293
0.07367992 -0.01917399
0.07783604 -0.01988464
0.08209632 -0.02059330
0.08645971 -0.02129837
0.09092514 -0.02199821
0.09549150 -0.02269116
0.10015767 -0.02337556
0.10492249 -0.02404974
0.10978480 -0.02471204
0.11474338 -0.02536081
0.11979702 -0.02599443
0.12494447 -0.02661132
0.13018445 -0.02720992
0.13551569 -0.02778873
0.14093685 -0.02834630
0.14644661 -0.02888126
0.15204360 -0.02939227
0.15772645 -0.02987810
0.16349374 -0.03033757
0.16934407 -0.03076962
0.17527598 -0.03117324
0.18128801 -0.03154754
0.18737867 -0.03189172
0.19354647 -0.03220507
0.19978989 -0.03248699
0.20610737 -0.03273699
0.21249737 -0.03295466
0.21895831 -0.03313972
0.22548859 -0.03329198
0.23208660 -0.03341136
0.23875072 -0.03349787
0.24547929 -0.03355164
0.25227067 -0.03357287
0.25912316 -0.03356189
0.26603509 -0.03351908
0.27300475 -0.03344495
0.28003042 -0.03334007
0.28711035 -0.03320508
0.29424282 -0.03304071
0.30142605 -0.03284775
0.30865828 -0.03262706
0.31593772 -0.03237955
0.32326258 -0.03210619
0.33063104 -0.03180798
0.33804129 -0.03148597
0.34549150 -0.03114125
0.35297984 -0.03077491
0.36050445 -0.03038810
0.36806348 -0.02998194
0.37565506 -0.02955759
0.38327732 -0.02911621
0.39092838 -0.02865895
0.39860635 -0.02818695
0.40630934 -0.02770134
0.41403545 -0.02720323
0.42178277 -0.02669372
0.42954938 -0.02617387
0.43733338 -0.02564473
0.44513284 -0.02510728
0.45294584 -0.02456250
0.46077045 -0.02401132
0.46860474 -0.02345462
0.47644677 -0.02289326
0.48429462 -0.02232803
0.49214634 -0.02175970
0.50000000 -0.02118899
0.50785366 -0.02061655
0.51570538 -0.02004303
0.52355323 -0.01946900
0.53139526 -0.01889501
0.53922955 -0.01832155
0.54705416 -0.01774910
0.55486716 -0.01717808
0.56266662 -0.01660887
0.57045062 -0.01604185
0.57821723 -0.01547734
0.58596455 -0.01491565
0.59369066 -0.01435705
0.60139365 -0.01380181
0.60907162 -0.01325019
0.61672268 -0.01270239
0.62434494 -0.01215866
0.63193652 -0.01161920
0.63949555 -0.01108423
0.64702016 -0.01055394
0.65450850 -0.01002856
0.66195871 -0.00950830
0.66936896 -0.00899338
0.67673742 -0.00848403
0.68406228 -0.00798049
0.69134172 -0.00748302
0.69857395 -0.00699190
0.70575718 -0.00650739
0.71288965 -0.00602982
0.71996958 -0.00555949
0.72699525 -0.00509675
0.73396491 -0.00464195
0.74087684 -0.00419545
0.74772933 -0.00375766
0.75452071 -0.00332896
0.76124928 -0.00290978
0.76791340 -0.00250054
0.77451141 -0.00210169
0.78104169 -0.00171366
0.78750263 -0.00133691
0.79389263 -0.00097190
0.80021011 -0.00061907
0.80645353 -0.00027888
0.81262133 0.00004823
0.81871199 0.00036183
0.82472402 0.00066150
0.83065593 0.00094684
0.83650626 0.00121747
0.84227355 0.00147303
0.84795640 0.00171320
0.85355339 0.00193768
0.85906315 0.00214622
0.86448431 0.00233858
0.86981555 0.00251460
0.87505553 0.00267413
0.88020298 0.00281710
0.88525662 0.00294346
0.89021520 0.00305323
0.89507751 0.00314649
0.89984233 0.00322335
0.90450850 0.00328399
0.90907486 0.00332867
0.91354029 0.00335768
0.91790368 0.00337137
0.92216396 0.00337017
0.92632008 0.00335454
0.93037101 0.00332503
0.93431576 0.00328221
0.93815334 0.00322672
0.94188282 0.00315927
0.94550326 0.00308058
0.94901379 0.00299144
0.95241353 0.00289269
0.95570164 0.00278519
0.95887731 0.00266983
0.96193977 0.00254757
0.96488824 0.00241934
0.96772202 0.00228614
0.97044038 0.00214896
0.97304268 0.00200880
0.97552826 0.00186669
0.97789651 0.00172363
0.98014684 0.00158063
0.98227871 0.00143870
0.98429158 0.00129881
0.98618496 0.00116193
0.98795838 0.00102899
0.98961141 0.00090090
0.99114363 0.00077851
0.99255466 0.00066266
0.99384417 0.00055412
0.99501183 0.00045361
0.99605735 0.00036181
0.99698048 0.00027932
0.99778098 0.00020670
0.99845867 0.00014441
0.99901336 0.00009288
0.99944494 0.00005245
0.99975328 0.00002337
0.99993832 0.00000585
1.00000000 -0.00000000
