sample_603
1.00000000 -0.00000000
0.99993832 0.00001864
0.99975328 0.00007456
0.99944494 0.00016770
0.99901336 0.00029800
0.99845867 0.00046534
0.99778098 0.00066959
0.99698048 0.00091058
0.99605735 0.00118810
0.99501183 0.00150194
0.99384417 0.00185184
0.99255466 0.00223749
0.99114363 0.00265857
0.98961141 0.00311474
0.98795838 0.00360560
0.98618496 0.00413075
0.98429158 0.00468972
0.98227871 0.00528204
0.98014684 0.00590721
0.97789651 0.00656467
0.97552826 0.00725387
0.97304268 0.00797418
0.97044038 0.00872500
0.96772202 0.00950565
0.96488824 0.01031544
0.96193977 0.01115368
0.95887731 0.01201961
0.95570164 0.01291247
0.95241353 0.01383147
0.94901379 0.01477581
0.94550326 0.01574466
0.94188282 0.01673715
0.93815334 0.01775244
0.93431576 0.01878964
0.93037101 0.01984785
0.92632008 0.02092617
0.92216396 0.02202369
0.91790368 0.02313949
0.91354029 0.02427263
0.90907486 0.02542219
0.90450850 0.02658725
0.89984233 0.02776688
0.89507751 0.02896015
0.89021520 0.03016615
0.88525662 0.03138397
0.88020298 0.03261271
0.87505553 0.03385150
0.86981555 0.03509945
0.86448431 0.03635572
0.85906315 0.03761947
0.85355339 0.03888987
0.84795640 0.04016613
0.84227355 0.04144747
0.83650626 0.04273313
0.83065593 0.04402237
0.82472402 0.04531449
0.81871199 0.04660878
0.81262133 0.04790458
0.80645353 0.04920125
0.80021011 0.05049815
0.79389263 0.05179468
0.78750263 0.05309025
0.78104169 0.05438429
0.77451141 0.05567625
0.76791340 0.05696558
0.76124928 0.05825177
0.75452071 0.05953430
0.74772933 0.06081266
0.74087684 0.06208635
0.73396491 0.06335487
0.72699525 0.06461773
0.71996958 0.06587443
0.71288965 0.06712448
0.70575718 0.06836736
0.69857395 0.06960256
0.69134172 0.07082956
0.68406228 0.07204781
0.67673742 0.07325676
0.66936896 0.07445584
0.66195871 0.07564444
0.65450850 0.07682196
0.64702016 0.07798776
0.63949555 0.07914116
0.63193652 0.08028148
0.62434494 0.08140799
0.61672268 0.08251996
0.60907162 0.08361661
0.60139365 0.08469713
0.59369066 0.08576069
0.58596455 0.08680644
0.57821723 0.08783349
0.57045062 0.08884093
0.56266662 0.08982783
0.55486716 0.09079324
0.54705416 0.09173617
0.53922955 0.09265564
0.53139526 0.09355065
0.52355323 0.09442017
0.51570538 0.09526318
0.50785366 0.09607865
0.50000000 0.09686554
0.49214634 0.09762283
0.48429462 0.09834950
0.47644677 0.09904453
0.46860474 0.09970693
0.46077045 0.10033571
0.45294584 0.10092992
0.44513284 0.10148862
0.43733338 0.10201093
0.42954938 0.10249597
0.42178277 0.10294292
0.41403545 0.10335100
0.40630934 0.10371946
0.39860635 0.10404762
0.39092838 0.10433484
0.38327732 0.10458053
0.37565506 0.10478417
0.36806348 0.10494530
0.36050445 0.10506349
0.35297984 0.10513841
0.34549150 0.10516978
0.33804129 0.10515737
0.33063104 0.10510103
0.32326258 0.10500067
0.31593772 0.10485627
0.30865828 0.10466784
0.30142605 0.10443550
0.29424282 0.10415940
0.28711035 0.10383974
0.28003042 0.10347680
0.27300475 0.10307089
0.26603509 0.10262240
0.25912316 0.10213173
0.25227067 0.10159934
0.24547929 0.10102574
0.23875072 0.10041146
0.23208660 0.09975707
0.22548859 0.09906317
0.21895831 0.09833038
0.21249737 0.09755935
0.20610737 0.09675072
0.19978989 0.09590517
0.19354647 0.09502338
0.18737867 0.09410603
0.18128801 0.09315380
0.17527598 0.09216737
0.16934407 0.09114742
0.16349374 0.09009461
0.15772645 0.08900960
0.15204360 0.08789302
0.14644661 0.08674548
0.14093685 0.08556761
0.13551569 0.08435997
0.13018445 0.08312312
0.12494447 0.08185761
0.11979702 0.08056394
0.11474338 0.07924261
0.10978480 0.07789409
0.10492249 0.07651882
0.10015767 0.07511722
0.09549150 0.07368970
0.09092514 0.07223663
0.08645971 0.07075839
0.08209632 0.06925533
0.07783604 0.06772778
0.07367992 0.06617607
0.06962899 0.06460053
0.06568424 0.06300145
0.06184666 0.06137917
0.05811718 0.05973399
0.05449674 0.05806622
0.05098621 0.05637620
0.04758647 0.05466426
0.04429836 0.05293076
0.04112269 0.05117605
0.03806023 0.04940053
0.03511176 0.04760460
0.03227798 0.04578870
0.02955962 0.04395329
0.02695732 0.04209886
0.02447174 0.04022594
0.02210349 0.03833508
0.01985316 0.03642688
0.01772129 0.03450196
0.01570842 0.03256099
0.01381504 0.03060467
0.01204162 0.02863373
0.01038859 0.02664896
0.00885637 0.02465116
0.00744534 0.02264118
0.00615583 0.02061991
0.00498817 0.01858825
0.00394265 0.01654715
0.00301952 0.01449759
0.00221902 0.01244055
0.00154133 0.01037707
0.00098664 0.00830819
0.00055506 0.00623496
0.00024672 0.00415847
0.00006168 0.00207978
0.00000000 0.00000000
0.00006168 -0.00053518
0.00024672 -0.00106998
0.00055506 -0.00160405
0.00098664 -0.00213703
0.00154133 -0.00266857
0.00221902 -0.00319834
0.00301952 -0.00372602
0.00394265 -0.00425133
0.00498817 -0.00477400
0.00615583 -0.00529379
0.00744534 -0.00581050
0.00885637 -0.00632395
0.01038859 -0.00683401
0.01204162 -0.00734056
0.01381504 -0.00784355
0.01570842 -0.00834296
0.01772129 -0.00883878
0.01985316 -0.00933109
0.02210349 -0.00981996
0.02447174 -0.01030553
0.02695732 -0.01078797
0.02955962 -0.01126749
0.03227798 -0.01174431
0.03511176 -0.01221872
0.03806023 -0.01269100
0.04112269 -0.01316148
0.04429836 -0.01363052
0.04758647 -0.01409848
0.05098621 -0.01456573
0.05449674 -0.01503268
0.05811718 -0.01549972
0.06184666 -0.01596725
0.06568424 -0.01643568
0.06962899 -0.01690540
0.07367992 -0.01737678
0.07783604 -0.01785019
0.08209632 -0.01832597
0.08645971 -0.01880443
0.09092514 -0.01928585
0.09549150 -0.01977048
0.10015767 -0.02025851
0.10492249 -0.02075011
0.10978480 -0.02124537
0.11474338 -0.02174437
0.11979702 -0.02224708
0.12494447 -0.02275344
0.13018445 -0.02326333
0.13551569 -0.02377655
0.14093685 -0.02429283
0.14644661 -0.02481185
0.15204360 -0.02533319
0.15772645 -0.02585639
0.16349374 -0.02638088
0.16934407 -0.02690606
0.17527598 -0.02743123
0.18128801 -0.02795562
0.18737867 -0.02847842
0.19354647 -0.02899871
0.19978989 -0.02951554
0.20610737 -0.03002790
0.21249737 -0.03053469
0.21895831 -0.03103480
0.22548859 -0.03152705
0.23208660 -0.03201021
0.23875072 -0.03248302
0.24547929 -0.03294420
0.25227067 -0.03339242
0.25912316 -0.03382635
0.26603509 -0.03424463
0.27300475 -0.03464591
0.28003042 -0.03502882
0.28711035 -0.03539200
0.29424282 -0.03573412
0.30142605 -0.03605385
0.30865828 -0.03634990
0.31593772 -0.03662100
0.32326258 -0.03686594
0.33063104 -0.03708354
0.33804129 -0.03727269
0.34549150 -0.03743231
0.35297984 -0.03756143
0.36050445 -0.03765912
0.36806348 -0.03772454
0.37565506 -0.03775692
0.38327732 -0.03775560
0.39092838 -0.03771999
0.39860635 -0.03764960
0.40630934 -0.03754405
0.41403545 -0.03740306
0.42178277 -0.03722643
0.42954938 -0.03701411
0.43733338 -0.03676611
0.44513284 -0.03648259
0.45294584 -0.03616378
0.46077045 -0.03581006
0.46860474 -0.03542189
0.47644677 -0.03499984
0.48429462 -0.03454459
0.49214634 -0.03405693
0.50000000 -0.03353773
0.50785366 -0.03298798
0.51570538 -0.03240875
0.52355323 -0.03180120
0.53139526 -0.03116658
0.53922955 -0.03050622
0.54705416 -0.02982151
0.55486716 -0.02911394
0.56266662 -0.02838503
0.57045062 -0.02763637
0.57821723 -0.02686962
0.58596455 -0.02608645
0.59369066 -0.02528860
0.60139365 -0.02447782
0.60907162 -0.02365590
0.61672268 -0.02282463
0.62434494 -0.02198582
0.63193652 -0.02114130
0.63949555 -0.02029287
0.64702016 -0.01944233
0.65450850 -0.01859147
0.66195871 -0.01774207
0.66936896 -0.01689584
0.67673742 -0.01605450
0.68406228 -0.01521970
0.69134172 -0.01439307
0.69857395 -0.01357616
0.70575718 -0.01277048
0.71288965 -0.01197749
0.71996958 -0.01119856
0.72699525 -0.01043501
0.73396491 -0.00968808
0.74087684 -0.00895895
0.74772933 -0.00824870
0.75452071 -0.00755834
0.76124928 -0.00688879
0.76791340 -0.00624092
0.77451141 -0.00561546
0.78104169 -0.00501310
0.78750263 -0.00443442
0.79389263 -0.00387992
0.80021011 -0.00335002
0.80645353 -0.00284505
0.81262133 -0.00236525
0.81871199 -0.00191079
0.82472402 -0.00148174
0.83065593 -0.00107810
0.83650626 -0.00069981
0.84227355 -0.00034670
0.84795640 -0.00001855
0.85355339 0.00028492
0.85906315 0.00056408
0.86448431 0.00081935
0.86981555 0.00105122
0.87505553 0.00126023
0.88020298 0.00144696
0.88525662 0.00161205
0.89021520 0.00175621
0.89507751 0.00188015
0.89984233 0.00198463
0.90450850 0.00207047
0.90907486 0.00213849
0.91354029 0.00218954
0.91790368 0.00222451
0.92216396 0.00224429
0.92632008 0.00224980
0.93037101 0.00224196
0.93431576 0.00222170
0.93815334 0.00218997
0.94188282 0.00214769
0.94550326 0.00209582
0.94901379 0.00203527
0.95241353 0.00196698
0.95570164 0.00189187
0.95887731 0.00181082
0.96193977 0.00172474
0.96488824 0.00163449
0.96772202 0.00154092
0.97044038 0.00144485
0.97304268 0.00134709
0.97552826 0.00124842
0.97789651 0.00114959
0.98014684 0.00105131
0.98227871 0.00095429
0.98429158 0.00085918
0.98618496 0.00076661
0.98795838 0.00067717
0.98961141 0.00059142
0.99114363 0.00050989
0.99255466 0.00043306
0.99384417 0.00036139
0.99501183 0.00029528
0.99605735 0.00023512
0.99698048 0.00018124
0.99778098 0.00013394
0.99845867 0.00009347
0.99901336 0.00006006
0.99944494 0.00003389
0.99975328 0.00001510
0.99993832 0.00000378
1.00000000 -0.00000000
