sample_1459
1.00000000 -0.00000000
0.99993832 0.00001800
0.99975328 0.00007199
0.99944494 0.00016191
0.99901336 0.00028766
0.99845867 0.00044911
0.99778098 0.00064609
0.99698048 0.00087840
0.99605735 0.00114579
0.99501183 0.00144799
0.99384417 0.00178470
0.99255466 0.00215557
0.99114363 0.00256023
0.98961141 0.00299827
0.98795838 0.00346928
0.98618496 0.00397280
0.98429158 0.00450835
0.98227871 0.00507543
0.98014684 0.00567352
0.97789651 0.00630207
0.97552826 0.00696054
0.97304268 0.00764833
0.97044038 0.00836487
0.96772202 0.00910955
0.96488824 0.00988177
0.96193977 0.01068090
0.95887731 0.01150630
0.95570164 0.01235736
0.95241353 0.01323342
0.94901379 0.01413385
0.94550326 0.01505799
0.94188282 0.01600520
0.93815334 0.01697482
0.93431576 0.01796620
0.93037101 0.01897869
0.92632008 0.02001165
0.92216396 0.02106442
0.91790368 0.02213635
0.91354029 0.02322679
0.90907486 0.02433509
0.90450850 0.02546061
0.89984233 0.02660270
0.89507751 0.02776071
0.89021520 0.02893399
0.88525662 0.03012190
0.88020298 0.03132377
0.87505553 0.03253895
0.86981555 0.03376678
0.86448431 0.03500661
0.85906315 0.03625775
0.85355339 0.03751954
0.84795640 0.03879128
0.84227355 0.04007229
0.83650626 0.04136187
0.83065593 0.04265930
0.82472402 0.04396388
0.81871199 0.04527485
0.81262133 0.04659148
0.80645353 0.04791302
0.80021011 0.04923868
0.79389263 0.05056770
0.78750263 0.05189928
0.78104169 0.05323260
0.77451141 0.05456684
0.76791340 0.05590117
0.76124928 0.05723474
0.75452071 0.05856669
0.74772933 0.05989614
0.74087684 0.06122220
0.73396491 0.06254399
0.72699525 0.06386059
0.71996958 0.06517110
0.71288965 0.06647458
0.70575718 0.06777011
0.69857395 0.06905676
0.69134172 0.07033358
0.68406228 0.07159964
0.67673742 0.07285400
0.66936896 0.07409571
0.66195871 0.07532383
0.65450850 0.07653744
0.64702016 0.07773560
0.63949555 0.07891740
0.63193652 0.08008191
0.62434494 0.08122823
0.61672268 0.08235548
0.60907162 0.08346278
0.60139365 0.08454927
0.59369066 0.08561409
0.58596455 0.08665643
0.57821723 0.08767547
0.57045062 0.08867043
0.56266662 0.08964054
0.55486716 0.09058504
0.54705416 0.09150323
0.53922955 0.09239440
0.53139526 0.09325788
0.52355323 0.09409301
0.51570538 0.09489917
0.50785366 0.09567576
0.50000000 0.09642221
0.49214634 0.09713797
0.48429462 0.09782251
0.47644677 0.09847533
0.46860474 0.09909596
0.46077045 0.09968394
0.45294584 0.10023886
0.44513284 0.10076030
0.43733338 0.10124789
0.42954938 0.10170126
0.42178277 0.10212007
0.41403545 0.10250401
0.40630934 0.10285276
0.39860635 0.10316606
0.39092838 0.10344363
0.38327732 0.10368522
0.37565506 0.10389061
0.36806348 0.10405957
0.36050445 0.10419190
0.35297984 0.10428741
0.34549150 0.10434592
0.33804129 0.10436726
0.33063104 0.10435128
0.32326258 0.10429783
0.31593772 0.10420679
0.30865828 0.10407802
0.30142605 0.10391142
0.29424282 0.10370688
0.28711035 0.10346431
0.28003042 0.10318363
0.27300475 0.10286476
0.26603509 0.10250764
0.25912316 0.10211221
0.25227067 0.10167845
0.24547929 0.10120630
0.23875072 0.10069577
0.23208660 0.10014685
0.22548859 0.09955954
0.21895831 0.09893387
0.21249737 0.09826987
0.20610737 0.09756760
0.19978989 0.09682713
0.19354647 0.09604855
0.18737867 0.09523196
0.18128801 0.09437748
0.17527598 0.09348527
0.16934407 0.09255549
0.16349374 0.09158833
0.15772645 0.09058399
0.15204360 0.08954271
0.14644661 0.08846474
0.14093685 0.08735036
0.13551569 0.08619989
0.13018445 0.08501364
0.12494447 0.08379197
0.11979702 0.08253526
0.11474338 0.08124392
0.10978480 0.07991838
0.10492249 0.07855910
0.10015767 0.07716655
0.09549150 0.07574125
0.09092514 0.07428373
0.08645971 0.07279454
0.08209632 0.07127427
0.07783604 0.06972352
0.07367992 0.06814291
0.06962899 0.06653310
0.06568424 0.06489475
0.06184666 0.06322855
0.05811718 0.06153521
0.05449674 0.05981546
0.05098621 0.05807003
0.04758647 0.05629970
0.04429836 0.05450523
0.04112269 0.05268741
0.03806023 0.05084705
0.03511176 0.04898495
0.03227798 0.04710193
0.02955962 0.04519884
0.02695732 0.04327651
0.02447174 0.04133579
0.02210349 0.03937754
0.01985316 0.03740262
0.01772129 0.03541188
0.01570842 0.03340621
0.01381504 0.03138647
0.01204162 0.02935354
0.01038859 0.02730830
0.00885637 0.02525162
0.00744534 0.02318439
0.00615583 0.02110748
0.00498817 0.01902178
0.00394265 0.01692817
0.00301952 0.01482752
0.00221902 0.01272072
0.00154133 0.01060865
0.00098664 0.00849219
0.00055506 0.00637222
0.00024672 0.00424961
0.00006168 0.00212524
0.00000000 0.00000000
0.00006168 -0.00081752
0.00024672 -0.00163462
0.00055506 -0.00245090
0.00098664 -0.00326594
0.00154133 -0.00407936
0.00221902 -0.00489075
0.00301952 -0.00569974
0.00394265 -0.00650597
0.00498817 -0.00730909
0.00615583 -0.00810877
0.00744534 -0.00890471
0.00885637 -0.00969662
0.01038859 -0.01048422
0.01204162 -0.01126729
0.01381504 -0.01204561
0.01570842 -0.01281899
0.01772129 -0.01358726
0.01985316 -0.01435029
0.02210349 -0.01510796
0.02447174 -0.01586020
0.02695732 -0.01660694
0.02955962 -0.01734814
0.03227798 -0.01808380
0.03511176 -0.01881392
0.03806023 -0.01953854
0.04112269 -0.02025770
0.04429836 -0.02097147
0.04758647 -0.02167994
0.05098621 -0.02238319
0.05449674 -0.02308132
0.05811718 -0.02377446
0.06184666 -0.02446270
0.06568424 -0.02514617
0.06962899 -0.02582498
0.07367992 -0.02649922
0.07783604 -0.02716902
0.08209632 -0.02783444
0.08645971 -0.02849556
0.09092514 -0.02915245
0.09549150 -0.02980512
0.10015767 -0.03045359
0.10492249 -0.03109785
0.10978480 -0.03173785
0.11474338 -0.03237350
0.11979702 -0.03300470
0.12494447 -0.03363128
0.13018445 -0.03425307
0.13551569 -0.03486982
0.14093685 -0.03548127
0.14644661 -0.03608709
0.15204360 -0.03668691
0.15772645 -0.03728033
0.16349374 -0.03786690
0.16934407 -0.03844609
0.17527598 -0.03901738
0.18128801 -0.03958015
0.18737867 -0.04013377
0.19354647 -0.04067756
0.19978989 -0.04121078
0.20610737 -0.04173266
0.21249737 -0.04224240
0.21895831 -0.04273916
0.22548859 -0.04322206
0.23208660 -0.04369019
0.23875072 -0.04414262
0.24547929 -0.04457838
0.25227067 -0.04499651
0.25912316 -0.04539600
0.26603509 -0.04577586
0.27300475 -0.04613507
0.28003042 -0.04647262
0.28711035 -0.04678749
0.29424282 -0.04707868
0.30142605 -0.04734520
0.30865828 -0.04758607
0.31593772 -0.04780034
0.32326258 -0.04798708
0.33063104 -0.04814539
0.33804129 -0.04827442
0.34549150 -0.04837334
0.35297984 -0.04844139
0.36050445 -0.04847784
0.36806348 -0.04848204
0.37565506 -0.04845337
0.38327732 -0.04839129
0.39092838 -0.04829533
0.39860635 -0.04816508
0.40630934 -0.04800021
0.41403545 -0.04780048
0.42178277 -0.04756569
0.42954938 -0.04729578
0.43733338 -0.04699071
0.44513284 -0.04665058
0.45294584 -0.04627555
0.46077045 -0.04586587
0.46860474 -0.04542187
0.47644677 -0.04494399
0.48429462 -0.04443275
0.49214634 -0.04388874
0.50000000 -0.04331267
0.50785366 -0.04270529
0.51570538 -0.04206748
0.52355323 -0.04140016
0.53139526 -0.04070437
0.53922955 -0.03998119
0.54705416 -0.03923179
0.55486716 -0.03845740
0.56266662 -0.03765934
0.57045062 -0.03683896
0.57821723 -0.03599768
0.58596455 -0.03513697
0.59369066 -0.03425836
0.60139365 -0.03336342
0.60907162 -0.03245374
0.61672268 -0.03153096
0.62434494 -0.03059674
0.63193652 -0.02965278
0.63949555 -0.02870076
0.64702016 -0.02774242
0.65450850 -0.02677945
0.66195871 -0.02581359
0.66936896 -0.02484654
0.67673742 -0.02388001
0.68406228 -0.02291569
0.69134172 -0.02195523
0.69857395 -0.02100027
0.70575718 -0.02005242
0.71288965 -0.01911325
0.71996958 -0.01818428
0.72699525 -0.01726699
0.73396491 -0.01636282
0.74087684 -0.01547313
0.74772933 -0.01459925
0.75452071 -0.01374242
0.76124928 -0.01290385
0.76791340 -0.01208465
0.77451141 -0.01128587
0.78104169 -0.01050850
0.78750263 -0.00975343
0.79389263 -0.00902150
0.80021011 -0.00831344
0.80645353 -0.00762993
0.81262133 -0.00697155
0.81871199 -0.00633881
0.82472402 -0.00573214
0.83065593 -0.00515187
0.83650626 -0.00459827
0.84227355 -0.00407152
0.84795640 -0.00357172
0.85355339 -0.00309889
0.85906315 -0.00265298
0.86448431 -0.00223386
0.86981555 -0.00184133
0.87505553 -0.00147510
0.88020298 -0.00113485
0.88525662 -0.00082016
0.89021520 -0.00053054
0.89507751 -0.00026548
0.89984233 -0.00002438
0.90450850 0.00019341
0.90907486 0.00038859
0.91354029 0.00056190
0.91790368 0.00071414
0.92216396 0.00084613
0.92632008 0.00095874
0.93037101 0.00105286
0.93431576 0.00112944
0.93815334 0.00118942
0.94188282 0.00123378
0.94550326 0.00126352
0.94901379 0.00127963
0.95241353 0.00128314
0.95570164 0.00127507
0.95887731 0.00125644
0.96193977 0.00122828
0.96488824 0.00119161
0.96772202 0.00114743
0.97044038 0.00109675
0.97304268 0.00104053
0.97552826 0.00097976
0.97789651 0.00091536
0.98014684 0.00084825
0.98227871 0.00077932
0.98429158 0.00070942
0.98618496 0.00063937
0.98795838 0.00056997
0.98961141 0.00050195
0.99114363 0.00043602
0.99255466 0.00037285
0.99384417 0.00031304
0.99501183 0.00025717
0.99605735 0.00020575
0.99698048 0.00015926
0.99778098 0.00011811
0.99845867 0.00008268
0.99901336 0.00005325
0.99944494 0.00003011
0.99975328 0.00001343
0.99993832 0.00000336
1.00000000 -0.00000000
