sample_1107
1.00000000 -0.00000000
0.99993832 0.00001186
0.99975328 0.00004746
0.99944494 0.00010683
0.99901336 0.00019003
0.99845867 0.00029715
0.99778098 0.00042828
0.99698048 0.00058355
0.99605735 0.00076312
0.99501183 0.00096714
0.99384417 0.00119581
0.99255466 0.00144933
0.99114363 0.00172791
0.98961141 0.00203180
0.98795838 0.00236125
0.98618496 0.00271650
0.98429158 0.00309784
0.98227871 0.00350553
0.98014684 0.00393987
0.97789651 0.00440114
0.97552826 0.00488962
0.97304268 0.00540561
0.97044038 0.00594939
0.96772202 0.00652124
0.96488824 0.00712143
0.96193977 0.00775022
0.95887731 0.00840787
0.95570164 0.00909462
0.95241353 0.00981067
0.94901379 0.01055622
0.94550326 0.01133147
0.94188282 0.01213655
0.93815334 0.01297160
0.93431576 0.01383672
0.93037101 0.01473197
0.92632008 0.01565739
0.92216396 0.01661299
0.91790368 0.01759871
0.91354029 0.01861450
0.90907486 0.01966023
0.90450850 0.02073574
0.89984233 0.02184085
0.89507751 0.02297529
0.89021520 0.02413878
0.88525662 0.02533098
0.88020298 0.02655150
0.87505553 0.02779989
0.86981555 0.02907567
0.86448431 0.03037830
0.85906315 0.03170718
0.85355339 0.03306166
0.84795640 0.03444106
0.84227355 0.03584460
0.83650626 0.03727150
0.83065593 0.03872089
0.82472402 0.04019185
0.81871199 0.04168343
0.81262133 0.04319462
0.80645353 0.04472433
0.80021011 0.04627147
0.79389263 0.04783486
0.78750263 0.04941330
0.78104169 0.05100551
0.77451141 0.05261021
0.76791340 0.05422603
0.76124928 0.05585160
0.75452071 0.05748548
0.74772933 0.05912620
0.74087684 0.06077227
0.73396491 0.06242214
0.72699525 0.06407426
0.71996958 0.06572702
0.71288965 0.06737881
0.70575718 0.06902798
0.69857395 0.07067287
0.69134172 0.07231181
0.68406228 0.07394309
0.67673742 0.07556501
0.66936896 0.07717586
0.66195871 0.07877392
0.65450850 0.08035748
0.64702016 0.08192481
0.63949555 0.08347422
0.63193652 0.08500400
0.62434494 0.08651245
0.61672268 0.08799792
0.60907162 0.08945874
0.60139365 0.09089329
0.59369066 0.09229996
0.58596455 0.09367718
0.57821723 0.09502341
0.57045062 0.09633714
0.56266662 0.09761692
0.55486716 0.09886131
0.54705416 0.10006893
0.53922955 0.10123846
0.53139526 0.10236862
0.52355323 0.10345819
0.51570538 0.10450598
0.50785366 0.10551089
0.50000000 0.10647186
0.49214634 0.10738791
0.48429462 0.10825811
0.47644677 0.10908159
0.46860474 0.10985756
0.46077045 0.11058529
0.45294584 0.11126411
0.44513284 0.11189344
0.43733338 0.11247276
0.42954938 0.11300160
0.42178277 0.11347959
0.41403545 0.11390640
0.40630934 0.11428180
0.39860635 0.11460560
0.39092838 0.11487768
0.38327732 0.11509801
0.37565506 0.11526660
0.36806348 0.11538352
0.36050445 0.11544892
0.35297984 0.11546298
0.34549150 0.11542598
0.33804129 0.11533821
0.33063104 0.11520003
0.32326258 0.11501186
0.31593772 0.11477413
0.30865828 0.11448736
0.30142605 0.11415208
0.29424282 0.11376885
0.28711035 0.11333830
0.28003042 0.11286104
0.27300475 0.11233776
0.26603509 0.11176913
0.25912316 0.11115586
0.25227067 0.11049869
0.24547929 0.10979834
0.23875072 0.10905559
0.23208660 0.10827117
0.22548859 0.10744586
0.21895831 0.10658043
0.21249737 0.10567564
0.20610737 0.10473226
0.19978989 0.10375105
0.19354647 0.10273275
0.18737867 0.10167811
0.18128801 0.10058786
0.17527598 0.09946271
0.16934407 0.09830338
0.16349374 0.09711054
0.15772645 0.09588486
0.15204360 0.09462701
0.14644661 0.09333761
0.14093685 0.09201727
0.13551569 0.09066660
0.13018445 0.08928617
0.12494447 0.08787654
0.11979702 0.08643826
0.11474338 0.08497185
0.10978480 0.08347781
0.10492249 0.08195663
0.10015767 0.08040881
0.09549150 0.07883479
0.09092514 0.07723504
0.08645971 0.07561000
0.08209632 0.07396010
0.07783604 0.07228578
0.07367992 0.07058746
0.06962899 0.06886556
0.06568424 0.06712051
0.06184666 0.06535273
0.05811718 0.06356264
0.05449674 0.06175069
0.05098621 0.05991732
0.04758647 0.05806296
0.04429836 0.05618809
0.04112269 0.05429318
0.03806023 0.05237872
0.03511176 0.05044521
0.03227798 0.04849317
0.02955962 0.04652315
0.02695732 0.04453572
0.02447174 0.04253144
0.02210349 0.04051093
0.01985316 0.03847481
0.01772129 0.03642373
0.01570842 0.03435837
0.01381504 0.03227941
0.01204162 0.03018757
0.01038859 0.02808360
0.00885637 0.02596826
0.00744534 0.02384233
0.00615583 0.02170661
0.00498817 0.01956193
0.00394265 0.01740912
0.00301952 0.01524905
0.00221902 0.01308259
0.00154133 0.01091063
0.00098664 0.00873406
0.00055506 0.00655379
0.00024672 0.00437074
0.00006168 0.00218583
0.00000000 0.00000000
0.00006168 -0.00134221
0.00024672 -0.00268250
0.00055506 -0.00401898
0.00098664 -0.00534975
0.00154133 -0.00667294
0.00221902 -0.00798671
0.00301952 -0.00928925
0.00394265 -0.01057880
0.00498817 -0.01185364
0.00615583 -0.01311210
0.00744534 -0.01435257
0.00885637 -0.01557351
0.01038859 -0.01677345
0.01204162 -0.01795099
0.01381504 -0.01910481
0.01570842 -0.02023366
0.01772129 -0.02133639
0.01985316 -0.02241192
0.02210349 -0.02345928
0.02447174 -0.02447758
0.02695732 -0.02546602
0.02955962 -0.02642390
0.03227798 -0.02735059
0.03511176 -0.02824559
0.03806023 -0.02910847
0.04112269 -0.02993889
0.04429836 -0.03073660
0.04758647 -0.03150144
0.05098621 -0.03223334
0.05449674 -0.03293231
0.05811718 -0.03359842
0.06184666 -0.03423184
0.06568424 -0.03483280
0.06962899 -0.03540159
0.07367992 -0.03593857
0.07783604 -0.03644417
0.08209632 -0.03691886
0.08645971 -0.03736315
0.09092514 -0.03777760
0.09549150 -0.03816283
0.10015767 -0.03851946
0.10492249 -0.03884817
0.10978480 -0.03914964
0.11474338 -0.03942458
0.11979702 -0.03967371
0.12494447 -0.03989777
0.13018445 -0.04009750
0.13551569 -0.04027363
0.14093685 -0.04042691
0.14644661 -0.04055806
0.15204360 -0.04066781
0.15772645 -0.04075686
0.16349374 -0.04082590
0.16934407 -0.04087562
0.17527598 -0.04090665
0.18128801 -0.04091963
0.18737867 -0.04091515
0.19354647 -0.04089380
0.19978989 -0.04085613
0.20610737 -0.04080265
0.21249737 -0.04073384
0.21895831 -0.04065018
0.22548859 -0.04055209
0.23208660 -0.04043996
0.23875072 -0.04031417
0.24547929 -0.04017505
0.25227067 -0.04002293
0.25912316 -0.03985808
0.26603509 -0.03968076
0.27300475 -0.03949120
0.28003042 -0.03928962
0.28711035 -0.03907621
0.29424282 -0.03885113
0.30142605 -0.03861452
0.30865828 -0.03836654
0.31593772 -0.03810728
0.32326258 -0.03783687
0.33063104 -0.03755538
0.33804129 -0.03726291
0.34549150 -0.03695953
0.35297984 -0.03664532
0.36050445 -0.03632033
0.36806348 -0.03598464
0.37565506 -0.03563831
0.38327732 -0.03528141
0.39092838 -0.03491399
0.39860635 -0.03453614
0.40630934 -0.03414793
0.41403545 -0.03374944
0.42178277 -0.03334077
0.42954938 -0.03292200
0.43733338 -0.03249326
0.44513284 -0.03205466
0.45294584 -0.03160633
0.46077045 -0.03114840
0.46860474 -0.03068105
0.47644677 -0.03020443
0.48429462 -0.02971874
0.49214634 -0.02922415
0.50000000 -0.02872089
0.50785366 -0.02820919
0.51570538 -0.02768928
0.52355323 -0.02716142
0.53139526 -0.02662589
0.53922955 -0.02608298
0.54705416 -0.02553299
0.55486716 -0.02497625
0.56266662 -0.02441309
0.57045062 -0.02384387
0.57821723 -0.02326897
0.58596455 -0.02268878
0.59369066 -0.02210370
0.60139365 -0.02151416
0.60907162 -0.02092060
0.61672268 -0.02032348
0.62434494 -0.01972328
0.63193652 -0.01912048
0.63949555 -0.01851561
0.64702016 -0.01790917
0.65450850 -0.01730173
0.66195871 -0.01669382
0.66936896 -0.01608603
0.67673742 -0.01547893
0.68406228 -0.01487314
0.69134172 -0.01426927
0.69857395 -0.01366794
0.70575718 -0.01306978
0.71288965 -0.01247545
0.71996958 -0.01188561
0.72699525 -0.01130091
0.73396491 -0.01072203
0.74087684 -0.01014964
0.74772933 -0.00958442
0.75452071 -0.00902705
0.76124928 -0.00847820
0.76791340 -0.00793855
0.77451141 -0.00740877
0.78104169 -0.00688952
0.78750263 -0.00638144
0.79389263 -0.00588518
0.80021011 -0.00540135
0.80645353 -0.00493057
0.81262133 -0.00447341
0.81871199 -0.00403043
0.82472402 -0.00360216
0.83065593 -0.00318911
0.83650626 -0.00279175
0.84227355 -0.00241052
0.84795640 -0.00204580
0.85355339 -0.00169797
0.85906315 -0.00136734
0.86448431 -0.00105418
0.86981555 -0.00075871
0.87505553 -0.00048111
0.88020298 -0.00022150
0.88525662 0.00002005
0.89021520 0.00024352
0.89507751 0.00044895
0.89984233 0.00063644
0.90450850 0.00080612
0.90907486 0.00095823
0.91354029 0.00109302
0.91790368 0.00121081
0.92216396 0.00131198
0.92632008 0.00139698
0.93037101 0.00146628
0.93431576 0.00152044
0.93815334 0.00156003
0.94188282 0.00158571
0.94550326 0.00159816
0.94901379 0.00159811
0.95241353 0.00158633
0.95570164 0.00156362
0.95887731 0.00153082
0.96193977 0.00148880
0.96488824 0.00143844
0.96772202 0.00138067
0.97044038 0.00131639
0.97304268 0.00124656
0.97552826 0.00117210
0.97789651 0.00109397
0.98014684 0.00101309
0.98227871 0.00093040
0.98429158 0.00084680
0.98618496 0.00076319
0.98795838 0.00068044
0.98961141 0.00059938
0.99114363 0.00052081
0.99255466 0.00044551
0.99384417 0.00037420
0.99501183 0.00030753
0.99605735 0.00024615
0.99698048 0.00019060
0.99778098 0.00014141
0.99845867 0.00009901
0.99901336 0.00006379
0.99944494 0.00003607
0.99975328 0.00001609
0.99993832 0.00000403
1.00000000 -0.00000000
