sample_956
1.00000000 -0.00000000
0.99993832 0.00001265
0.99975328 0.00005062
0.99944494 0.00011389
0.99901336 0.00020249
0.99845867 0.00031642
0.99778098 0.00045569
0.99698048 0.00062033
0.99605735 0.00081034
0.99501183 0.00102576
0.99384417 0.00126661
0.99255466 0.00153291
0.99114363 0.00182471
0.98961141 0.00214204
0.98795838 0.00248494
0.98618496 0.00285344
0.98429158 0.00324761
0.98227871 0.00366748
0.98014684 0.00411311
0.97789651 0.00458456
0.97552826 0.00508187
0.97304268 0.00560510
0.97044038 0.00615431
0.96772202 0.00672956
0.96488824 0.00733089
0.96193977 0.00795835
0.95887731 0.00861201
0.95570164 0.00929188
0.95241353 0.00999801
0.94901379 0.01073041
0.94550326 0.01148911
0.94188282 0.01227410
0.93815334 0.01308536
0.93431576 0.01392286
0.93037101 0.01478655
0.92632008 0.01567635
0.92216396 0.01659217
0.91790368 0.01753387
0.91354029 0.01850131
0.90907486 0.01949428
0.90450850 0.02051257
0.89984233 0.02155592
0.89507751 0.02262402
0.89021520 0.02371653
0.88525662 0.02483306
0.88020298 0.02597316
0.87505553 0.02713637
0.86981555 0.02832213
0.86448431 0.02952986
0.85906315 0.03075890
0.85355339 0.03200856
0.84795640 0.03327807
0.84227355 0.03456661
0.83650626 0.03587331
0.83065593 0.03719722
0.82472402 0.03853735
0.81871199 0.03989263
0.81262133 0.04126196
0.80645353 0.04264415
0.80021011 0.04403797
0.79389263 0.04544214
0.78750263 0.04685532
0.78104169 0.04827611
0.77451141 0.04970307
0.76791340 0.05113472
0.76124928 0.05256954
0.75452071 0.05400595
0.74772933 0.05544236
0.74087684 0.05687714
0.73396491 0.05830862
0.72699525 0.05973514
0.71996958 0.06115498
0.71288965 0.06256645
0.70575718 0.06396783
0.69857395 0.06535740
0.69134172 0.06673345
0.68406228 0.06809427
0.67673742 0.06943817
0.66936896 0.07076348
0.66195871 0.07206855
0.65450850 0.07335177
0.64702016 0.07461155
0.63949555 0.07584634
0.63193652 0.07705466
0.62434494 0.07823505
0.61672268 0.07938611
0.60907162 0.08050650
0.60139365 0.08159495
0.59369066 0.08265024
0.58596455 0.08367122
0.57821723 0.08465683
0.57045062 0.08560604
0.56266662 0.08651794
0.55486716 0.08739168
0.54705416 0.08822646
0.53922955 0.08902161
0.53139526 0.08977649
0.52355323 0.09049056
0.51570538 0.09116337
0.50785366 0.09179453
0.50000000 0.09238373
0.49214634 0.09293073
0.48429462 0.09343537
0.47644677 0.09389756
0.46860474 0.09431728
0.46077045 0.09469457
0.45294584 0.09502954
0.44513284 0.09532234
0.43733338 0.09557321
0.42954938 0.09578240
0.42178277 0.09595024
0.41403545 0.09607710
0.40630934 0.09616337
0.39860635 0.09620950
0.39092838 0.09621597
0.38327732 0.09618327
0.37565506 0.09611193
0.36806348 0.09600249
0.36050445 0.09585551
0.35297984 0.09567158
0.34549150 0.09545127
0.33804129 0.09519518
0.33063104 0.09490389
0.32326258 0.09457800
0.31593772 0.09421808
0.30865828 0.09382474
0.30142605 0.09339853
0.29424282 0.09294002
0.28711035 0.09244976
0.28003042 0.09192829
0.27300475 0.09137613
0.26603509 0.09079379
0.25912316 0.09018175
0.25227067 0.08954048
0.24547929 0.08887045
0.23875072 0.08817209
0.23208660 0.08744581
0.22548859 0.08669203
0.21895831 0.08591114
0.21249737 0.08510350
0.20610737 0.08426948
0.19978989 0.08340942
0.19354647 0.08252367
0.18737867 0.08161254
0.18128801 0.08067635
0.17527598 0.07971543
0.16934407 0.07873006
0.16349374 0.07772056
0.15772645 0.07668724
0.15204360 0.07563038
0.14644661 0.07455029
0.14093685 0.07344728
0.13551569 0.07232166
0.13018445 0.07117374
0.12494447 0.07000385
0.11979702 0.06881233
0.11474338 0.06759950
0.10978480 0.06636573
0.10492249 0.06511137
0.10015767 0.06383681
0.09549150 0.06254242
0.09092514 0.06122860
0.08645971 0.05989577
0.08209632 0.05854435
0.07783604 0.05717478
0.07367992 0.05578750
0.06962899 0.05438298
0.06568424 0.05296168
0.06184666 0.05152408
0.05811718 0.05007069
0.05449674 0.04860199
0.05098621 0.04711850
0.04758647 0.04562073
0.04429836 0.04410920
0.04112269 0.04258444
0.03806023 0.04104698
0.03511176 0.03949735
0.03227798 0.03793608
0.02955962 0.03636371
0.02695732 0.03478077
0.02447174 0.03318779
0.02210349 0.03158531
0.01985316 0.02997384
0.01772129 0.02835392
0.01570842 0.02672606
0.01381504 0.02509077
0.01204162 0.02344856
0.01038859 0.02179993
0.00885637 0.02014538
0.00744534 0.01848539
0.00615583 0.01682044
0.00498817 0.01515100
0.00394265 0.01347756
0.00301952 0.01180056
0.00221902 0.01012047
0.00154133 0.00843774
0.00098664 0.00675282
0.00055506 0.00506614
0.00024672 0.00337815
0.00006168 0.00168929
0.00000000 0.00000000
0.00006168 -0.00122249
0.00024672 -0.00244308
0.00055506 -0.00365986
0.00098664 -0.00487096
0.00154133 -0.00607453
0.00221902 -0.00726875
0.00301952 -0.00845183
0.00394265 -0.00962207
0.00498817 -0.01077779
0.00615583 -0.01191740
0.00744534 -0.01303937
0.00885637 -0.01414226
0.01038859 -0.01522471
0.01204162 -0.01628544
0.01381504 -0.01732328
0.01570842 -0.01833716
0.01772129 -0.01932609
0.01985316 -0.02028920
0.02210349 -0.02122574
0.02447174 -0.02213504
0.02695732 -0.02301655
0.02955962 -0.02386984
0.03227798 -0.02469456
0.03511176 -0.02549049
0.03806023 -0.02625751
0.04112269 -0.02699558
0.04429836 -0.02770477
0.04758647 -0.02838526
0.05098621 -0.02903728
0.05449674 -0.02966118
0.05811718 -0.03025736
0.06184666 -0.03082631
0.06568424 -0.03136859
0.06962899 -0.03188479
0.07367992 -0.03237558
0.07783604 -0.03284166
0.08209632 -0.03328377
0.08645971 -0.03370270
0.09092514 -0.03409924
0.09549150 -0.03447419
0.10015767 -0.03482840
0.10492249 -0.03516267
0.10978480 -0.03547784
0.11474338 -0.03577471
0.11979702 -0.03605407
0.12494447 -0.03631670
0.13018445 -0.03656334
0.13551569 -0.03679468
0.14093685 -0.03701140
0.14644661 -0.03721413
0.15204360 -0.03740343
0.15772645 -0.03757983
0.16349374 -0.03774382
0.16934407 -0.03789579
0.17527598 -0.03803611
0.18128801 -0.03816508
0.18737867 -0.03828295
0.19354647 -0.03838988
0.19978989 -0.03848601
0.20610737 -0.03857139
0.21249737 -0.03864603
0.21895831 -0.03870987
0.22548859 -0.03876282
0.23208660 -0.03880471
0.23875072 -0.03883535
0.24547929 -0.03885448
0.25227067 -0.03886182
0.25912316 -0.03885705
0.26603509 -0.03883979
0.27300475 -0.03880966
0.28003042 -0.03876627
0.28711035 -0.03870916
0.29424282 -0.03863790
0.30142605 -0.03855204
0.30865828 -0.03845111
0.31593772 -0.03833465
0.32326258 -0.03820222
0.33063104 -0.03805336
0.33804129 -0.03788765
0.34549150 -0.03770466
0.35297984 -0.03750402
0.36050445 -0.03728535
0.36806348 -0.03704833
0.37565506 -0.03679264
0.38327732 -0.03651804
0.39092838 -0.03622428
0.39860635 -0.03591121
0.40630934 -0.03557866
0.41403545 -0.03522657
0.42178277 -0.03485488
0.42954938 -0.03446361
0.43733338 -0.03405282
0.44513284 -0.03362261
0.45294584 -0.03317315
0.46077045 -0.03270467
0.46860474 -0.03221743
0.47644677 -0.03171174
0.48429462 -0.03118800
0.49214634 -0.03064661
0.50000000 -0.03008805
0.50785366 -0.02951285
0.51570538 -0.02892158
0.52355323 -0.02831484
0.53139526 -0.02769330
0.53922955 -0.02705766
0.54705416 -0.02640864
0.55486716 -0.02574704
0.56266662 -0.02507366
0.57045062 -0.02438933
0.57821723 -0.02369495
0.58596455 -0.02299140
0.59369066 -0.02227961
0.60139365 -0.02156053
0.60907162 -0.02083514
0.61672268 -0.02010441
0.62434494 -0.01936935
0.63193652 -0.01863098
0.63949555 -0.01789032
0.64702016 -0.01714841
0.65450850 -0.01640628
0.66195871 -0.01566499
0.66936896 -0.01492556
0.67673742 -0.01418905
0.68406228 -0.01345650
0.69134172 -0.01272894
0.69857395 -0.01200739
0.70575718 -0.01129286
0.71288965 -0.01058638
0.71996958 -0.00988891
0.72699525 -0.00920144
0.73396491 -0.00852491
0.74087684 -0.00786026
0.74772933 -0.00720839
0.75452071 -0.00657020
0.76124928 -0.00594653
0.76791340 -0.00533822
0.77451141 -0.00474606
0.78104169 -0.00417080
0.78750263 -0.00361319
0.79389263 -0.00307389
0.80021011 -0.00255357
0.80645353 -0.00205282
0.81262133 -0.00157221
0.81871199 -0.00111225
0.82472402 -0.00067340
0.83065593 -0.00025609
0.83650626 0.00013933
0.84227355 0.00051254
0.84795640 0.00086330
0.85355339 0.00119140
0.85906315 0.00149670
0.86448431 0.00177913
0.86981555 0.00203867
0.87505553 0.00227537
0.88020298 0.00248932
0.88525662 0.00268071
0.89021520 0.00284977
0.89507751 0.00299679
0.89984233 0.00312214
0.90450850 0.00322623
0.90907486 0.00330957
0.91354029 0.00337269
0.91790368 0.00341621
0.92216396 0.00344080
0.92632008 0.00344718
0.93037101 0.00343613
0.93431576 0.00340848
0.93815334 0.00336511
0.94188282 0.00330696
0.94550326 0.00323500
0.94901379 0.00315024
0.95241353 0.00305372
0.95570164 0.00294653
0.95887731 0.00282977
0.96193977 0.00270458
0.96488824 0.00257209
0.96772202 0.00243348
0.97044038 0.00228992
0.97304268 0.00214256
0.97552826 0.00199260
0.97789651 0.00184117
0.98014684 0.00168944
0.98227871 0.00153854
0.98429158 0.00138956
0.98618496 0.00124359
0.98795838 0.00110167
0.98961141 0.00096479
0.99114363 0.00083392
0.99255466 0.00070997
0.99384417 0.00059378
0.99501183 0.00048614
0.99605735 0.00038780
0.99698048 0.00029942
0.99778098 0.00022158
0.99845867 0.00015482
0.99901336 0.00009958
0.99944494 0.00005623
0.99975328 0.00002506
0.99993832 0.00000628
1.00000000 -0.00000000
