sample_1166
1.00000000 -0.00000000
0.99993832 0.00001174
0.99975328 0.00004697
0.99944494 0.00010575
0.99901336 0.00018818
0.99845867 0.00029437
0.99778098 0.00042450
0.99698048 0.00057877
0.99605735 0.00075739
0.99501183 0.00096063
0.99384417 0.00118877
0.99255466 0.00144212
0.99114363 0.00172102
0.98961141 0.00202580
0.98795838 0.00235684
0.98618496 0.00271451
0.98429158 0.00309920
0.98227871 0.00351128
0.98014684 0.00395115
0.97789651 0.00441919
0.97552826 0.00491577
0.97304268 0.00544125
0.97044038 0.00599599
0.96772202 0.00658029
0.96488824 0.00719447
0.96193977 0.00783878
0.95887731 0.00851347
0.95570164 0.00921872
0.95241353 0.00995469
0.94901379 0.01072149
0.94550326 0.01151918
0.94188282 0.01234777
0.93815334 0.01320721
0.93431576 0.01409739
0.93037101 0.01501815
0.92632008 0.01596925
0.92216396 0.01695039
0.91790368 0.01796121
0.91354029 0.01900128
0.90907486 0.02007009
0.90450850 0.02116707
0.89984233 0.02229157
0.89507751 0.02344287
0.89021520 0.02462018
0.88525662 0.02582264
0.88020298 0.02704931
0.87505553 0.02829919
0.86981555 0.02957123
0.86448431 0.03086427
0.85906315 0.03217712
0.85355339 0.03350852
0.84795640 0.03485716
0.84227355 0.03622165
0.83650626 0.03760058
0.83065593 0.03899246
0.82472402 0.04039578
0.81871199 0.04180897
0.81262133 0.04323045
0.80645353 0.04465857
0.80021011 0.04609169
0.79389263 0.04752812
0.78750263 0.04896617
0.78104169 0.05040413
0.77451141 0.05184027
0.76791340 0.05327287
0.76124928 0.05470022
0.75452071 0.05612061
0.74772933 0.05753232
0.74087684 0.05893368
0.73396491 0.06032302
0.72699525 0.06169871
0.71996958 0.06305915
0.71288965 0.06440277
0.70575718 0.06572804
0.69857395 0.06703349
0.69134172 0.06831767
0.68406228 0.06957921
0.67673742 0.07081678
0.66936896 0.07202913
0.66195871 0.07321506
0.65450850 0.07437342
0.64702016 0.07550316
0.63949555 0.07660328
0.63193652 0.07767286
0.62434494 0.07871106
0.61672268 0.07971711
0.60907162 0.08069031
0.60139365 0.08163005
0.59369066 0.08253580
0.58596455 0.08340710
0.57821723 0.08424357
0.57045062 0.08504491
0.56266662 0.08581090
0.55486716 0.08654140
0.54705416 0.08723633
0.53922955 0.08789570
0.53139526 0.08851956
0.52355323 0.08910808
0.51570538 0.08966144
0.50785366 0.09017992
0.50000000 0.09066384
0.49214634 0.09111360
0.48429462 0.09152962
0.47644677 0.09191238
0.46860474 0.09226243
0.46077045 0.09258032
0.45294584 0.09286666
0.44513284 0.09312209
0.43733338 0.09334727
0.42954938 0.09354289
0.42178277 0.09370964
0.41403545 0.09384825
0.40630934 0.09395943
0.39860635 0.09404390
0.39092838 0.09410240
0.38327732 0.09413562
0.37565506 0.09414428
0.36806348 0.09412906
0.36050445 0.09409061
0.35297984 0.09402959
0.34549150 0.09394659
0.33804129 0.09384220
0.33063104 0.09371693
0.32326258 0.09357129
0.31593772 0.09340571
0.30865828 0.09322061
0.30142605 0.09301631
0.29424282 0.09279311
0.28711035 0.09255124
0.28003042 0.09229088
0.27300475 0.09201214
0.26603509 0.09171505
0.25912316 0.09139962
0.25227067 0.09106575
0.24547929 0.09071331
0.23875072 0.09034207
0.23208660 0.08995178
0.22548859 0.08954209
0.21895831 0.08911260
0.21249737 0.08866285
0.20610737 0.08819231
0.19978989 0.08770041
0.19354647 0.08718651
0.18737867 0.08664994
0.18128801 0.08608996
0.17527598 0.08550579
0.16934407 0.08489661
0.16349374 0.08426159
0.15772645 0.08359982
0.15204360 0.08291040
0.14644661 0.08219241
0.14093685 0.08144488
0.13551569 0.08066687
0.13018445 0.07985742
0.12494447 0.07901555
0.11979702 0.07814032
0.11474338 0.07723078
0.10978480 0.07628602
0.10492249 0.07530513
0.10015767 0.07428725
0.09549150 0.07323155
0.09092514 0.07213725
0.08645971 0.07100362
0.08209632 0.06982997
0.07783604 0.06861569
0.07367992 0.06736023
0.06962899 0.06606310
0.06568424 0.06472391
0.06184666 0.06334234
0.05811718 0.06191815
0.05449674 0.06045120
0.05098621 0.05894144
0.04758647 0.05738892
0.04429836 0.05579378
0.04112269 0.05415627
0.03806023 0.05247676
0.03511176 0.05075570
0.03227798 0.04899367
0.02955962 0.04719134
0.02695732 0.04534949
0.02447174 0.04346904
0.02210349 0.04155098
0.01985316 0.03959643
0.01772129 0.03760659
0.01570842 0.03558280
0.01381504 0.03352646
0.01204162 0.03143910
0.01038859 0.02932232
0.00885637 0.02717782
0.00744534 0.02500740
0.00615583 0.02281290
0.00498817 0.02059627
0.00394265 0.01835953
0.00301952 0.01610473
0.00221902 0.01383401
0.00154133 0.01154954
0.00098664 0.00925356
0.00055506 0.00694831
0.00024672 0.00463609
0.00006168 0.00231921
0.00000000 0.00000000
0.00006168 -0.00113600
0.00024672 -0.00227138
0.00055506 -0.00340548
0.00098664 -0.00453769
0.00154133 -0.00566739
0.00221902 -0.00679394
0.00301952 -0.00791675
0.00394265 -0.00903520
0.00498817 -0.01014871
0.00615583 -0.01125669
0.00744534 -0.01235856
0.00885637 -0.01345379
0.01038859 -0.01454181
0.01204162 -0.01562210
0.01381504 -0.01669415
0.01570842 -0.01775746
0.01772129 -0.01881154
0.01985316 -0.01985594
0.02210349 -0.02089022
0.02447174 -0.02191393
0.02695732 -0.02292666
0.02955962 -0.02392804
0.03227798 -0.02491766
0.03511176 -0.02589519
0.03806023 -0.02686026
0.04112269 -0.02781256
0.04429836 -0.02875176
0.04758647 -0.02967757
0.05098621 -0.03058969
0.05449674 -0.03148786
0.05811718 -0.03237181
0.06184666 -0.03324129
0.06568424 -0.03409604
0.06962899 -0.03493583
0.07367992 -0.03576042
0.07783604 -0.03656959
0.08209632 -0.03736310
0.08645971 -0.03814073
0.09092514 -0.03890226
0.09549150 -0.03964745
0.10015767 -0.04037607
0.10492249 -0.04108789
0.10978480 -0.04178266
0.11474338 -0.04246014
0.11979702 -0.04312006
0.12494447 -0.04376216
0.13018445 -0.04438615
0.13551569 -0.04499174
0.14093685 -0.04557863
0.14644661 -0.04614649
0.15204360 -0.04669499
0.15772645 -0.04722378
0.16349374 -0.04773250
0.16934407 -0.04822076
0.17527598 -0.04868817
0.18128801 -0.04913430
0.18737867 -0.04955875
0.19354647 -0.04996105
0.19978989 -0.05034076
0.20610737 -0.05069740
0.21249737 -0.05103049
0.21895831 -0.05133954
0.22548859 -0.05162403
0.23208660 -0.05188346
0.23875072 -0.05211731
0.24547929 -0.05232505
0.25227067 -0.05250616
0.25912316 -0.05266011
0.26603509 -0.05278638
0.27300475 -0.05288444
0.28003042 -0.05295379
0.28711035 -0.05299391
0.29424282 -0.05300433
0.30142605 -0.05298457
0.30865828 -0.05293417
0.31593772 -0.05285269
0.32326258 -0.05273975
0.33063104 -0.05259494
0.33804129 -0.05241793
0.34549150 -0.05220841
0.35297984 -0.05196610
0.36050445 -0.05169076
0.36806348 -0.05138221
0.37565506 -0.05104030
0.38327732 -0.05066494
0.39092838 -0.05025610
0.39860635 -0.04981378
0.40630934 -0.04933807
0.41403545 -0.04882909
0.42178277 -0.04828705
0.42954938 -0.04771219
0.43733338 -0.04710486
0.44513284 -0.04646545
0.45294584 -0.04579441
0.46077045 -0.04509229
0.46860474 -0.04435968
0.47644677 -0.04359727
0.48429462 -0.04280580
0.49214634 -0.04198608
0.50000000 -0.04113902
0.50785366 -0.04026556
0.51570538 -0.03936674
0.52355323 -0.03844366
0.53139526 -0.03749748
0.53922955 -0.03652943
0.54705416 -0.03554081
0.55486716 -0.03453296
0.56266662 -0.03350730
0.57045062 -0.03246530
0.57821723 -0.03140847
0.58596455 -0.03033837
0.59369066 -0.02925661
0.60139365 -0.02816485
0.60907162 -0.02706477
0.61672268 -0.02595809
0.62434494 -0.02484655
0.63193652 -0.02373191
0.63949555 -0.02261597
0.64702016 -0.02150051
0.65450850 -0.02038734
0.66195871 -0.01927827
0.66936896 -0.01817509
0.67673742 -0.01707961
0.68406228 -0.01599359
0.69134172 -0.01491879
0.69857395 -0.01385696
0.70575718 -0.01280979
0.71288965 -0.01177895
0.71996958 -0.01076606
0.72699525 -0.00977272
0.73396491 -0.00880044
0.74087684 -0.00785069
0.74772933 -0.00692491
0.75452071 -0.00602442
0.76124928 -0.00515051
0.76791340 -0.00430438
0.77451141 -0.00348716
0.78104169 -0.00269990
0.78750263 -0.00194356
0.79389263 -0.00121902
0.80021011 -0.00052706
0.80645353 0.00013163
0.81262133 0.00075644
0.81871199 0.00134688
0.82472402 0.00190253
0.83065593 0.00242309
0.83650626 0.00290835
0.84227355 0.00335821
0.84795640 0.00377266
0.85355339 0.00415178
0.85906315 0.00449576
0.86448431 0.00480490
0.86981555 0.00507958
0.87505553 0.00532028
0.88020298 0.00552757
0.88525662 0.00570210
0.89021520 0.00584464
0.89507751 0.00595601
0.89984233 0.00603713
0.90450850 0.00608900
0.90907486 0.00611268
0.91354029 0.00610931
0.91790368 0.00608010
0.92216396 0.00602630
0.92632008 0.00594926
0.93037101 0.00585033
0.93431576 0.00573094
0.93815334 0.00559255
0.94188282 0.00543667
0.94550326 0.00526481
0.94901379 0.00507855
0.95241353 0.00487944
0.95570164 0.00466909
0.95887731 0.00444908
0.96193977 0.00422102
0.96488824 0.00398650
0.96772202 0.00374712
0.97044038 0.00350444
0.97304268 0.00326002
0.97552826 0.00301540
0.97789651 0.00277205
0.98014684 0.00253145
0.98227871 0.00229502
0.98429158 0.00206413
0.98618496 0.00184011
0.98795838 0.00162422
0.98961141 0.00141767
0.99114363 0.00122160
0.99255466 0.00103709
0.99384417 0.00086514
0.99501183 0.00070669
0.99605735 0.00056258
0.99698048 0.00043357
0.99778098 0.00032037
0.99845867 0.00022355
0.99901336 0.00014363
0.99944494 0.00008104
0.99975328 0.00003610
0.99993832 0.00000904
1.00000000 -0.00000000
