sample_906
1.00000000 -0.00000000
0.99993832 0.00001670
0.99975328 0.00006679
0.99944494 0.00015022
0.99901336 0.00026690
0.99845867 0.00041673
0.99778098 0.00059955
0.99698048 0.00081519
0.99605735 0.00106344
0.99501183 0.00134407
0.99384417 0.00165680
0.99255466 0.00200135
0.99114363 0.00237739
0.98961141 0.00278458
0.98795838 0.00322254
0.98618496 0.00369088
0.98429158 0.00418919
0.98227871 0.00471702
0.98014684 0.00527393
0.97789651 0.00585944
0.97552826 0.00647306
0.97304268 0.00711429
0.97044038 0.00778261
0.96772202 0.00847749
0.96488824 0.00919841
0.96193977 0.00994480
0.95887731 0.01071612
0.95570164 0.01151181
0.95241353 0.01233130
0.94901379 0.01317403
0.94550326 0.01403942
0.94188282 0.01492690
0.93815334 0.01583589
0.93431576 0.01676583
0.93037101 0.01771614
0.92632008 0.01868624
0.92216396 0.01967558
0.91790368 0.02068357
0.91354029 0.02170967
0.90907486 0.02275330
0.90450850 0.02381390
0.89984233 0.02489092
0.89507751 0.02598381
0.89021520 0.02709200
0.88525662 0.02821497
0.88020298 0.02935214
0.87505553 0.03050299
0.86981555 0.03166696
0.86448431 0.03284350
0.85906315 0.03403208
0.85355339 0.03523213
0.84795640 0.03644312
0.84227355 0.03766448
0.83650626 0.03889566
0.83065593 0.04013610
0.82472402 0.04138523
0.81871199 0.04264247
0.81262133 0.04390724
0.80645353 0.04517894
0.80021011 0.04645699
0.79389263 0.04774075
0.78750263 0.04902961
0.78104169 0.05032293
0.77451141 0.05162007
0.76791340 0.05292035
0.76124928 0.05422310
0.75452071 0.05552763
0.74772933 0.05683321
0.74087684 0.05813913
0.73396491 0.05944464
0.72699525 0.06074897
0.71996958 0.06205134
0.71288965 0.06335095
0.70575718 0.06464697
0.69857395 0.06593858
0.69134172 0.06722490
0.68406228 0.06850505
0.67673742 0.06977815
0.66936896 0.07104327
0.66195871 0.07229946
0.65450850 0.07354578
0.64702016 0.07478124
0.63949555 0.07600486
0.63193652 0.07721561
0.62434494 0.07841246
0.61672268 0.07959437
0.60907162 0.08076028
0.60139365 0.08190910
0.59369066 0.08303974
0.58596455 0.08415109
0.57821723 0.08524203
0.57045062 0.08631144
0.56266662 0.08735816
0.55486716 0.08838106
0.54705416 0.08937897
0.53922955 0.09035074
0.53139526 0.09129519
0.52355323 0.09221116
0.51570538 0.09309747
0.50785366 0.09395297
0.50000000 0.09477649
0.49214634 0.09556686
0.48429462 0.09632295
0.47644677 0.09704360
0.46860474 0.09772769
0.46077045 0.09837411
0.45294584 0.09898177
0.44513284 0.09954959
0.43733338 0.10007651
0.42954938 0.10056151
0.42178277 0.10100360
0.41403545 0.10140181
0.40630934 0.10175521
0.39860635 0.10206290
0.39092838 0.10232403
0.38327732 0.10253779
0.37565506 0.10270343
0.36806348 0.10282022
0.36050445 0.10288752
0.35297984 0.10290470
0.34549150 0.10287124
0.33804129 0.10278665
0.33063104 0.10265050
0.32326258 0.10246246
0.31593772 0.10222223
0.30865828 0.10192961
0.30142605 0.10158446
0.29424282 0.10118673
0.28711035 0.10073645
0.28003042 0.10023371
0.27300475 0.09967870
0.26603509 0.09907169
0.25912316 0.09841304
0.25227067 0.09770318
0.24547929 0.09694264
0.23875072 0.09613202
0.23208660 0.09527204
0.22548859 0.09436347
0.21895831 0.09340718
0.21249737 0.09240413
0.20610737 0.09135534
0.19978989 0.09026194
0.19354647 0.08912511
0.18737867 0.08794613
0.18128801 0.08672634
0.17527598 0.08546715
0.16934407 0.08417003
0.16349374 0.08283654
0.15772645 0.08146825
0.15204360 0.08006684
0.14644661 0.07863398
0.14093685 0.07717143
0.13551569 0.07568095
0.13018445 0.07416437
0.12494447 0.07262352
0.11979702 0.07106024
0.11474338 0.06947642
0.10978480 0.06787391
0.10492249 0.06625460
0.10015767 0.06462035
0.09549150 0.06297301
0.09092514 0.06131442
0.08645971 0.05964638
0.08209632 0.05797067
0.07783604 0.05628900
0.07367992 0.05460307
0.06962899 0.05291451
0.06568424 0.05122488
0.06184666 0.04953569
0.05811718 0.04784837
0.05449674 0.04616429
0.05098621 0.04448472
0.04758647 0.04281084
0.04429836 0.04114377
0.04112269 0.03948450
0.03806023 0.03783394
0.03511176 0.03619292
0.03227798 0.03456213
0.02955962 0.03294218
0.02695732 0.03133357
0.02447174 0.02973669
0.02210349 0.02815183
0.01985316 0.02657918
0.01772129 0.02501880
0.01570842 0.02347068
0.01381504 0.02193469
0.01204162 0.02041061
0.01038859 0.01889810
0.00885637 0.01739678
0.00744534 0.01590613
0.00615583 0.01442557
0.00498817 0.01295445
0.00394265 0.01149204
0.00301952 0.01003754
0.00221902 0.00859010
0.00154133 0.00714880
0.00098664 0.00571270
0.00055506 0.00428081
0.00024672 0.00285209
0.00006168 0.00142551
0.00000000 0.00000000
0.00006168 -0.00082082
0.00024672 -0.00164093
0.00055506 -0.00245962
0.00098664 -0.00327617
0.00154133 -0.00408990
0.00221902 -0.00490010
0.00301952 -0.00570607
0.00394265 -0.00650714
0.00498817 -0.00730262
0.00615583 -0.00809186
0.00744534 -0.00887420
0.00885637 -0.00964901
0.01038859 -0.01041565
0.01204162 -0.01117351
0.01381504 -0.01192200
0.01570842 -0.01266055
0.01772129 -0.01338860
0.01985316 -0.01410560
0.02210349 -0.01481105
0.02447174 -0.01550444
0.02695732 -0.01618531
0.02955962 -0.01685320
0.03227798 -0.01750769
0.03511176 -0.01814839
0.03806023 -0.01877492
0.04112269 -0.01938694
0.04429836 -0.01998412
0.04758647 -0.02056618
0.05098621 -0.02113286
0.05449674 -0.02168391
0.05811718 -0.02221914
0.06184666 -0.02273837
0.06568424 -0.02324145
0.06962899 -0.02372826
0.07367992 -0.02419871
0.07783604 -0.02465273
0.08209632 -0.02509029
0.08645971 -0.02551138
0.09092514 -0.02591601
0.09549150 -0.02630424
0.10015767 -0.02667611
0.10492249 -0.02703173
0.10978480 -0.02737119
0.11474338 -0.02769465
0.11979702 -0.02800224
0.12494447 -0.02829413
0.13018445 -0.02857051
0.13551569 -0.02883157
0.14093685 -0.02907754
0.14644661 -0.02930863
0.15204360 -0.02952508
0.15772645 -0.02972713
0.16349374 -0.02991502
0.16934407 -0.03008900
0.17527598 -0.03024932
0.18128801 -0.03039624
0.18737867 -0.03053000
0.19354647 -0.03065085
0.19978989 -0.03075903
0.20610737 -0.03085477
0.21249737 -0.03093828
0.21895831 -0.03100980
0.22548859 -0.03106951
0.23208660 -0.03111760
0.23875072 -0.03115425
0.24547929 -0.03117960
0.25227067 -0.03119381
0.25912316 -0.03119699
0.26603509 -0.03118924
0.27300475 -0.03117065
0.28003042 -0.03114129
0.28711035 -0.03110121
0.29424282 -0.03105042
0.30142605 -0.03098895
0.30865828 -0.03091677
0.31593772 -0.03083387
0.32326258 -0.03074020
0.33063104 -0.03063571
0.33804129 -0.03052030
0.34549150 -0.03039391
0.35297984 -0.03025643
0.36050445 -0.03010774
0.36806348 -0.02994773
0.37565506 -0.02977628
0.38327732 -0.02959325
0.39092838 -0.02939851
0.39860635 -0.02919193
0.40630934 -0.02897337
0.41403545 -0.02874272
0.42178277 -0.02849985
0.42954938 -0.02824466
0.43733338 -0.02797704
0.44513284 -0.02769691
0.45294584 -0.02740421
0.46077045 -0.02709888
0.46860474 -0.02678090
0.47644677 -0.02645026
0.48429462 -0.02610700
0.49214634 -0.02575115
0.50000000 -0.02538280
0.50785366 -0.02500206
0.51570538 -0.02460907
0.52355323 -0.02420401
0.53139526 -0.02378710
0.53922955 -0.02335857
0.54705416 -0.02291873
0.55486716 -0.02246789
0.56266662 -0.02200642
0.57045062 -0.02153471
0.57821723 -0.02105322
0.58596455 -0.02056241
0.59369066 -0.02006279
0.60139365 -0.01955493
0.60907162 -0.01903940
0.61672268 -0.01851682
0.62434494 -0.01798785
0.63193652 -0.01745318
0.63949555 -0.01691350
0.64702016 -0.01636956
0.65450850 -0.01582213
0.66195871 -0.01527199
0.66936896 -0.01471995
0.67673742 -0.01416681
0.68406228 -0.01361343
0.69134172 -0.01306064
0.69857395 -0.01250930
0.70575718 -0.01196026
0.71288965 -0.01141439
0.71996958 -0.01087253
0.72699525 -0.01033553
0.73396491 -0.00980425
0.74087684 -0.00927949
0.74772933 -0.00876209
0.75452071 -0.00825282
0.76124928 -0.00775247
0.76791340 -0.00726178
0.77451141 -0.00678147
0.78104169 -0.00631222
0.78750263 -0.00585470
0.79389263 -0.00540951
0.80021011 -0.00497724
0.80645353 -0.00455843
0.81262133 -0.00415358
0.81871199 -0.00376314
0.82472402 -0.00338751
0.83065593 -0.00302706
0.83650626 -0.00268209
0.84227355 -0.00235287
0.84795640 -0.00203961
0.85355339 -0.00174247
0.85906315 -0.00146156
0.86448431 -0.00119693
0.86981555 -0.00094860
0.87505553 -0.00071652
0.88020298 -0.00050061
0.88525662 -0.00030072
0.89021520 -0.00011666
0.89507751 0.00005180
0.89984233 0.00020494
0.90450850 0.00034308
0.90907486 0.00046658
0.91354029 0.00057586
0.91790368 0.00067135
0.92216396 0.00075353
0.92632008 0.00082290
0.93037101 0.00088002
0.93431576 0.00092543
0.93815334 0.00095975
0.94188282 0.00098357
0.94550326 0.00099754
0.94901379 0.00100231
0.95241353 0.00099853
0.95570164 0.00098690
0.95887731 0.00096808
0.96193977 0.00094278
0.96488824 0.00091167
0.96772202 0.00087545
0.97044038 0.00083481
0.97304268 0.00079042
0.97552826 0.00074297
0.97789651 0.00069309
0.98014684 0.00064145
0.98227871 0.00058867
0.98429158 0.00053536
0.98618496 0.00048210
0.98795838 0.00042946
0.98961141 0.00037798
0.99114363 0.00032816
0.99255466 0.00028048
0.99384417 0.00023540
0.99501183 0.00019332
0.99605735 0.00015463
0.99698048 0.00011966
0.99778098 0.00008873
0.99845867 0.00006210
0.99901336 0.00003999
0.99944494 0.00002261
0.99975328 0.00001008
0.99993832 0.00000253
1.00000000 -0.00000000
