sample_916
1.00000000 -0.00000000
0.99993832 0.00001344
0.99975328 0.00005379
0.99944494 0.00012109
0.99901336 0.00021541
0.99845867 0.00033686
0.99778098 0.00048558
0.99698048 0.00066173
0.99605735 0.00086549
0.99501183 0.00109708
0.99384417 0.00135673
0.99255466 0.00164469
0.99114363 0.00196123
0.98961141 0.00230662
0.98795838 0.00268116
0.98618496 0.00308515
0.98429158 0.00351889
0.98227871 0.00398267
0.98014684 0.00447680
0.97789651 0.00500157
0.97552826 0.00555726
0.97304268 0.00614414
0.97044038 0.00676245
0.96772202 0.00741241
0.96488824 0.00809424
0.96193977 0.00880810
0.95887731 0.00955413
0.95570164 0.01033244
0.95241353 0.01114309
0.94901379 0.01198611
0.94550326 0.01286147
0.94188282 0.01376911
0.93815334 0.01470891
0.93431576 0.01568070
0.93037101 0.01668426
0.92632008 0.01771931
0.92216396 0.01878553
0.91790368 0.01988251
0.91354029 0.02100982
0.90907486 0.02216695
0.90450850 0.02335332
0.89984233 0.02456832
0.89507751 0.02581126
0.89021520 0.02708141
0.88525662 0.02837796
0.88020298 0.02970006
0.87505553 0.03104680
0.86981555 0.03241722
0.86448431 0.03381031
0.85906315 0.03522500
0.85355339 0.03666018
0.84795640 0.03811471
0.84227355 0.03958738
0.83650626 0.04107695
0.83065593 0.04258214
0.82472402 0.04410166
0.81871199 0.04563415
0.81262133 0.04717825
0.80645353 0.04873256
0.80021011 0.05029566
0.79389263 0.05186611
0.78750263 0.05344246
0.78104169 0.05502323
0.77451141 0.05660693
0.76791340 0.05819209
0.76124928 0.05977720
0.75452071 0.06136076
0.74772933 0.06294128
0.74087684 0.06451725
0.73396491 0.06608718
0.72699525 0.06764958
0.71996958 0.06920297
0.71288965 0.07074588
0.70575718 0.07227687
0.69857395 0.07379447
0.69134172 0.07529727
0.68406228 0.07678386
0.67673742 0.07825284
0.66936896 0.07970285
0.66195871 0.08113253
0.65450850 0.08254056
0.64702016 0.08392562
0.63949555 0.08528645
0.63193652 0.08662179
0.62434494 0.08793039
0.61672268 0.08921106
0.60907162 0.09046262
0.60139365 0.09168391
0.59369066 0.09287381
0.58596455 0.09403122
0.57821723 0.09515508
0.57045062 0.09624435
0.56266662 0.09729802
0.55486716 0.09831510
0.54705416 0.09929465
0.53922955 0.10023575
0.53139526 0.10113751
0.52355323 0.10199908
0.51570538 0.10281963
0.50785366 0.10359837
0.50000000 0.10433456
0.49214634 0.10502746
0.48429462 0.10567639
0.47644677 0.10628071
0.46860474 0.10683979
0.46077045 0.10735306
0.45294584 0.10782000
0.44513284 0.10824009
0.43733338 0.10861290
0.42954938 0.10893799
0.42178277 0.10921500
0.41403545 0.10944361
0.40630934 0.10962352
0.39860635 0.10975450
0.39092838 0.10983637
0.38327732 0.10986897
0.37565506 0.10985221
0.36806348 0.10978604
0.36050445 0.10967046
0.35297984 0.10950553
0.34549150 0.10929135
0.33804129 0.10902807
0.33063104 0.10871591
0.32326258 0.10835510
0.31593772 0.10794597
0.30865828 0.10748888
0.30142605 0.10698423
0.29424282 0.10643248
0.28711035 0.10583416
0.28003042 0.10518982
0.27300475 0.10450007
0.26603509 0.10376557
0.25912316 0.10298704
0.25227067 0.10216521
0.24547929 0.10130089
0.23875072 0.10039492
0.23208660 0.09944817
0.22548859 0.09846155
0.21895831 0.09743604
0.21249737 0.09637261
0.20610737 0.09527229
0.19978989 0.09413612
0.19354647 0.09296519
0.18737867 0.09176060
0.18128801 0.09052348
0.17527598 0.08925497
0.16934407 0.08795622
0.16349374 0.08662843
0.15772645 0.08527276
0.15204360 0.08389042
0.14644661 0.08248260
0.14093685 0.08105049
0.13551569 0.07959530
0.13018445 0.07811822
0.12494447 0.07662044
0.11979702 0.07510312
0.11474338 0.07356743
0.10978480 0.07201452
0.10492249 0.07044552
0.10015767 0.06886153
0.09549150 0.06726363
0.09092514 0.06565289
0.08645971 0.06403033
0.08209632 0.06239695
0.07783604 0.06075372
0.07367992 0.05910158
0.06962899 0.05744142
0.06568424 0.05577411
0.06184666 0.05410046
0.05811718 0.05242126
0.05449674 0.05073726
0.05098621 0.04904915
0.04758647 0.04735760
0.04429836 0.04566322
0.04112269 0.04396658
0.03806023 0.04226823
0.03511176 0.04056865
0.03227798 0.03886828
0.02955962 0.03716753
0.02695732 0.03546676
0.02447174 0.03376629
0.02210349 0.03206640
0.01985316 0.03036733
0.01772129 0.02866929
0.01570842 0.02697243
0.01381504 0.02527690
0.01204162 0.02358277
0.01038859 0.02189012
0.00885637 0.02019898
0.00744534 0.01850935
0.00615583 0.01682119
0.00498817 0.01513447
0.00394265 0.01344910
0.00301952 0.01176499
0.00221902 0.01008202
0.00154133 0.00840007
0.00098664 0.00671899
0.00055506 0.00503861
0.00024672 0.00335877
0.00006168 0.00167929
0.00000000 0.00000000
0.00006168 -0.00086587
0.00024672 -0.00173140
0.00055506 -0.00259627
0.00098664 -0.00346014
0.00154133 -0.00432268
0.00221902 -0.00518356
0.00301952 -0.00604244
0.00394265 -0.00689898
0.00498817 -0.00775285
0.00615583 -0.00860371
0.00744534 -0.00945121
0.00885637 -0.01029502
0.01038859 -0.01113477
0.01204162 -0.01197014
0.01381504 -0.01280075
0.01570842 -0.01362627
0.01772129 -0.01444632
0.01985316 -0.01526055
0.02210349 -0.01606859
0.02447174 -0.01687007
0.02695732 -0.01766460
0.02955962 -0.01845181
0.03227798 -0.01923131
0.03511176 -0.02000271
0.03806023 -0.02076561
0.04112269 -0.02151959
0.04429836 -0.02226426
0.04758647 -0.02299920
0.05098621 -0.02372397
0.05449674 -0.02443814
0.05811718 -0.02514128
0.06184666 -0.02583295
0.06568424 -0.02651267
0.06962899 -0.02718001
0.07367992 -0.02783448
0.07783604 -0.02847562
0.08209632 -0.02910294
0.08645971 -0.02971596
0.09092514 -0.03031419
0.09549150 -0.03089711
0.10015767 -0.03146424
0.10492249 -0.03201506
0.10978480 -0.03254907
0.11474338 -0.03306574
0.11979702 -0.03356455
0.12494447 -0.03404500
0.13018445 -0.03450655
0.13551569 -0.03494870
0.14093685 -0.03537091
0.14644661 -0.03577269
0.15204360 -0.03615350
0.15772645 -0.03651286
0.16349374 -0.03685026
0.16934407 -0.03716521
0.17527598 -0.03745723
0.18128801 -0.03772584
0.18737867 -0.03797059
0.19354647 -0.03819104
0.19978989 -0.03838675
0.20610737 -0.03855732
0.21249737 -0.03870235
0.21895831 -0.03882148
0.22548859 -0.03891435
0.23208660 -0.03898064
0.23875072 -0.03902006
0.24547929 -0.03903233
0.25227067 -0.03901721
0.25912316 -0.03897449
0.26603509 -0.03890399
0.27300475 -0.03880556
0.28003042 -0.03867910
0.28711035 -0.03852454
0.29424282 -0.03834183
0.30142605 -0.03813098
0.30865828 -0.03789203
0.31593772 -0.03762508
0.32326258 -0.03733023
0.33063104 -0.03700768
0.33804129 -0.03665761
0.34549150 -0.03628031
0.35297984 -0.03587605
0.36050445 -0.03544520
0.36806348 -0.03498814
0.37565506 -0.03450532
0.38327732 -0.03399720
0.39092838 -0.03346433
0.39860635 -0.03290726
0.40630934 -0.03232663
0.41403545 -0.03172308
0.42178277 -0.03109733
0.42954938 -0.03045011
0.43733338 -0.02978222
0.44513284 -0.02909448
0.45294584 -0.02838776
0.46077045 -0.02766296
0.46860474 -0.02692103
0.47644677 -0.02616293
0.48429462 -0.02538969
0.49214634 -0.02460233
0.50000000 -0.02380194
0.50785366 -0.02298960
0.51570538 -0.02216645
0.52355323 -0.02133362
0.53139526 -0.02049230
0.53922955 -0.01964365
0.54705416 -0.01878890
0.55486716 -0.01792926
0.56266662 -0.01706596
0.57045062 -0.01620024
0.57821723 -0.01533335
0.58596455 -0.01446655
0.59369066 -0.01360107
0.60139365 -0.01273819
0.60907162 -0.01187914
0.61672268 -0.01102518
0.62434494 -0.01017753
0.63193652 -0.00933742
0.63949555 -0.00850606
0.64702016 -0.00768464
0.65450850 -0.00687433
0.66195871 -0.00607628
0.66936896 -0.00529163
0.67673742 -0.00452146
0.68406228 -0.00376685
0.69134172 -0.00302883
0.69857395 -0.00230840
0.70575718 -0.00160654
0.71288965 -0.00092416
0.71996958 -0.00026215
0.72699525 0.00037865
0.73396491 0.00099745
0.74087684 0.00159350
0.74772933 0.00216610
0.75452071 0.00271460
0.76124928 0.00323842
0.76791340 0.00373702
0.77451141 0.00420992
0.78104169 0.00465670
0.78750263 0.00507698
0.79389263 0.00547047
0.80021011 0.00583693
0.80645353 0.00617617
0.81262133 0.00648808
0.81871199 0.00677259
0.82472402 0.00702973
0.83065593 0.00725956
0.83650626 0.00746222
0.84227355 0.00763791
0.84795640 0.00778690
0.85355339 0.00790950
0.85906315 0.00800612
0.86448431 0.00807720
0.86981555 0.00812325
0.87505553 0.00814485
0.88020298 0.00814263
0.88525662 0.00811727
0.89021520 0.00806952
0.89507751 0.00800016
0.89984233 0.00791006
0.90450850 0.00780010
0.90907486 0.00767123
0.91354029 0.00752442
0.91790368 0.00736072
0.92216396 0.00718119
0.92632008 0.00698692
0.93037101 0.00677905
0.93431576 0.00655874
0.93815334 0.00632719
0.94188282 0.00608560
0.94550326 0.00583520
0.94901379 0.00557724
0.95241353 0.00531296
0.95570164 0.00504364
0.95887731 0.00477053
0.96193977 0.00449490
0.96488824 0.00421801
0.96772202 0.00394110
0.97044038 0.00366541
0.97304268 0.00339217
0.97552826 0.00312257
0.97789651 0.00285779
0.98014684 0.00259896
0.98227871 0.00234721
0.98429158 0.00210360
0.98618496 0.00186917
0.98795838 0.00164492
0.98961141 0.00143180
0.99114363 0.00123068
0.99255466 0.00104243
0.99384417 0.00086781
0.99501183 0.00070757
0.99605735 0.00056236
0.99698048 0.00043279
0.99778098 0.00031940
0.99845867 0.00022265
0.99901336 0.00014293
0.99944494 0.00008059
0.99975328 0.00003588
0.99993832 0.00000898
1.00000000 -0.00000000
