sample_360
1.00000000 -0.00000000
0.99993832 0.00001475
0.99975328 0.00005903
0.99944494 0.00013284
0.99901336 0.00023625
0.99845867 0.00036929
0.99778098 0.00053205
0.99698048 0.00072461
0.99605735 0.00094708
0.99501183 0.00119956
0.99384417 0.00148220
0.99255466 0.00179513
0.99114363 0.00213849
0.98961141 0.00251244
0.98795838 0.00291715
0.98618496 0.00335279
0.98429158 0.00381953
0.98227871 0.00431754
0.98014684 0.00484699
0.97789651 0.00540806
0.97552826 0.00600090
0.97304268 0.00662568
0.97044038 0.00728253
0.96772202 0.00797160
0.96488824 0.00869298
0.96193977 0.00944680
0.95887731 0.01023310
0.95570164 0.01105195
0.95241353 0.01190338
0.94901379 0.01278735
0.94550326 0.01370385
0.94188282 0.01465278
0.93815334 0.01563402
0.93431576 0.01664741
0.93037101 0.01769274
0.92632008 0.01876975
0.92216396 0.01987812
0.91790368 0.02101750
0.91354029 0.02218745
0.90907486 0.02338748
0.90450850 0.02461707
0.89984233 0.02587558
0.89507751 0.02716236
0.89021520 0.02847665
0.88525662 0.02981764
0.88020298 0.03118446
0.87505553 0.03257614
0.86981555 0.03399167
0.86448431 0.03542995
0.85906315 0.03688982
0.85355339 0.03837005
0.84795640 0.03986932
0.84227355 0.04138627
0.83650626 0.04291946
0.83065593 0.04446740
0.82472402 0.04602851
0.81871199 0.04760117
0.81262133 0.04918372
0.80645353 0.05077441
0.80021011 0.05237147
0.79389263 0.05397309
0.78750263 0.05557740
0.78104169 0.05718250
0.77451141 0.05878647
0.76791340 0.06038735
0.76124928 0.06198319
0.75452071 0.06357199
0.74772933 0.06515177
0.74087684 0.06672053
0.73396491 0.06827629
0.72699525 0.06981707
0.71996958 0.07134091
0.71288965 0.07284586
0.70575718 0.07433003
0.69857395 0.07579154
0.69134172 0.07722854
0.68406228 0.07863926
0.67673742 0.08002195
0.66936896 0.08137493
0.66195871 0.08269658
0.65450850 0.08398535
0.64702016 0.08523976
0.63949555 0.08645839
0.63193652 0.08763991
0.62434494 0.08878307
0.61672268 0.08988671
0.60907162 0.09094974
0.60139365 0.09197117
0.59369066 0.09295010
0.58596455 0.09388570
0.57821723 0.09477727
0.57045062 0.09562415
0.56266662 0.09642582
0.55486716 0.09718182
0.54705416 0.09789177
0.53922955 0.09855541
0.53139526 0.09917253
0.52355323 0.09974301
0.51570538 0.10026683
0.50785366 0.10074402
0.50000000 0.10117468
0.49214634 0.10155900
0.48429462 0.10189722
0.47644677 0.10218963
0.46860474 0.10243659
0.46077045 0.10263850
0.45294584 0.10279581
0.44513284 0.10290900
0.43733338 0.10297861
0.42954938 0.10300519
0.42178277 0.10298932
0.41403545 0.10293161
0.40630934 0.10283266
0.39860635 0.10269312
0.39092838 0.10251363
0.38327732 0.10229484
0.37565506 0.10203738
0.36806348 0.10174191
0.36050445 0.10140906
0.35297984 0.10103947
0.34549150 0.10063375
0.33804129 0.10019252
0.33063104 0.09971637
0.32326258 0.09920588
0.31593772 0.09866161
0.30865828 0.09808410
0.30142605 0.09747390
0.29424282 0.09683150
0.28711035 0.09615740
0.28003042 0.09545208
0.27300475 0.09471601
0.26603509 0.09394963
0.25912316 0.09315339
0.25227067 0.09232772
0.24547929 0.09147304
0.23875072 0.09058976
0.23208660 0.08967830
0.22548859 0.08873907
0.21895831 0.08777248
0.21249737 0.08677896
0.20610737 0.08575894
0.19978989 0.08471283
0.19354647 0.08364110
0.18737867 0.08254420
0.18128801 0.08142262
0.17527598 0.08027684
0.16934407 0.07910739
0.16349374 0.07791481
0.15772645 0.07669965
0.15204360 0.07546251
0.14644661 0.07420399
0.14093685 0.07292474
0.13551569 0.07162541
0.13018445 0.07030671
0.12494447 0.06896934
0.11979702 0.06761404
0.11474338 0.06624158
0.10978480 0.06485274
0.10492249 0.06344832
0.10015767 0.06202916
0.09549150 0.06059609
0.09092514 0.05914997
0.08645971 0.05769165
0.08209632 0.05622200
0.07783604 0.05474191
0.07367992 0.05325224
0.06962899 0.05175387
0.06568424 0.05024766
0.06184666 0.04873446
0.05811718 0.04721511
0.05449674 0.04569043
0.05098621 0.04416122
0.04758647 0.04262825
0.04429836 0.04109227
0.04112269 0.03955397
0.03806023 0.03801404
0.03511176 0.03647312
0.03227798 0.03493178
0.02955962 0.03339057
0.02695732 0.03185001
0.02447174 0.03031053
0.02210349 0.02877254
0.01985316 0.02723640
0.01772129 0.02570239
0.01570842 0.02417076
0.01381504 0.02264170
0.01204162 0.02111536
0.01038859 0.01959181
0.00885637 0.01807111
0.00744534 0.01655325
0.00615583 0.01503815
0.00498817 0.01352573
0.00394265 0.01201584
0.00301952 0.01050831
0.00221902 0.00900291
0.00154133 0.00749940
0.00098664 0.00599752
0.00055506 0.00449696
0.00024672 0.00299740
0.00006168 0.00149853
0.00000000 0.00000000
0.00006168 -0.00130204
0.00024672 -0.00260339
0.00055506 -0.00390335
0.00098664 -0.00520122
0.00154133 -0.00649631
0.00221902 -0.00778789
0.00301952 -0.00907526
0.00394265 -0.01035769
0.00498817 -0.01163445
0.00615583 -0.01290479
0.00744534 -0.01416796
0.00885637 -0.01542320
0.01038859 -0.01666971
0.01204162 -0.01790673
0.01381504 -0.01913343
0.01570842 -0.02034902
0.01772129 -0.02155267
0.01985316 -0.02274354
0.02210349 -0.02392080
0.02447174 -0.02508360
0.02695732 -0.02623109
0.02955962 -0.02736241
0.03227798 -0.02847671
0.03511176 -0.02957314
0.03806023 -0.03065083
0.04112269 -0.03170895
0.04429836 -0.03274666
0.04758647 -0.03376313
0.05098621 -0.03475757
0.05449674 -0.03572917
0.05811718 -0.03667716
0.06184666 -0.03760081
0.06568424 -0.03849939
0.06962899 -0.03937221
0.07367992 -0.04021861
0.07783604 -0.04103798
0.08209632 -0.04182974
0.08645971 -0.04259334
0.09092514 -0.04332829
0.09549150 -0.04403413
0.10015767 -0.04471045
0.10492249 -0.04535691
0.10978480 -0.04597319
0.11474338 -0.04655904
0.11979702 -0.04711425
0.12494447 -0.04763867
0.13018445 -0.04813220
0.13551569 -0.04859479
0.14093685 -0.04902644
0.14644661 -0.04942720
0.15204360 -0.04979718
0.15772645 -0.05013651
0.16349374 -0.05044540
0.16934407 -0.05072407
0.17527598 -0.05097281
0.18128801 -0.05119193
0.18737867 -0.05138177
0.19354647 -0.05154272
0.19978989 -0.05167518
0.20610737 -0.05177958
0.21249737 -0.05185639
0.21895831 -0.05190606
0.22548859 -0.05192908
0.23208660 -0.05192596
0.23875072 -0.05189718
0.24547929 -0.05184324
0.25227067 -0.05176466
0.25912316 -0.05166191
0.26603509 -0.05153550
0.27300475 -0.05138588
0.28003042 -0.05121353
0.28711035 -0.05101887
0.29424282 -0.05080234
0.30142605 -0.05056433
0.30865828 -0.05030521
0.31593772 -0.05002533
0.32326258 -0.04972501
0.33063104 -0.04940455
0.33804129 -0.04906421
0.34549150 -0.04870421
0.35297984 -0.04832478
0.36050445 -0.04792609
0.36806348 -0.04750829
0.37565506 -0.04707150
0.38327732 -0.04661584
0.39092838 -0.04614139
0.39860635 -0.04564820
0.40630934 -0.04513633
0.41403545 -0.04460582
0.42178277 -0.04405670
0.42954938 -0.04348897
0.43733338 -0.04290267
0.44513284 -0.04229782
0.45294584 -0.04167445
0.46077045 -0.04103260
0.46860474 -0.04037232
0.47644677 -0.03969370
0.48429462 -0.03899684
0.49214634 -0.03828186
0.50000000 -0.03754893
0.50785366 -0.03679825
0.51570538 -0.03603007
0.52355323 -0.03524467
0.53139526 -0.03444239
0.53922955 -0.03362363
0.54705416 -0.03278882
0.55486716 -0.03193847
0.56266662 -0.03107315
0.57045062 -0.03019349
0.57821723 -0.02930016
0.58596455 -0.02839394
0.59369066 -0.02747564
0.60139365 -0.02654614
0.60907162 -0.02560641
0.61672268 -0.02465745
0.62434494 -0.02370035
0.63193652 -0.02273625
0.63949555 -0.02176636
0.64702016 -0.02079193
0.65450850 -0.01981427
0.66195871 -0.01883475
0.66936896 -0.01785478
0.67673742 -0.01687580
0.68406228 -0.01589930
0.69134172 -0.01492679
0.69857395 -0.01395983
0.70575718 -0.01299997
0.71288965 -0.01204880
0.71996958 -0.01110789
0.72699525 -0.01017883
0.73396491 -0.00926320
0.74087684 -0.00836257
0.74772933 -0.00747849
0.75452071 -0.00661247
0.76124928 -0.00576602
0.76791340 -0.00494058
0.77451141 -0.00413754
0.78104169 -0.00335828
0.78750263 -0.00260407
0.79389263 -0.00187614
0.80021011 -0.00117564
0.80645353 -0.00050367
0.81262133 0.00013880
0.81871199 0.00075085
0.82472402 0.00133165
0.83065593 0.00188049
0.83650626 0.00239675
0.84227355 0.00287991
0.84795640 0.00332954
0.85355339 0.00374535
0.85906315 0.00412713
0.86448431 0.00447479
0.86981555 0.00478836
0.87505553 0.00506798
0.88020298 0.00531389
0.88525662 0.00552644
0.89021520 0.00570611
0.89507751 0.00585345
0.89984233 0.00596917
0.90450850 0.00605402
0.90907486 0.00610890
0.91354029 0.00613477
0.91790368 0.00613271
0.92216396 0.00610385
0.92632008 0.00604944
0.93037101 0.00597079
0.93431576 0.00586927
0.93815334 0.00574633
0.94188282 0.00560347
0.94550326 0.00544225
0.94901379 0.00526428
0.95241353 0.00507118
0.95570164 0.00486463
0.95887731 0.00464634
0.96193977 0.00441800
0.96488824 0.00418135
0.96772202 0.00393812
0.97044038 0.00369002
0.97304268 0.00343878
0.97552826 0.00318608
0.97789651 0.00293359
0.98014684 0.00268295
0.98227871 0.00243575
0.98429158 0.00219355
0.98618496 0.00195785
0.98795838 0.00173009
0.98961141 0.00151165
0.99114363 0.00130383
0.99255466 0.00110787
0.99384417 0.00092492
0.99501183 0.00075606
0.99605735 0.00060226
0.99698048 0.00046442
0.99778098 0.00034332
0.99845867 0.00023967
0.99901336 0.00015404
0.99944494 0.00008694
0.99975328 0.00003873
0.99993832 0.00000970
1.00000000 -0.00000000
