sample_733
1.00000000 -0.00000000
0.99993832 0.00001629
0.99975328 0.00006517
0.99944494 0.00014659
0.99901336 0.00026054
0.99845867 0.00040695
0.99778098 0.00058576
0.99698048 0.00079687
0.99605735 0.00104021
0.99501183 0.00131564
0.99384417 0.00162305
0.99255466 0.00196230
0.99114363 0.00233322
0.98961141 0.00273566
0.98795838 0.00316943
0.98618496 0.00363434
0.98429158 0.00413018
0.98227871 0.00465672
0.98014684 0.00521375
0.97789651 0.00580102
0.97552826 0.00641826
0.97304268 0.00706521
0.97044038 0.00774159
0.96772202 0.00844711
0.96488824 0.00918146
0.96193977 0.00994432
0.95887731 0.01073535
0.95570164 0.01155423
0.95241353 0.01240057
0.94901379 0.01327402
0.94550326 0.01417417
0.94188282 0.01510062
0.93815334 0.01605296
0.93431576 0.01703074
0.93037101 0.01803349
0.92632008 0.01906075
0.92216396 0.02011201
0.91790368 0.02118675
0.91354029 0.02228443
0.90907486 0.02340447
0.90450850 0.02454628
0.89984233 0.02570926
0.89507751 0.02689274
0.89021520 0.02809605
0.88525662 0.02931849
0.88020298 0.03055933
0.87505553 0.03181780
0.86981555 0.03309311
0.86448431 0.03438441
0.85906315 0.03569086
0.85355339 0.03701156
0.84795640 0.03834557
0.84227355 0.03969194
0.83650626 0.04104966
0.83065593 0.04241771
0.82472402 0.04379502
0.81871199 0.04518050
0.81262133 0.04657301
0.80645353 0.04797140
0.80021011 0.04937448
0.79389263 0.05078102
0.78750263 0.05218979
0.78104169 0.05359951
0.77451141 0.05500888
0.76791340 0.05641659
0.76124928 0.05782131
0.75452071 0.05922167
0.74772933 0.06061632
0.74087684 0.06200387
0.73396491 0.06338292
0.72699525 0.06475210
0.71996958 0.06610999
0.71288965 0.06745520
0.70575718 0.06878632
0.69857395 0.07010198
0.69134172 0.07140079
0.68406228 0.07268137
0.67673742 0.07394238
0.66936896 0.07518248
0.66195871 0.07640035
0.65450850 0.07759472
0.64702016 0.07876431
0.63949555 0.07990789
0.63193652 0.08102428
0.62434494 0.08211230
0.61672268 0.08317084
0.60907162 0.08419881
0.60139365 0.08519518
0.59369066 0.08615894
0.58596455 0.08708916
0.57821723 0.08798492
0.57045062 0.08884539
0.56266662 0.08966975
0.55486716 0.09045725
0.54705416 0.09120721
0.53922955 0.09191896
0.53139526 0.09259193
0.52355323 0.09322556
0.51570538 0.09381937
0.50785366 0.09437292
0.50000000 0.09488582
0.49214634 0.09535775
0.48429462 0.09578841
0.47644677 0.09617757
0.46860474 0.09652504
0.46077045 0.09683068
0.45294584 0.09709439
0.44513284 0.09731610
0.43733338 0.09749582
0.42954938 0.09763357
0.42178277 0.09772941
0.41403545 0.09778344
0.40630934 0.09779581
0.39860635 0.09776667
0.39092838 0.09769624
0.38327732 0.09758475
0.37565506 0.09743244
0.36806348 0.09723963
0.36050445 0.09700660
0.35297984 0.09673370
0.34549150 0.09642130
0.33804129 0.09606976
0.33063104 0.09567950
0.32326258 0.09525093
0.31593772 0.09478449
0.30865828 0.09428064
0.30142605 0.09373986
0.29424282 0.09316264
0.28711035 0.09254948
0.28003042 0.09190092
0.27300475 0.09121748
0.26603509 0.09049975
0.25912316 0.08974827
0.25227067 0.08896365
0.24547929 0.08814649
0.23875072 0.08729741
0.23208660 0.08641704
0.22548859 0.08550606
0.21895831 0.08456511
0.21249737 0.08359491
0.20610737 0.08259614
0.19978989 0.08156953
0.19354647 0.08051582
0.18737867 0.07943577
0.18128801 0.07833015
0.17527598 0.07719975
0.16934407 0.07604537
0.16349374 0.07486784
0.15772645 0.07366799
0.15204360 0.07244668
0.14644661 0.07120477
0.14093685 0.06994313
0.13551569 0.06866265
0.13018445 0.06736423
0.12494447 0.06604878
0.11979702 0.06471721
0.11474338 0.06337043
0.10978480 0.06200937
0.10492249 0.06063494
0.10015767 0.05924807
0.09549150 0.05784966
0.09092514 0.05644064
0.08645971 0.05502189
0.08209632 0.05359431
0.07783604 0.05215878
0.07367992 0.05071615
0.06962899 0.04926726
0.06568424 0.04781293
0.06184666 0.04635396
0.05811718 0.04489110
0.05449674 0.04342510
0.05098621 0.04195666
0.04758647 0.04048645
0.04429836 0.03901510
0.04112269 0.03754322
0.03806023 0.03607136
0.03511176 0.03460002
0.03227798 0.03312969
0.02955962 0.03166078
0.02695732 0.03019368
0.02447174 0.02872873
0.02210349 0.02726619
0.01985316 0.02580633
0.01772129 0.02434933
0.01570842 0.02289534
0.01381504 0.02144445
0.01204162 0.01999673
0.01038859 0.01855218
0.00885637 0.01711079
0.00744534 0.01567246
0.00615583 0.01423710
0.00498817 0.01280456
0.00394265 0.01137466
0.00301952 0.00994719
0.00221902 0.00852191
0.00154133 0.00709855
0.00098664 0.00567682
0.00055506 0.00425643
0.00024672 0.00283705
0.00006168 0.00141835
0.00000000 0.00000000
0.00006168 -0.00068252
0.00024672 -0.00136423
0.00055506 -0.00204430
0.00098664 -0.00272193
0.00154133 -0.00339631
0.00221902 -0.00406666
0.00301952 -0.00473220
0.00394265 -0.00539218
0.00498817 -0.00604587
0.00615583 -0.00669256
0.00744534 -0.00733156
0.00885637 -0.00796221
0.01038859 -0.00858390
0.01204162 -0.00919603
0.01381504 -0.00979805
0.01570842 -0.01038946
0.01772129 -0.01096976
0.01985316 -0.01153853
0.02210349 -0.01209538
0.02447174 -0.01263996
0.02695732 -0.01317198
0.02955962 -0.01369119
0.03227798 -0.01419738
0.03511176 -0.01469040
0.03806023 -0.01517014
0.04112269 -0.01563655
0.04429836 -0.01608963
0.04758647 -0.01652940
0.05098621 -0.01695598
0.05449674 -0.01736949
0.05811718 -0.01777013
0.06184666 -0.01815812
0.06568424 -0.01853374
0.06962899 -0.01889731
0.07367992 -0.01924918
0.07783604 -0.01958976
0.08209632 -0.01991947
0.08645971 -0.02023878
0.09092514 -0.02054819
0.09549150 -0.02084822
0.10015767 -0.02113941
0.10492249 -0.02142233
0.10978480 -0.02169758
0.11474338 -0.02196573
0.11979702 -0.02222741
0.12494447 -0.02248321
0.13018445 -0.02273376
0.13551569 -0.02297967
0.14093685 -0.02322152
0.14644661 -0.02345993
0.15204360 -0.02369545
0.15772645 -0.02392866
0.16349374 -0.02416007
0.16934407 -0.02439019
0.17527598 -0.02461948
0.18128801 -0.02484840
0.18737867 -0.02507732
0.19354647 -0.02530660
0.19978989 -0.02553654
0.20610737 -0.02576740
0.21249737 -0.02599937
0.21895831 -0.02623260
0.22548859 -0.02646718
0.23208660 -0.02670312
0.23875072 -0.02694040
0.24547929 -0.02717892
0.25227067 -0.02741850
0.25912316 -0.02765892
0.26603509 -0.02789989
0.27300475 -0.02814103
0.28003042 -0.02838193
0.28711035 -0.02862210
0.29424282 -0.02886097
0.30142605 -0.02909793
0.30865828 -0.02933231
0.31593772 -0.02956338
0.32326258 -0.02979034
0.33063104 -0.03001237
0.33804129 -0.03022858
0.34549150 -0.03043805
0.35297984 -0.03063980
0.36050445 -0.03083283
0.36806348 -0.03101613
0.37565506 -0.03118863
0.38327732 -0.03134926
0.39092838 -0.03149695
0.39860635 -0.03163058
0.40630934 -0.03174909
0.41403545 -0.03185137
0.42178277 -0.03193635
0.42954938 -0.03200296
0.43733338 -0.03205019
0.44513284 -0.03207701
0.45294584 -0.03208246
0.46077045 -0.03206562
0.46860474 -0.03202560
0.47644677 -0.03196158
0.48429462 -0.03187280
0.49214634 -0.03175855
0.50000000 -0.03161822
0.50785366 -0.03145124
0.51570538 -0.03125714
0.52355323 -0.03103554
0.53139526 -0.03078613
0.53922955 -0.03050869
0.54705416 -0.03020312
0.55486716 -0.02986940
0.56266662 -0.02950759
0.57045062 -0.02911787
0.57821723 -0.02870053
0.58596455 -0.02825595
0.59369066 -0.02778460
0.60139365 -0.02728706
0.60907162 -0.02676402
0.61672268 -0.02621626
0.62434494 -0.02564464
0.63193652 -0.02505014
0.63949555 -0.02443382
0.64702016 -0.02379682
0.65450850 -0.02314037
0.66195871 -0.02246577
0.66936896 -0.02177441
0.67673742 -0.02106772
0.68406228 -0.02034723
0.69134172 -0.01961449
0.69857395 -0.01887111
0.70575718 -0.01811877
0.71288965 -0.01735915
0.71996958 -0.01659398
0.72699525 -0.01582500
0.73396491 -0.01505398
0.74087684 -0.01428269
0.74772933 -0.01351290
0.75452071 -0.01274638
0.76124928 -0.01198487
0.76791340 -0.01123009
0.77451141 -0.01048375
0.78104169 -0.00974751
0.78750263 -0.00902299
0.79389263 -0.00831175
0.80021011 -0.00761530
0.80645353 -0.00693510
0.81262133 -0.00627252
0.81871199 -0.00562887
0.82472402 -0.00500539
0.83065593 -0.00440319
0.83650626 -0.00382336
0.84227355 -0.00326683
0.84795640 -0.00273449
0.85355339 -0.00222708
0.85906315 -0.00174529
0.86448431 -0.00128967
0.86981555 -0.00086066
0.87505553 -0.00045863
0.88020298 -0.00008382
0.88525662 0.00026366
0.89021520 0.00058375
0.89507751 0.00087656
0.89984233 0.00114225
0.90450850 0.00138111
0.90907486 0.00159354
0.91354029 0.00178001
0.91790368 0.00194110
0.92216396 0.00207747
0.92632008 0.00218989
0.93037101 0.00227919
0.93431576 0.00234628
0.93815334 0.00239216
0.94188282 0.00241786
0.94550326 0.00242450
0.94901379 0.00241326
0.95241353 0.00238535
0.95570164 0.00234203
0.95887731 0.00228459
0.96193977 0.00221436
0.96488824 0.00213270
0.96772202 0.00204095
0.97044038 0.00194051
0.97304268 0.00183273
0.97552826 0.00171899
0.97789651 0.00160066
0.98014684 0.00147907
0.98227871 0.00135554
0.98429158 0.00123136
0.98618496 0.00110778
0.98795838 0.00098600
0.98961141 0.00086718
0.99114363 0.00075243
0.99255466 0.00064279
0.99384417 0.00053924
0.99501183 0.00044269
0.99605735 0.00035398
0.99698048 0.00027386
0.99778098 0.00020303
0.99845867 0.00014207
0.99901336 0.00009149
0.99944494 0.00005171
0.99975328 0.00002306
0.99993832 0.00000578
1.00000000 -0.00000000
