sample_638
1.00000000 -0.00000000
0.99993832 0.00001385
0.99975328 0.00005540
0.99944494 0.00012464
0.99901336 0.00022154
0.99845867 0.00034608
0.99778098 0.00049822
0.99698048 0.00067792
0.99605735 0.00088512
0.99501183 0.00111976
0.99384417 0.00138177
0.99255466 0.00167106
0.99114363 0.00198755
0.98961141 0.00233113
0.98795838 0.00270168
0.98618496 0.00309909
0.98429158 0.00352322
0.98227871 0.00397391
0.98014684 0.00445102
0.97789651 0.00495435
0.97552826 0.00548374
0.97304268 0.00603897
0.97044038 0.00661985
0.96772202 0.00722613
0.96488824 0.00785758
0.96193977 0.00851395
0.95887731 0.00919497
0.95570164 0.00990035
0.95241353 0.01062980
0.94901379 0.01138302
0.94550326 0.01215968
0.94188282 0.01295944
0.93815334 0.01378196
0.93431576 0.01462688
0.93037101 0.01549383
0.92632008 0.01638242
0.92216396 0.01729226
0.91790368 0.01822295
0.91354029 0.01917407
0.90907486 0.02014521
0.90450850 0.02113592
0.89984233 0.02214578
0.89507751 0.02317434
0.89021520 0.02422115
0.88525662 0.02528576
0.88020298 0.02636770
0.87505553 0.02746650
0.86981555 0.02858170
0.86448431 0.02971282
0.85906315 0.03085940
0.85355339 0.03202094
0.84795640 0.03319696
0.84227355 0.03438699
0.83650626 0.03559052
0.83065593 0.03680708
0.82472402 0.03803617
0.81871199 0.03927728
0.81262133 0.04052992
0.80645353 0.04179358
0.80021011 0.04306775
0.79389263 0.04435191
0.78750263 0.04564552
0.78104169 0.04694806
0.77451141 0.04825898
0.76791340 0.04957773
0.76124928 0.05090372
0.75452071 0.05223638
0.74772933 0.05357511
0.74087684 0.05491929
0.73396491 0.05626827
0.72699525 0.05762141
0.71996958 0.05897801
0.71288965 0.06033736
0.70575718 0.06169873
0.69857395 0.06306136
0.69134172 0.06442445
0.68406228 0.06578717
0.67673742 0.06714866
0.66936896 0.06850801
0.66195871 0.06986430
0.65450850 0.07121655
0.64702016 0.07256374
0.63949555 0.07390482
0.63193652 0.07523871
0.62434494 0.07656425
0.61672268 0.07788027
0.60907162 0.07918555
0.60139365 0.08047883
0.59369066 0.08175880
0.58596455 0.08302412
0.57821723 0.08427341
0.57045062 0.08550524
0.56266662 0.08671815
0.55486716 0.08791066
0.54705416 0.08908124
0.53922955 0.09022833
0.53139526 0.09135036
0.52355323 0.09244572
0.51570538 0.09351279
0.50785366 0.09454993
0.50000000 0.09555549
0.49214634 0.09652781
0.48429462 0.09746524
0.47644677 0.09836612
0.46860474 0.09922879
0.46077045 0.10005161
0.45294584 0.10083298
0.44513284 0.10157128
0.43733338 0.10226495
0.42954938 0.10291246
0.42178277 0.10351231
0.41403545 0.10406306
0.40630934 0.10456330
0.39860635 0.10501171
0.39092838 0.10540700
0.38327732 0.10574798
0.37565506 0.10603350
0.36806348 0.10626252
0.36050445 0.10643407
0.35297984 0.10654727
0.34549150 0.10660134
0.33804129 0.10659558
0.33063104 0.10652941
0.32326258 0.10640236
0.31593772 0.10621405
0.30865828 0.10596423
0.30142605 0.10565275
0.29424282 0.10527958
0.28711035 0.10484481
0.28003042 0.10434865
0.27300475 0.10379143
0.26603509 0.10317359
0.25912316 0.10249570
0.25227067 0.10175845
0.24547929 0.10096264
0.23875072 0.10010919
0.23208660 0.09919913
0.22548859 0.09823360
0.21895831 0.09721385
0.21249737 0.09614124
0.20610737 0.09501721
0.19978989 0.09384332
0.19354647 0.09262120
0.18737867 0.09135257
0.18128801 0.09003924
0.17527598 0.08868307
0.16934407 0.08728602
0.16349374 0.08585008
0.15772645 0.08437730
0.15204360 0.08286979
0.14644661 0.08132968
0.14093685 0.07975914
0.13551569 0.07816036
0.13018445 0.07653555
0.12494447 0.07488693
0.11979702 0.07321671
0.11474338 0.07152710
0.10978480 0.06982030
0.10492249 0.06809846
0.10015767 0.06636374
0.09549150 0.06461824
0.09092514 0.06286400
0.08645971 0.06110303
0.08209632 0.05933728
0.07783604 0.05756863
0.07367992 0.05579888
0.06962899 0.05402977
0.06568424 0.05226294
0.06184666 0.05049995
0.05811718 0.04874227
0.05449674 0.04699128
0.05098621 0.04524824
0.04758647 0.04351431
0.04429836 0.04179056
0.04112269 0.04007794
0.03806023 0.03837729
0.03511176 0.03668934
0.03227798 0.03501469
0.02955962 0.03335385
0.02695732 0.03170720
0.02447174 0.03007502
0.02210349 0.02845747
0.01985316 0.02685461
0.01772129 0.02526636
0.01570842 0.02369258
0.01381504 0.02213299
0.01204162 0.02058723
0.01038859 0.01905485
0.00885637 0.01753529
0.00744534 0.01602791
0.00615583 0.01453201
0.00498817 0.01304678
0.00394265 0.01157137
0.00301952 0.01010485
0.00221902 0.00864623
0.00154133 0.00719449
0.00098664 0.00574854
0.00055506 0.00430727
0.00024672 0.00286954
0.00006168 0.00143417
0.00000000 0.00000000
0.00006168 -0.00059010
0.00024672 -0.00118055
0.00055506 -0.00177170
0.00098664 -0.00236389
0.00154133 -0.00295742
0.00221902 -0.00355261
0.00301952 -0.00414974
0.00394265 -0.00474904
0.00498817 -0.00535074
0.00615583 -0.00595502
0.00744534 -0.00656202
0.00885637 -0.00717184
0.01038859 -0.00778452
0.01204162 -0.00840007
0.01381504 -0.00901846
0.01570842 -0.00963957
0.01772129 -0.01026328
0.01985316 -0.01088937
0.02210349 -0.01151760
0.02447174 -0.01214767
0.02695732 -0.01277922
0.02955962 -0.01341186
0.03227798 -0.01404513
0.03511176 -0.01467856
0.03806023 -0.01531160
0.04112269 -0.01594368
0.04429836 -0.01657420
0.04758647 -0.01720253
0.05098621 -0.01782800
0.05449674 -0.01844993
0.05811718 -0.01906761
0.06184666 -0.01968033
0.06568424 -0.02028736
0.06962899 -0.02088798
0.07367992 -0.02148145
0.07783604 -0.02206706
0.08209632 -0.02264409
0.08645971 -0.02321184
0.09092514 -0.02376965
0.09549150 -0.02431685
0.10015767 -0.02485283
0.10492249 -0.02537699
0.10978480 -0.02588876
0.11474338 -0.02638764
0.11979702 -0.02687312
0.12494447 -0.02734478
0.13018445 -0.02780222
0.13551569 -0.02824510
0.14093685 -0.02867309
0.14644661 -0.02908595
0.15204360 -0.02948347
0.15772645 -0.02986548
0.16349374 -0.03023187
0.16934407 -0.03058255
0.17527598 -0.03091749
0.18128801 -0.03123669
0.18737867 -0.03154021
0.19354647 -0.03182812
0.19978989 -0.03210053
0.20610737 -0.03235757
0.21249737 -0.03259941
0.21895831 -0.03282622
0.22548859 -0.03303821
0.23208660 -0.03323558
0.23875072 -0.03341855
0.24547929 -0.03358733
0.25227067 -0.03374216
0.25912316 -0.03388324
0.26603509 -0.03401077
0.27300475 -0.03412495
0.28003042 -0.03422596
0.28711035 -0.03431395
0.29424282 -0.03438905
0.30142605 -0.03445136
0.30865828 -0.03450097
0.31593772 -0.03453791
0.32326258 -0.03456221
0.33063104 -0.03457383
0.33804129 -0.03457273
0.34549150 -0.03455881
0.35297984 -0.03453194
0.36050445 -0.03449196
0.36806348 -0.03443868
0.37565506 -0.03437186
0.38327732 -0.03429124
0.39092838 -0.03419654
0.39860635 -0.03408744
0.40630934 -0.03396360
0.41403545 -0.03382467
0.42178277 -0.03367028
0.42954938 -0.03350004
0.43733338 -0.03331357
0.44513284 -0.03311046
0.45294584 -0.03289035
0.46077045 -0.03265283
0.46860474 -0.03239756
0.47644677 -0.03212417
0.48429462 -0.03183235
0.49214634 -0.03152180
0.50000000 -0.03119226
0.50785366 -0.03084350
0.51570538 -0.03047535
0.52355323 -0.03008767
0.53139526 -0.02968040
0.53922955 -0.02925351
0.54705416 -0.02880705
0.55486716 -0.02834112
0.56266662 -0.02785590
0.57045062 -0.02735162
0.57821723 -0.02682862
0.58596455 -0.02628729
0.59369066 -0.02572807
0.60139365 -0.02515153
0.60907162 -0.02455827
0.61672268 -0.02394900
0.62434494 -0.02332447
0.63193652 -0.02268553
0.63949555 -0.02203310
0.64702016 -0.02136814
0.65450850 -0.02069171
0.66195871 -0.02000491
0.66936896 -0.01930891
0.67673742 -0.01860492
0.68406228 -0.01789422
0.69134172 -0.01717811
0.69857395 -0.01645795
0.70575718 -0.01573510
0.71288965 -0.01501098
0.71996958 -0.01428702
0.72699525 -0.01356465
0.73396491 -0.01284532
0.74087684 -0.01213047
0.74772933 -0.01142155
0.75452071 -0.01071998
0.76124928 -0.01002716
0.76791340 -0.00934448
0.77451141 -0.00867327
0.78104169 -0.00801485
0.78750263 -0.00737047
0.79389263 -0.00674135
0.80021011 -0.00612864
0.80645353 -0.00553343
0.81262133 -0.00495674
0.81871199 -0.00439953
0.82472402 -0.00386267
0.83065593 -0.00334697
0.83650626 -0.00285314
0.84227355 -0.00238180
0.84795640 -0.00193352
0.85355339 -0.00150875
0.85906315 -0.00110784
0.86448431 -0.00073108
0.86981555 -0.00037866
0.87505553 -0.00005066
0.88020298 0.00025291
0.88525662 0.00053214
0.89021520 0.00078719
0.89507751 0.00101834
0.89984233 0.00122592
0.90450850 0.00141037
0.90907486 0.00157217
0.91354029 0.00171192
0.91790368 0.00183025
0.92216396 0.00192788
0.92632008 0.00200560
0.93037101 0.00206423
0.93431576 0.00210466
0.93815334 0.00212784
0.94188282 0.00213474
0.94550326 0.00212638
0.94901379 0.00210382
0.95241353 0.00206814
0.95570164 0.00202043
0.95887731 0.00196182
0.96193977 0.00189345
0.96488824 0.00181645
0.96772202 0.00173196
0.97044038 0.00164112
0.97304268 0.00154506
0.97552826 0.00144490
0.97789651 0.00134172
0.98014684 0.00123662
0.98227871 0.00113063
0.98429158 0.00102476
0.98618496 0.00092001
0.98795838 0.00081730
0.98961141 0.00071755
0.99114363 0.00062159
0.99255466 0.00053023
0.99384417 0.00044421
0.99501183 0.00036423
0.99605735 0.00029093
0.99698048 0.00022487
0.99778098 0.00016657
0.99845867 0.00011648
0.99901336 0.00007497
0.99944494 0.00004235
0.99975328 0.00001888
0.99993832 0.00000473
1.00000000 -0.00000000
