sample_1045
1.00000000 -0.00000000
0.99993832 0.00001581
0.99975328 0.00006325
0.99944494 0.00014235
0.99901336 0.00025317
0.99845867 0.00039576
0.99778098 0.00057022
0.99698048 0.00077666
0.99605735 0.00101518
0.99501183 0.00128593
0.99384417 0.00158905
0.99255466 0.00192468
0.99114363 0.00229297
0.98961141 0.00269410
0.98795838 0.00312822
0.98618496 0.00359547
0.98429158 0.00409601
0.98227871 0.00462998
0.98014684 0.00519748
0.97789651 0.00579863
0.97552826 0.00643351
0.97304268 0.00710217
0.97044038 0.00780464
0.96772202 0.00854091
0.96488824 0.00931094
0.96193977 0.01011464
0.95887731 0.01095190
0.95570164 0.01182254
0.95241353 0.01272633
0.94901379 0.01366301
0.94550326 0.01463225
0.94188282 0.01563367
0.93815334 0.01666681
0.93431576 0.01773119
0.93037101 0.01882623
0.92632008 0.01995130
0.92216396 0.02110572
0.91790368 0.02228873
0.91354029 0.02349951
0.90907486 0.02473717
0.90450850 0.02600077
0.89984233 0.02728929
0.89507751 0.02860166
0.89021520 0.02993675
0.88525662 0.03129337
0.88020298 0.03267026
0.87505553 0.03406614
0.86981555 0.03547964
0.86448431 0.03690937
0.85906315 0.03835387
0.85355339 0.03981167
0.84795640 0.04128124
0.84227355 0.04276102
0.83650626 0.04424942
0.83065593 0.04574484
0.82472402 0.04724563
0.81871199 0.04875015
0.81262133 0.05025673
0.80645353 0.05176370
0.80021011 0.05326939
0.79389263 0.05477213
0.78750263 0.05627025
0.78104169 0.05776211
0.77451141 0.05924605
0.76791340 0.06072047
0.76124928 0.06218377
0.75452071 0.06363438
0.74772933 0.06507077
0.74087684 0.06649144
0.73396491 0.06789495
0.72699525 0.06927986
0.71996958 0.07064483
0.71288965 0.07198854
0.70575718 0.07330972
0.69857395 0.07460717
0.69134172 0.07587973
0.68406228 0.07712633
0.67673742 0.07834594
0.66936896 0.07953758
0.66195871 0.08070037
0.65450850 0.08183347
0.64702016 0.08293612
0.63949555 0.08400762
0.63193652 0.08504733
0.62434494 0.08605469
0.61672268 0.08702921
0.60907162 0.08797044
0.60139365 0.08887803
0.59369066 0.08975168
0.58596455 0.09059113
0.57821723 0.09139622
0.57045062 0.09216682
0.56266662 0.09290288
0.55486716 0.09360438
0.54705416 0.09427137
0.53922955 0.09490395
0.53139526 0.09550226
0.52355323 0.09606650
0.51570538 0.09659689
0.50785366 0.09709370
0.50000000 0.09755725
0.49214634 0.09798787
0.48429462 0.09838593
0.47644677 0.09875182
0.46860474 0.09908597
0.46077045 0.09938881
0.45294584 0.09966080
0.44513284 0.09990240
0.43733338 0.10011408
0.42954938 0.10029634
0.42178277 0.10044965
0.41403545 0.10057449
0.40630934 0.10067135
0.39860635 0.10074070
0.39092838 0.10078300
0.38327732 0.10079869
0.37565506 0.10078822
0.36806348 0.10075200
0.36050445 0.10069042
0.35297984 0.10060384
0.34549150 0.10049262
0.33804129 0.10035707
0.33063104 0.10019746
0.32326258 0.10001406
0.31593772 0.09980708
0.30865828 0.09957671
0.30142605 0.09932308
0.29424282 0.09904630
0.28711035 0.09874645
0.28003042 0.09842355
0.27300475 0.09807758
0.26603509 0.09770851
0.25912316 0.09731622
0.25227067 0.09690060
0.24547929 0.09646147
0.23875072 0.09599860
0.23208660 0.09551176
0.22548859 0.09500064
0.21895831 0.09446493
0.21249737 0.09390425
0.20610737 0.09331822
0.19978989 0.09270641
0.19354647 0.09206836
0.18737867 0.09140358
0.18128801 0.09071158
0.17527598 0.08999181
0.16934407 0.08924372
0.16349374 0.08846676
0.15772645 0.08766035
0.15204360 0.08682389
0.14644661 0.08595679
0.14093685 0.08505845
0.13551569 0.08412829
0.13018445 0.08316571
0.12494447 0.08217014
0.11979702 0.08114100
0.11474338 0.08007774
0.10978480 0.07897985
0.10492249 0.07784681
0.10015767 0.07667815
0.09549150 0.07547344
0.09092514 0.07423228
0.08645971 0.07295429
0.08209632 0.07163917
0.07783604 0.07028666
0.07367992 0.06889654
0.06962899 0.06746865
0.06568424 0.06600290
0.06184666 0.06449925
0.05811718 0.06295773
0.05449674 0.06137845
0.05098621 0.05976158
0.04758647 0.05810735
0.04429836 0.05641608
0.04112269 0.05468817
0.03806023 0.05292410
0.03511176 0.05112440
0.03227798 0.04928972
0.02955962 0.04742075
0.02695732 0.04551829
0.02447174 0.04358321
0.02210349 0.04161645
0.01985316 0.03961905
0.01772129 0.03759209
0.01570842 0.03553676
0.01381504 0.03345431
0.01204162 0.03134606
0.01038859 0.02921339
0.00885637 0.02705776
0.00744534 0.02488068
0.00615583 0.02268373
0.00498817 0.02046852
0.00394265 0.01823674
0.00301952 0.01599011
0.00221902 0.01373039
0.00154133 0.01145939
0.00098664 0.00917893
0.00055506 0.00689087
0.00024672 0.00459710
0.00006168 0.00229951
0.00000000 0.00000000
0.00006168 -0.00087007
0.00024672 -0.00173977
0.00055506 -0.00260872
0.00098664 -0.00347655
0.00154133 -0.00434287
0.00221902 -0.00520732
0.00301952 -0.00606952
0.00394265 -0.00692910
0.00498817 -0.00778566
0.00615583 -0.00863884
0.00744534 -0.00948825
0.00885637 -0.01033351
0.01038859 -0.01117424
0.01204162 -0.01201005
0.01381504 -0.01284055
0.01570842 -0.01366534
0.01772129 -0.01448405
0.01985316 -0.01529626
0.02210349 -0.01610158
0.02447174 -0.01689960
0.02695732 -0.01768991
0.02955962 -0.01847211
0.03227798 -0.01924578
0.03511176 -0.02001048
0.03806023 -0.02076581
0.04112269 -0.02151131
0.04429836 -0.02224657
0.04758647 -0.02297113
0.05098621 -0.02368454
0.05449674 -0.02438635
0.05811718 -0.02507610
0.06184666 -0.02575332
0.06568424 -0.02641754
0.06962899 -0.02706828
0.07367992 -0.02770505
0.07783604 -0.02832737
0.08209632 -0.02893474
0.08645971 -0.02952667
0.09092514 -0.03010264
0.09549150 -0.03066215
0.10015767 -0.03120470
0.10492249 -0.03172976
0.10978480 -0.03223682
0.11474338 -0.03272538
0.11979702 -0.03319490
0.12494447 -0.03364489
0.13018445 -0.03407483
0.13551569 -0.03448420
0.14093685 -0.03487252
0.14644661 -0.03523927
0.15204360 -0.03558398
0.15772645 -0.03590615
0.16349374 -0.03620533
0.16934407 -0.03648106
0.17527598 -0.03673288
0.18128801 -0.03696037
0.18737867 -0.03716312
0.19354647 -0.03734073
0.19978989 -0.03749284
0.20610737 -0.03761908
0.21249737 -0.03771913
0.21895831 -0.03779270
0.22548859 -0.03783949
0.23208660 -0.03785926
0.23875072 -0.03785180
0.24547929 -0.03781691
0.25227067 -0.03775445
0.25912316 -0.03766429
0.26603509 -0.03754634
0.27300475 -0.03740056
0.28003042 -0.03722694
0.28711035 -0.03702549
0.29424282 -0.03679630
0.30142605 -0.03653947
0.30865828 -0.03625513
0.31593772 -0.03594349
0.32326258 -0.03560477
0.33063104 -0.03523925
0.33804129 -0.03484723
0.34549150 -0.03442909
0.35297984 -0.03398520
0.36050445 -0.03351603
0.36806348 -0.03302204
0.37565506 -0.03250377
0.38327732 -0.03196178
0.39092838 -0.03139667
0.39860635 -0.03080909
0.40630934 -0.03019972
0.41403545 -0.02956928
0.42178277 -0.02891853
0.42954938 -0.02824826
0.43733338 -0.02755929
0.44513284 -0.02685249
0.45294584 -0.02612873
0.46077045 -0.02538895
0.46860474 -0.02463409
0.47644677 -0.02386512
0.48429462 -0.02308303
0.49214634 -0.02228886
0.50000000 -0.02148364
0.50785366 -0.02066844
0.51570538 -0.01984434
0.52355323 -0.01901243
0.53139526 -0.01817382
0.53922955 -0.01732964
0.54705416 -0.01648102
0.55486716 -0.01562910
0.56266662 -0.01477503
0.57045062 -0.01391996
0.57821723 -0.01306506
0.58596455 -0.01221147
0.59369066 -0.01136035
0.60139365 -0.01051286
0.60907162 -0.00967015
0.61672268 -0.00883335
0.62434494 -0.00800360
0.63193652 -0.00718202
0.63949555 -0.00636973
0.64702016 -0.00556781
0.65450850 -0.00477736
0.66195871 -0.00399942
0.66936896 -0.00323505
0.67673742 -0.00248525
0.68406228 -0.00175104
0.69134172 -0.00103337
0.69857395 -0.00033320
0.70575718 0.00034857
0.71288965 0.00101106
0.71996958 0.00165341
0.72699525 0.00227482
0.73396491 0.00287451
0.74087684 0.00345174
0.74772933 0.00400581
0.75452071 0.00453609
0.76124928 0.00504195
0.76791340 0.00552284
0.77451141 0.00597825
0.78104169 0.00640771
0.78750263 0.00681082
0.79389263 0.00718721
0.80021011 0.00753660
0.80645353 0.00785872
0.81262133 0.00815340
0.81871199 0.00842051
0.82472402 0.00865998
0.83065593 0.00887180
0.83650626 0.00905603
0.84227355 0.00921280
0.84795640 0.00934228
0.85355339 0.00944473
0.85906315 0.00952045
0.86448431 0.00956982
0.86981555 0.00959330
0.87505553 0.00959138
0.88020298 0.00956463
0.88525662 0.00951369
0.89021520 0.00943926
0.89507751 0.00934210
0.89984233 0.00922301
0.90450850 0.00908289
0.90907486 0.00892265
0.91354029 0.00874329
0.91790368 0.00854585
0.92216396 0.00833141
0.92632008 0.00810111
0.93037101 0.00785613
0.93431576 0.00759768
0.93815334 0.00732701
0.94188282 0.00704543
0.94550326 0.00675423
0.94901379 0.00645477
0.95241353 0.00614840
0.95570164 0.00583651
0.95887731 0.00552049
0.96193977 0.00520172
0.96488824 0.00488162
0.96772202 0.00456157
0.97044038 0.00424298
0.97304268 0.00392721
0.97552826 0.00361562
0.97789651 0.00330955
0.98014684 0.00301031
0.98227871 0.00271918
0.98429158 0.00243739
0.98618496 0.00216615
0.98795838 0.00190661
0.98961141 0.00165985
0.99114363 0.00142694
0.99255466 0.00120885
0.99384417 0.00100651
0.99501183 0.00082077
0.99605735 0.00065242
0.99698048 0.00050216
0.99778098 0.00037063
0.99845867 0.00025838
0.99901336 0.00016589
0.99944494 0.00009354
0.99975328 0.00004165
0.99993832 0.00001042
1.00000000 -0.00000000
