sample_614
1.00000000 -0.00000000
0.99993832 0.00001120
0.99975328 0.00004480
0.99944494 0.00010081
0.99901336 0.00017923
0.99845867 0.00028008
0.99778098 0.00040337
0.99698048 0.00054912
0.99605735 0.00071735
0.99501183 0.00090809
0.99384417 0.00112136
0.99255466 0.00135719
0.99114363 0.00161562
0.98961141 0.00189667
0.98795838 0.00220039
0.98618496 0.00252681
0.98429158 0.00287596
0.98227871 0.00324789
0.98014684 0.00364264
0.97789651 0.00406023
0.97552826 0.00450071
0.97304268 0.00496412
0.97044038 0.00545048
0.96772202 0.00595983
0.96488824 0.00649220
0.96193977 0.00704762
0.95887731 0.00762609
0.95570164 0.00822765
0.95241353 0.00885230
0.94901379 0.00950003
0.94550326 0.01017085
0.94188282 0.01086475
0.93815334 0.01158170
0.93431576 0.01232166
0.93037101 0.01308460
0.92632008 0.01387046
0.92216396 0.01467917
0.91790368 0.01551064
0.91354029 0.01636478
0.90907486 0.01724147
0.90450850 0.01814057
0.89984233 0.01906193
0.89507751 0.02000537
0.89021520 0.02097071
0.88525662 0.02195772
0.88020298 0.02296616
0.87505553 0.02399576
0.86981555 0.02504622
0.86448431 0.02611722
0.85906315 0.02720841
0.85355339 0.02831940
0.84795640 0.02944977
0.84227355 0.03059909
0.83650626 0.03176685
0.83065593 0.03295255
0.82472402 0.03415562
0.81871199 0.03537548
0.81262133 0.03661149
0.80645353 0.03786298
0.80021011 0.03912923
0.79389263 0.04040950
0.78750263 0.04170299
0.78104169 0.04300887
0.77451141 0.04432625
0.76791340 0.04565422
0.76124928 0.04699181
0.75452071 0.04833803
0.74772933 0.04969182
0.74087684 0.05105210
0.73396491 0.05241774
0.72699525 0.05378757
0.71996958 0.05516038
0.71288965 0.05653494
0.70575718 0.05790996
0.69857395 0.05928412
0.69134172 0.06065609
0.68406228 0.06202447
0.67673742 0.06338786
0.66936896 0.06474483
0.66195871 0.06609393
0.65450850 0.06743366
0.64702016 0.06876254
0.63949555 0.07007906
0.63193652 0.07138168
0.62434494 0.07266888
0.61672268 0.07393912
0.60907162 0.07519086
0.60139365 0.07642256
0.59369066 0.07763270
0.58596455 0.07881975
0.57821723 0.07998220
0.57045062 0.08111856
0.56266662 0.08222737
0.55486716 0.08330720
0.54705416 0.08435661
0.53922955 0.08537424
0.53139526 0.08635875
0.52355323 0.08730885
0.51570538 0.08822326
0.50785366 0.08910080
0.50000000 0.08994032
0.49214634 0.09074070
0.48429462 0.09150093
0.47644677 0.09222002
0.46860474 0.09289706
0.46077045 0.09353122
0.45294584 0.09412170
0.44513284 0.09466782
0.43733338 0.09516895
0.42954938 0.09562451
0.42178277 0.09603404
0.41403545 0.09639714
0.40630934 0.09671346
0.39860635 0.09698277
0.39092838 0.09720488
0.38327732 0.09737970
0.37565506 0.09750720
0.36806348 0.09758745
0.36050445 0.09762055
0.35297984 0.09760671
0.34549150 0.09754619
0.33804129 0.09743933
0.33063104 0.09728651
0.32326258 0.09708820
0.31593772 0.09684490
0.30865828 0.09655720
0.30142605 0.09622571
0.29424282 0.09585110
0.28711035 0.09543408
0.28003042 0.09497541
0.27300475 0.09447588
0.26603509 0.09393630
0.25912316 0.09335753
0.25227067 0.09274044
0.24547929 0.09208591
0.23875072 0.09139486
0.23208660 0.09066821
0.22548859 0.08990686
0.21895831 0.08911176
0.21249737 0.08828381
0.20610737 0.08742395
0.19978989 0.08653308
0.19354647 0.08561210
0.18737867 0.08466190
0.18128801 0.08368333
0.17527598 0.08267724
0.16934407 0.08164446
0.16349374 0.08058577
0.15772645 0.07950194
0.15204360 0.07839372
0.14644661 0.07726182
0.14093685 0.07610690
0.13551569 0.07492962
0.13018445 0.07373059
0.12494447 0.07251039
0.11979702 0.07126956
0.11474338 0.07000864
0.10978480 0.06872810
0.10492249 0.06742840
0.10015767 0.06610997
0.09549150 0.06477321
0.09092514 0.06341850
0.08645971 0.06204620
0.08209632 0.06065662
0.07783604 0.05925009
0.07367992 0.05782691
0.06962899 0.05638735
0.06568424 0.05493169
0.06184666 0.05346020
0.05811718 0.05197312
0.05449674 0.05047072
0.05098621 0.04895324
0.04758647 0.04742096
0.04429836 0.04587411
0.04112269 0.04431298
0.03806023 0.04273784
0.03511176 0.04114898
0.03227798 0.03954671
0.02955962 0.03793134
0.02695732 0.03630323
0.02447174 0.03466271
0.02210349 0.03301017
0.01985316 0.03134602
0.01772129 0.02967068
0.01570842 0.02798459
0.01381504 0.02628822
0.01204162 0.02458208
0.01038859 0.02286668
0.00885637 0.02114257
0.00744534 0.01941031
0.00615583 0.01767049
0.00498817 0.01592373
0.00394265 0.01417066
0.00301952 0.01241192
0.00221902 0.01064818
0.00154133 0.00888014
0.00098664 0.00710848
0.00055506 0.00533391
0.00024672 0.00355716
0.00006168 0.00177895
0.00000000 0.00000000
0.00006168 -0.00097255
0.00024672 -0.00194455
0.00055506 -0.00291545
0.00098664 -0.00388471
0.00154133 -0.00485177
0.00221902 -0.00581608
0.00301952 -0.00677709
0.00394265 -0.00773421
0.00498817 -0.00868690
0.00615583 -0.00963457
0.00744534 -0.01057664
0.00885637 -0.01151254
0.01038859 -0.01244167
0.01204162 -0.01336344
0.01381504 -0.01427725
0.01570842 -0.01518250
0.01772129 -0.01607859
0.01985316 -0.01696490
0.02210349 -0.01784084
0.02447174 -0.01870580
0.02695732 -0.01955918
0.02955962 -0.02040037
0.03227798 -0.02122880
0.03511176 -0.02204386
0.03806023 -0.02284500
0.04112269 -0.02363165
0.04429836 -0.02440326
0.04758647 -0.02515931
0.05098621 -0.02589929
0.05449674 -0.02662270
0.05811718 -0.02732909
0.06184666 -0.02801802
0.06568424 -0.02868906
0.06962899 -0.02934185
0.07367992 -0.02997604
0.07783604 -0.03059130
0.08209632 -0.03118736
0.08645971 -0.03176397
0.09092514 -0.03232093
0.09549150 -0.03285805
0.10015767 -0.03337521
0.10492249 -0.03387232
0.10978480 -0.03434932
0.11474338 -0.03480618
0.11979702 -0.03524294
0.12494447 -0.03565964
0.13018445 -0.03605639
0.13551569 -0.03643329
0.14093685 -0.03679052
0.14644661 -0.03712826
0.15204360 -0.03744671
0.15772645 -0.03774613
0.16349374 -0.03802678
0.16934407 -0.03828892
0.17527598 -0.03853287
0.18128801 -0.03875893
0.18737867 -0.03896741
0.19354647 -0.03915865
0.19978989 -0.03933296
0.20610737 -0.03949067
0.21249737 -0.03963210
0.21895831 -0.03975755
0.22548859 -0.03986733
0.23208660 -0.03996170
0.23875072 -0.04004093
0.24547929 -0.04010527
0.25227067 -0.04015491
0.25912316 -0.04019004
0.26603509 -0.04021082
0.27300475 -0.04021737
0.28003042 -0.04020976
0.28711035 -0.04018806
0.29424282 -0.04015227
0.30142605 -0.04010237
0.30865828 -0.04003829
0.31593772 -0.03995994
0.32326258 -0.03986718
0.33063104 -0.03975983
0.33804129 -0.03963769
0.34549150 -0.03950051
0.35297984 -0.03934803
0.36050445 -0.03917994
0.36806348 -0.03899591
0.37565506 -0.03879562
0.38327732 -0.03857868
0.39092838 -0.03834472
0.39860635 -0.03809336
0.40630934 -0.03782421
0.41403545 -0.03753686
0.42178277 -0.03723095
0.42954938 -0.03690609
0.43733338 -0.03656191
0.44513284 -0.03619809
0.45294584 -0.03581431
0.46077045 -0.03541029
0.46860474 -0.03498578
0.47644677 -0.03454057
0.48429462 -0.03407452
0.49214634 -0.03358752
0.50000000 -0.03307952
0.50785366 -0.03255053
0.51570538 -0.03200062
0.52355323 -0.03142995
0.53139526 -0.03083871
0.53922955 -0.03022722
0.54705416 -0.02959581
0.55486716 -0.02894495
0.56266662 -0.02827515
0.57045062 -0.02758700
0.57821723 -0.02688120
0.58596455 -0.02615849
0.59369066 -0.02541973
0.60139365 -0.02466582
0.60907162 -0.02389777
0.61672268 -0.02311663
0.62434494 -0.02232354
0.63193652 -0.02151972
0.63949555 -0.02070642
0.64702016 -0.01988497
0.65450850 -0.01905675
0.66195871 -0.01822319
0.66936896 -0.01738577
0.67673742 -0.01654598
0.68406228 -0.01570538
0.69134172 -0.01486553
0.69857395 -0.01402800
0.70575718 -0.01319440
0.71288965 -0.01236632
0.71996958 -0.01154536
0.72699525 -0.01073309
0.73396491 -0.00993110
0.74087684 -0.00914092
0.74772933 -0.00836406
0.75452071 -0.00760200
0.76124928 -0.00685616
0.76791340 -0.00612793
0.77451141 -0.00541863
0.78104169 -0.00472951
0.78750263 -0.00406176
0.79389263 -0.00341650
0.80021011 -0.00279476
0.80645353 -0.00219751
0.81262133 -0.00162559
0.81871199 -0.00107980
0.82472402 -0.00056081
0.83065593 -0.00006921
0.83650626 0.00039450
0.84227355 0.00082994
0.84795640 0.00123681
0.85355339 0.00161493
0.85906315 0.00196420
0.86448431 0.00228463
0.86981555 0.00257634
0.87505553 0.00283952
0.88020298 0.00307449
0.88525662 0.00328163
0.89021520 0.00346143
0.89507751 0.00361446
0.89984233 0.00374139
0.90450850 0.00384293
0.90907486 0.00391992
0.91354029 0.00397323
0.91790368 0.00400380
0.92216396 0.00401266
0.92632008 0.00400087
0.93037101 0.00396955
0.93431576 0.00391987
0.93815334 0.00385302
0.94188282 0.00377026
0.94550326 0.00367285
0.94901379 0.00356209
0.95241353 0.00343929
0.95570164 0.00330577
0.95887731 0.00316286
0.96193977 0.00301191
0.96488824 0.00285423
0.96772202 0.00269115
0.97044038 0.00252397
0.97304268 0.00235399
0.97552826 0.00218247
0.97789651 0.00201064
0.98014684 0.00183971
0.98227871 0.00167084
0.98429158 0.00150517
0.98618496 0.00134377
0.98795838 0.00118767
0.98961141 0.00103787
0.99114363 0.00089528
0.99255466 0.00076079
0.99384417 0.00063519
0.99501183 0.00051924
0.99605735 0.00041363
0.99698048 0.00031896
0.99778098 0.00023579
0.99845867 0.00016460
0.99901336 0.00010579
0.99944494 0.00005971
0.99975328 0.00002660
0.99993832 0.00000666
1.00000000 -0.00000000
