sample_765
1.00000000 -0.00000000
0.99993832 0.00001599
0.99975328 0.00006395
0.99944494 0.00014382
0.99901336 0.00025552
0.99845867 0.00039893
0.99778098 0.00057389
0.99698048 0.00078023
0.99605735 0.00101773
0.99501183 0.00128615
0.99384417 0.00158522
0.99255466 0.00191464
0.99114363 0.00227409
0.98961141 0.00266322
0.98795838 0.00308168
0.98618496 0.00352908
0.98429158 0.00400503
0.98227871 0.00450911
0.98014684 0.00504091
0.97789651 0.00559999
0.97552826 0.00618592
0.97304268 0.00679826
0.97044038 0.00743656
0.96772202 0.00810037
0.96488824 0.00878927
0.96193977 0.00950281
0.95887731 0.01024055
0.95570164 0.01100208
0.95241353 0.01178697
0.94901379 0.01259483
0.94550326 0.01342524
0.94188282 0.01427783
0.93815334 0.01515223
0.93431576 0.01604807
0.93037101 0.01696501
0.92632008 0.01790270
0.92216396 0.01886083
0.91790368 0.01983908
0.91354029 0.02083714
0.90907486 0.02185473
0.90450850 0.02289156
0.89984233 0.02394734
0.89507751 0.02502180
0.89021520 0.02611467
0.88525662 0.02722566
0.88020298 0.02835451
0.87505553 0.02950093
0.86981555 0.03066463
0.86448431 0.03184532
0.85906315 0.03304267
0.85355339 0.03425637
0.84795640 0.03548605
0.84227355 0.03673136
0.83650626 0.03799190
0.83065593 0.03926723
0.82472402 0.04055692
0.81871199 0.04186046
0.81262133 0.04317735
0.80645353 0.04450700
0.80021011 0.04584883
0.79389263 0.04720217
0.78750263 0.04856635
0.78104169 0.04994061
0.77451141 0.05132416
0.76791340 0.05271618
0.76124928 0.05411576
0.75452071 0.05552197
0.74772933 0.05693381
0.74087684 0.05835023
0.73396491 0.05977014
0.72699525 0.06119238
0.71996958 0.06261575
0.71288965 0.06403901
0.70575718 0.06546085
0.69857395 0.06687993
0.69134172 0.06829486
0.68406228 0.06970421
0.67673742 0.07110652
0.66936896 0.07250028
0.66195871 0.07388395
0.65450850 0.07525596
0.64702016 0.07661474
0.63949555 0.07795867
0.63193652 0.07928612
0.62434494 0.08059545
0.61672268 0.08188502
0.60907162 0.08315319
0.60139365 0.08439830
0.59369066 0.08561871
0.58596455 0.08681281
0.57821723 0.08797897
0.57045062 0.08911562
0.56266662 0.09022120
0.55486716 0.09129417
0.54705416 0.09233304
0.53922955 0.09333636
0.53139526 0.09430274
0.52355323 0.09523080
0.51570538 0.09611927
0.50785366 0.09696688
0.50000000 0.09777247
0.49214634 0.09853493
0.48429462 0.09925319
0.47644677 0.09992630
0.46860474 0.10055336
0.46077045 0.10113354
0.45294584 0.10166609
0.44513284 0.10215036
0.43733338 0.10258577
0.42954938 0.10297181
0.42178277 0.10330807
0.41403545 0.10359421
0.40630934 0.10383000
0.39860635 0.10401525
0.39092838 0.10414988
0.38327732 0.10423391
0.37565506 0.10426738
0.36806348 0.10425048
0.36050445 0.10418341
0.35297984 0.10406650
0.34549150 0.10390011
0.33804129 0.10368468
0.33063104 0.10342073
0.32326258 0.10310882
0.31593772 0.10274959
0.30865828 0.10234372
0.30142605 0.10189195
0.29424282 0.10139506
0.28711035 0.10085388
0.28003042 0.10026928
0.27300475 0.09964215
0.26603509 0.09897345
0.25912316 0.09826412
0.25227067 0.09751516
0.24547929 0.09672757
0.23875072 0.09590237
0.23208660 0.09504061
0.22548859 0.09414331
0.21895831 0.09321153
0.21249737 0.09224630
0.20610737 0.09124869
0.19978989 0.09021972
0.19354647 0.08916043
0.18737867 0.08807183
0.18128801 0.08695493
0.17527598 0.08581071
0.16934407 0.08464015
0.16349374 0.08344419
0.15772645 0.08222376
0.15204360 0.08097976
0.14644661 0.07971306
0.14093685 0.07842452
0.13551569 0.07711495
0.13018445 0.07578514
0.12494447 0.07443587
0.11979702 0.07306787
0.11474338 0.07168184
0.10978480 0.07027846
0.10492249 0.06885838
0.10015767 0.06742223
0.09549150 0.06597059
0.09092514 0.06450404
0.08645971 0.06302312
0.08209632 0.06152834
0.07783604 0.06002020
0.07367992 0.05849918
0.06962899 0.05696572
0.06568424 0.05542026
0.06184666 0.05386321
0.05811718 0.05229497
0.05449674 0.05071594
0.05098621 0.04912647
0.04758647 0.04752692
0.04429836 0.04591766
0.04112269 0.04429901
0.03806023 0.04267132
0.03511176 0.04103491
0.03227798 0.03939011
0.02955962 0.03773723
0.02695732 0.03607660
0.02447174 0.03440854
0.02210349 0.03273336
0.01985316 0.03105138
0.01772129 0.02936293
0.01570842 0.02766834
0.01381504 0.02596792
0.01204162 0.02426202
0.01038859 0.02255096
0.00885637 0.02083509
0.00744534 0.01911477
0.00615583 0.01739032
0.00498817 0.01566212
0.00394265 0.01393053
0.00301952 0.01219590
0.00221902 0.01045860
0.00154133 0.00871902
0.00098664 0.00697752
0.00055506 0.00523449
0.00024672 0.00349030
0.00006168 0.00174534
0.00000000 0.00000000
0.00006168 -0.00043699
0.00024672 -0.00087423
0.00055506 -0.00131197
0.00098664 -0.00175045
0.00154133 -0.00218994
0.00221902 -0.00263067
0.00301952 -0.00307289
0.00394265 -0.00351683
0.00498817 -0.00396275
0.00615583 -0.00441087
0.00744534 -0.00486142
0.00885637 -0.00531465
0.01038859 -0.00577076
0.01204162 -0.00622997
0.01381504 -0.00669250
0.01570842 -0.00715855
0.01772129 -0.00762831
0.01985316 -0.00810198
0.02210349 -0.00857974
0.02447174 -0.00906175
0.02695732 -0.00954817
0.02955962 -0.01003915
0.03227798 -0.01053483
0.03511176 -0.01103532
0.03806023 -0.01154073
0.04112269 -0.01205115
0.04429836 -0.01256665
0.04758647 -0.01308728
0.05098621 -0.01361308
0.05449674 -0.01414407
0.05811718 -0.01468022
0.06184666 -0.01522152
0.06568424 -0.01576790
0.06962899 -0.01631929
0.07367992 -0.01687556
0.07783604 -0.01743658
0.08209632 -0.01800217
0.08645971 -0.01857215
0.09092514 -0.01914626
0.09549150 -0.01972424
0.10015767 -0.02030580
0.10492249 -0.02089058
0.10978480 -0.02147821
0.11474338 -0.02206827
0.11979702 -0.02266030
0.12494447 -0.02325382
0.13018445 -0.02384829
0.13551569 -0.02444312
0.14093685 -0.02503770
0.14644661 -0.02563137
0.15204360 -0.02622343
0.15772645 -0.02681314
0.16349374 -0.02739971
0.16934407 -0.02798233
0.17527598 -0.02856013
0.18128801 -0.02913221
0.18737867 -0.02969764
0.19354647 -0.03025545
0.19978989 -0.03080463
0.20610737 -0.03134415
0.21249737 -0.03187294
0.21895831 -0.03238992
0.22548859 -0.03289398
0.23208660 -0.03338397
0.23875072 -0.03385876
0.24547929 -0.03431718
0.25227067 -0.03475806
0.25912316 -0.03518022
0.26603509 -0.03558248
0.27300475 -0.03596368
0.28003042 -0.03632264
0.28711035 -0.03665820
0.29424282 -0.03696924
0.30142605 -0.03725463
0.30865828 -0.03751330
0.31593772 -0.03774419
0.32326258 -0.03794627
0.33063104 -0.03811859
0.33804129 -0.03826021
0.34549150 -0.03837026
0.35297984 -0.03844794
0.36050445 -0.03849248
0.36806348 -0.03850320
0.37565506 -0.03847951
0.38327732 -0.03842085
0.39092838 -0.03832679
0.39860635 -0.03819695
0.40630934 -0.03803106
0.41403545 -0.03782893
0.42178277 -0.03759046
0.42954938 -0.03731566
0.43733338 -0.03700465
0.44513284 -0.03665761
0.45294584 -0.03627486
0.46077045 -0.03585682
0.46860474 -0.03540399
0.47644677 -0.03491701
0.48429462 -0.03439658
0.49214634 -0.03384353
0.50000000 -0.03325879
0.50785366 -0.03264338
0.51570538 -0.03199843
0.52355323 -0.03132513
0.53139526 -0.03062480
0.53922955 -0.02989882
0.54705416 -0.02914866
0.55486716 -0.02837586
0.56266662 -0.02758204
0.57045062 -0.02676888
0.57821723 -0.02593811
0.58596455 -0.02509153
0.59369066 -0.02423098
0.60139365 -0.02335833
0.60907162 -0.02247551
0.61672268 -0.02158443
0.62434494 -0.02068706
0.63193652 -0.01978535
0.63949555 -0.01888128
0.64702016 -0.01797680
0.65450850 -0.01707387
0.66195871 -0.01617440
0.66936896 -0.01528031
0.67673742 -0.01439345
0.68406228 -0.01351565
0.69134172 -0.01264868
0.69857395 -0.01179426
0.70575718 -0.01095404
0.71288965 -0.01012962
0.71996958 -0.00932251
0.72699525 -0.00853415
0.73396491 -0.00776588
0.74087684 -0.00701898
0.74772933 -0.00629461
0.75452071 -0.00559385
0.76124928 -0.00491769
0.76791340 -0.00426700
0.77451141 -0.00364256
0.78104169 -0.00304505
0.78750263 -0.00247502
0.79389263 -0.00193295
0.80021011 -0.00141920
0.80645353 -0.00093402
0.81262133 -0.00047757
0.81871199 -0.00004989
0.82472402 0.00034905
0.83065593 0.00071941
0.83650626 0.00106140
0.84227355 0.00137537
0.84795640 0.00166171
0.85355339 0.00192092
0.85906315 0.00215357
0.86448431 0.00236030
0.86981555 0.00254181
0.87505553 0.00269889
0.88020298 0.00283235
0.88525662 0.00294308
0.89021520 0.00303200
0.89507751 0.00310009
0.89984233 0.00314834
0.90450850 0.00317779
0.90907486 0.00318949
0.91354029 0.00318454
0.91790368 0.00316400
0.92216396 0.00312899
0.92632008 0.00308061
0.93037101 0.00301996
0.93431576 0.00294814
0.93815334 0.00286625
0.94188282 0.00277534
0.94550326 0.00267650
0.94901379 0.00257074
0.95241353 0.00245910
0.95570164 0.00234255
0.95887731 0.00222206
0.96193977 0.00209856
0.96488824 0.00197293
0.96772202 0.00184606
0.97044038 0.00171875
0.97304268 0.00159180
0.97552826 0.00146596
0.97789651 0.00134194
0.98014684 0.00122041
0.98227871 0.00110201
0.98429158 0.00098733
0.98618496 0.00087693
0.98795838 0.00077133
0.98961141 0.00067100
0.99114363 0.00057640
0.99255466 0.00048791
0.99384417 0.00040592
0.99501183 0.00033076
0.99605735 0.00026272
0.99698048 0.00020208
0.99778098 0.00014905
0.99845867 0.00010386
0.99901336 0.00006665
0.99944494 0.00003757
0.99975328 0.00001672
0.99993832 0.00000418
1.00000000 -0.00000000
