sample_392
1.00000000 -0.00000000
0.99993832 0.00001817
0.99975328 0.00007268
0.99944494 0.00016352
0.99901336 0.00029066
0.99845867 0.00045407
0.99778098 0.00065370
0.99698048 0.00088951
0.99605735 0.00116143
0.99501183 0.00146938
0.99384417 0.00181329
0.99255466 0.00219304
0.99114363 0.00260853
0.98961141 0.00305962
0.98795838 0.00354617
0.98618496 0.00406803
0.98429158 0.00462501
0.98227871 0.00521691
0.98014684 0.00584353
0.97789651 0.00650462
0.97552826 0.00719991
0.97304268 0.00792913
0.97044038 0.00869197
0.96772202 0.00948808
0.96488824 0.01031711
0.96193977 0.01117865
0.95887731 0.01207230
0.95570164 0.01299758
0.95241353 0.01395401
0.94901379 0.01494107
0.94550326 0.01595819
0.94188282 0.01700480
0.93815334 0.01808024
0.93431576 0.01918386
0.93037101 0.02031494
0.92632008 0.02147275
0.92216396 0.02265648
0.91790368 0.02386531
0.91354029 0.02509839
0.90907486 0.02635479
0.90450850 0.02763357
0.89984233 0.02893374
0.89507751 0.03025428
0.89021520 0.03159412
0.88525662 0.03295217
0.88020298 0.03432727
0.87505553 0.03571826
0.86981555 0.03712393
0.86448431 0.03854303
0.85906315 0.03997431
0.85355339 0.04141647
0.84795640 0.04286817
0.84227355 0.04432809
0.83650626 0.04579484
0.83065593 0.04726705
0.82472402 0.04874332
0.81871199 0.05022223
0.81262133 0.05170238
0.80645353 0.05318234
0.80021011 0.05466068
0.79389263 0.05613598
0.78750263 0.05760683
0.78104169 0.05907181
0.77451141 0.06052953
0.76791340 0.06197861
0.76124928 0.06341769
0.75452071 0.06484543
0.74772933 0.06626052
0.74087684 0.06766167
0.73396491 0.06904764
0.72699525 0.07041721
0.71996958 0.07176921
0.71288965 0.07310250
0.70575718 0.07441598
0.69857395 0.07570862
0.69134172 0.07697940
0.68406228 0.07822737
0.67673742 0.07945164
0.66936896 0.08065134
0.66195871 0.08182569
0.65450850 0.08297392
0.64702016 0.08409534
0.63949555 0.08518931
0.63193652 0.08625522
0.62434494 0.08729253
0.61672268 0.08830075
0.60907162 0.08927942
0.60139365 0.09022814
0.59369066 0.09114654
0.58596455 0.09203430
0.57821723 0.09289114
0.57045062 0.09371682
0.56266662 0.09451110
0.55486716 0.09527382
0.54705416 0.09600479
0.53922955 0.09670390
0.53139526 0.09737100
0.52355323 0.09800601
0.51570538 0.09860882
0.50785366 0.09917935
0.50000000 0.09971751
0.49214634 0.10022322
0.48429462 0.10069641
0.47644677 0.10113697
0.46860474 0.10154482
0.46077045 0.10191983
0.45294584 0.10226190
0.44513284 0.10257087
0.43733338 0.10284659
0.42954938 0.10308888
0.42178277 0.10329754
0.41403545 0.10347235
0.40630934 0.10361306
0.39860635 0.10371940
0.39092838 0.10379110
0.38327732 0.10382782
0.37565506 0.10382924
0.36806348 0.10379501
0.36050445 0.10372476
0.35297984 0.10361809
0.34549150 0.10347462
0.33804129 0.10329393
0.33063104 0.10307561
0.32326258 0.10281924
0.31593772 0.10252441
0.30865828 0.10219070
0.30142605 0.10181772
0.29424282 0.10140507
0.28711035 0.10095240
0.28003042 0.10045937
0.27300475 0.09992565
0.26603509 0.09935097
0.25912316 0.09873510
0.25227067 0.09807785
0.24547929 0.09737906
0.23875072 0.09663865
0.23208660 0.09585658
0.22548859 0.09503290
0.21895831 0.09416769
0.21249737 0.09326114
0.20610737 0.09231347
0.19978989 0.09132501
0.19354647 0.09029616
0.18737867 0.08922740
0.18128801 0.08811929
0.17527598 0.08697248
0.16934407 0.08578769
0.16349374 0.08456574
0.15772645 0.08330753
0.15204360 0.08201402
0.14644661 0.08068628
0.14093685 0.07932543
0.13551569 0.07793269
0.13018445 0.07650933
0.12494447 0.07505669
0.11979702 0.07357618
0.11474338 0.07206924
0.10978480 0.07053740
0.10492249 0.06898219
0.10015767 0.06740522
0.09549150 0.06580809
0.09092514 0.06419245
0.08645971 0.06255994
0.08209632 0.06091225
0.07783604 0.05925102
0.07367992 0.05757791
0.06962899 0.05589457
0.06568424 0.05420259
0.06184666 0.05250356
0.05811718 0.05079903
0.05449674 0.04909047
0.05098621 0.04737934
0.04758647 0.04566699
0.04429836 0.04395474
0.04112269 0.04224381
0.03806023 0.04053535
0.03511176 0.03883042
0.03227798 0.03712999
0.02955962 0.03543494
0.02695732 0.03374604
0.02447174 0.03206396
0.02210349 0.03038928
0.01985316 0.02872245
0.01772129 0.02706385
0.01570842 0.02541371
0.01381504 0.02377220
0.01204162 0.02213935
0.01038859 0.02051511
0.00885637 0.01889932
0.00744534 0.01729173
0.00615583 0.01569201
0.00498817 0.01409973
0.00394265 0.01251438
0.00301952 0.01093539
0.00221902 0.00936212
0.00154133 0.00779387
0.00098664 0.00622987
0.00055506 0.00466933
0.00024672 0.00311141
0.00006168 0.00155526
0.00000000 0.00000000
0.00006168 -0.00066932
0.00024672 -0.00133766
0.00055506 -0.00200405
0.00098664 -0.00266753
0.00154133 -0.00332715
0.00221902 -0.00398199
0.00301952 -0.00463113
0.00394265 -0.00527370
0.00498817 -0.00590887
0.00615583 -0.00653582
0.00744534 -0.00715380
0.00885637 -0.00776208
0.01038859 -0.00836000
0.01204162 -0.00894693
0.01381504 -0.00952233
0.01570842 -0.01008567
0.01772129 -0.01063652
0.01985316 -0.01117449
0.02210349 -0.01169925
0.02447174 -0.01221056
0.02695732 -0.01270823
0.02955962 -0.01319211
0.03227798 -0.01366216
0.03511176 -0.01411838
0.03806023 -0.01456084
0.04112269 -0.01498967
0.04429836 -0.01540507
0.04758647 -0.01580730
0.05098621 -0.01619666
0.05449674 -0.01657353
0.05811718 -0.01693833
0.06184666 -0.01729152
0.06568424 -0.01763363
0.06962899 -0.01796522
0.07367992 -0.01828687
0.07783604 -0.01859921
0.08209632 -0.01890291
0.08645971 -0.01919864
0.09092514 -0.01948709
0.09549150 -0.01976899
0.10015767 -0.02004505
0.10492249 -0.02031599
0.10978480 -0.02058254
0.11474338 -0.02084539
0.11979702 -0.02110525
0.12494447 -0.02136279
0.13018445 -0.02161866
0.13551569 -0.02187349
0.14093685 -0.02212785
0.14644661 -0.02238230
0.15204360 -0.02263733
0.15772645 -0.02289338
0.16349374 -0.02315086
0.16934407 -0.02341010
0.17527598 -0.02367138
0.18128801 -0.02393489
0.18737867 -0.02420078
0.19354647 -0.02446912
0.19978989 -0.02473989
0.20610737 -0.02501303
0.21249737 -0.02528836
0.21895831 -0.02556566
0.22548859 -0.02584460
0.23208660 -0.02612480
0.23875072 -0.02640578
0.24547929 -0.02668700
0.25227067 -0.02696784
0.25912316 -0.02724759
0.26603509 -0.02752550
0.27300475 -0.02780072
0.28003042 -0.02807236
0.28711035 -0.02833946
0.29424282 -0.02860099
0.30142605 -0.02885590
0.30865828 -0.02910306
0.31593772 -0.02934132
0.32326258 -0.02956948
0.33063104 -0.02978633
0.33804129 -0.02999061
0.34549150 -0.03018107
0.35297984 -0.03035643
0.36050445 -0.03051541
0.36806348 -0.03065675
0.37565506 -0.03077917
0.38327732 -0.03088145
0.39092838 -0.03096236
0.39860635 -0.03102071
0.40630934 -0.03105537
0.41403545 -0.03106523
0.42178277 -0.03104925
0.42954938 -0.03100645
0.43733338 -0.03093591
0.44513284 -0.03083680
0.45294584 -0.03070834
0.46077045 -0.03054985
0.46860474 -0.03036076
0.47644677 -0.03014055
0.48429462 -0.02988885
0.49214634 -0.02960535
0.50000000 -0.02928987
0.50785366 -0.02894233
0.51570538 -0.02856277
0.52355323 -0.02815133
0.53139526 -0.02770828
0.53922955 -0.02723400
0.54705416 -0.02672897
0.55486716 -0.02619382
0.56266662 -0.02562926
0.57045062 -0.02503613
0.57821723 -0.02441537
0.58596455 -0.02376804
0.59369066 -0.02309530
0.60139365 -0.02239841
0.60907162 -0.02167872
0.61672268 -0.02093768
0.62434494 -0.02017683
0.63193652 -0.01939777
0.63949555 -0.01860221
0.64702016 -0.01779188
0.65450850 -0.01696863
0.66195871 -0.01613431
0.66936896 -0.01529084
0.67673742 -0.01444019
0.68406228 -0.01358435
0.69134172 -0.01272532
0.69857395 -0.01186514
0.70575718 -0.01100584
0.71288965 -0.01014946
0.71996958 -0.00929802
0.72699525 -0.00845353
0.73396491 -0.00761796
0.74087684 -0.00679327
0.74772933 -0.00598137
0.75452071 -0.00518410
0.76124928 -0.00440327
0.76791340 -0.00364061
0.77451141 -0.00289780
0.78104169 -0.00217641
0.78750263 -0.00147797
0.79389263 -0.00080388
0.80021011 -0.00015546
0.80645353 0.00046604
0.81262133 0.00105952
0.81871199 0.00162396
0.82472402 0.00215845
0.83065593 0.00266219
0.83650626 0.00313453
0.84227355 0.00357488
0.84795640 0.00398282
0.85355339 0.00435802
0.85906315 0.00470028
0.86448431 0.00500953
0.86981555 0.00528580
0.87505553 0.00552924
0.88020298 0.00574014
0.88525662 0.00591887
0.89021520 0.00606593
0.89507751 0.00618194
0.89984233 0.00626759
0.90450850 0.00632372
0.90907486 0.00635121
0.91354029 0.00635109
0.91790368 0.00632442
0.92216396 0.00627240
0.92632008 0.00619625
0.93037101 0.00609730
0.93431576 0.00597694
0.93815334 0.00583660
0.94188282 0.00567777
0.94550326 0.00550200
0.94901379 0.00531086
0.95241353 0.00510596
0.95570164 0.00488893
0.95887731 0.00466142
0.96193977 0.00442510
0.96488824 0.00418164
0.96772202 0.00393271
0.97044038 0.00367995
0.97304268 0.00342502
0.97552826 0.00316953
0.97789651 0.00291508
0.98014684 0.00266322
0.98227871 0.00241547
0.98429158 0.00217329
0.98618496 0.00193812
0.98795838 0.00171130
0.98961141 0.00149414
0.99114363 0.00128786
0.99255466 0.00109363
0.99384417 0.00091253
0.99501183 0.00074556
0.99605735 0.00059363
0.99698048 0.00045759
0.99778098 0.00033816
0.99845867 0.00023599
0.99901336 0.00015165
0.99944494 0.00008557
0.99975328 0.00003811
0.99993832 0.00000954
1.00000000 -0.00000000
