sample_697
1.00000000 -0.00000000
0.99993832 0.00001251
0.99975328 0.00005006
0.99944494 0.00011273
0.99901336 0.00020064
0.99845867 0.00031395
0.99778098 0.00045288
0.99698048 0.00061769
0.99605735 0.00080867
0.99501183 0.00102617
0.99384417 0.00127055
0.99255466 0.00154223
0.99114363 0.00184163
0.98961141 0.00216923
0.98795838 0.00252550
0.98618496 0.00291095
0.98429158 0.00332608
0.98227871 0.00377142
0.98014684 0.00424748
0.97789651 0.00475480
0.97552826 0.00529388
0.97304268 0.00586522
0.97044038 0.00646932
0.96772202 0.00710664
0.96488824 0.00777760
0.96193977 0.00848263
0.95887731 0.00922208
0.95570164 0.00999628
0.95241353 0.01080552
0.94901379 0.01165003
0.94550326 0.01252998
0.94188282 0.01344550
0.93815334 0.01439665
0.93431576 0.01538343
0.93037101 0.01640576
0.92632008 0.01746350
0.92216396 0.01855645
0.91790368 0.01968433
0.91354029 0.02084676
0.90907486 0.02204332
0.90450850 0.02327349
0.89984233 0.02453670
0.89507751 0.02583226
0.89021520 0.02715945
0.88525662 0.02851743
0.88020298 0.02990532
0.87505553 0.03132215
0.86981555 0.03276688
0.86448431 0.03423841
0.85906315 0.03573554
0.85355339 0.03725704
0.84795640 0.03880161
0.84227355 0.04036787
0.83650626 0.04195440
0.83065593 0.04355972
0.82472402 0.04518232
0.81871199 0.04682061
0.81262133 0.04847298
0.80645353 0.05013777
0.80021011 0.05181330
0.79389263 0.05349785
0.78750263 0.05518966
0.78104169 0.05688696
0.77451141 0.05858797
0.76791340 0.06029089
0.76124928 0.06199389
0.75452071 0.06369514
0.74772933 0.06539284
0.74087684 0.06708514
0.73396491 0.06877022
0.72699525 0.07044628
0.71996958 0.07211149
0.71288965 0.07376407
0.70575718 0.07540224
0.69857395 0.07702425
0.69134172 0.07862836
0.68406228 0.08021286
0.67673742 0.08177607
0.66936896 0.08331634
0.66195871 0.08483204
0.65450850 0.08632159
0.64702016 0.08778344
0.63949555 0.08921606
0.63193652 0.09061800
0.62434494 0.09198781
0.61672268 0.09332409
0.60907162 0.09462551
0.60139365 0.09589075
0.59369066 0.09711856
0.58596455 0.09830771
0.57821723 0.09945705
0.57045062 0.10056545
0.56266662 0.10163185
0.55486716 0.10265522
0.54705416 0.10363459
0.53922955 0.10456904
0.53139526 0.10545772
0.52355323 0.10629978
0.51570538 0.10709449
0.50785366 0.10784111
0.50000000 0.10853900
0.49214634 0.10918754
0.48429462 0.10978619
0.47644677 0.11033444
0.46860474 0.11083186
0.46077045 0.11127806
0.45294584 0.11167270
0.44513284 0.11201550
0.43733338 0.11230625
0.42954938 0.11254477
0.42178277 0.11273095
0.41403545 0.11286474
0.40630934 0.11294613
0.39860635 0.11297519
0.39092838 0.11295201
0.38327732 0.11287676
0.37565506 0.11274967
0.36806348 0.11257101
0.36050445 0.11234109
0.35297984 0.11206031
0.34549150 0.11172910
0.33804129 0.11134793
0.33063104 0.11091734
0.32326258 0.11043792
0.31593772 0.10991030
0.30865828 0.10933515
0.30142605 0.10871320
0.29424282 0.10804522
0.28711035 0.10733201
0.28003042 0.10657443
0.27300475 0.10577336
0.26603509 0.10492973
0.25912316 0.10404450
0.25227067 0.10311866
0.24547929 0.10215324
0.23875072 0.10114927
0.23208660 0.10010784
0.22548859 0.09903004
0.21895831 0.09791699
0.21249737 0.09676982
0.20610737 0.09558967
0.19978989 0.09437771
0.19354647 0.09313510
0.18737867 0.09186302
0.18128801 0.09056265
0.17527598 0.08923516
0.16934407 0.08788173
0.16349374 0.08650353
0.15772645 0.08510172
0.15204360 0.08367746
0.14644661 0.08223190
0.14093685 0.08076615
0.13551569 0.07928133
0.13018445 0.07777852
0.12494447 0.07625881
0.11979702 0.07472322
0.11474338 0.07317279
0.10978480 0.07160851
0.10492249 0.07003133
0.10015767 0.06844221
0.09549150 0.06684203
0.09092514 0.06523168
0.08645971 0.06361199
0.08209632 0.06198377
0.07783604 0.06034778
0.07367992 0.05870476
0.06962899 0.05705541
0.06568424 0.05540038
0.06184666 0.05374031
0.05811718 0.05207578
0.05449674 0.05040735
0.05098621 0.04873553
0.04758647 0.04706081
0.04429836 0.04538363
0.04112269 0.04370440
0.03806023 0.04202351
0.03511176 0.04034129
0.03227798 0.03865807
0.02955962 0.03697413
0.02695732 0.03528971
0.02447174 0.03360505
0.02210349 0.03192033
0.01985316 0.03023573
0.01772129 0.02855140
0.01570842 0.02686744
0.01381504 0.02518396
0.01204162 0.02350103
0.01038859 0.02181870
0.00885637 0.02013702
0.00744534 0.01845600
0.00615583 0.01677565
0.00498817 0.01509594
0.00394265 0.01341685
0.00301952 0.01173835
0.00221902 0.01006038
0.00154133 0.00838288
0.00098664 0.00670580
0.00055506 0.00502905
0.00024672 0.00335256
0.00006168 0.00167623
0.00000000 0.00000000
0.00006168 -0.00053356
0.00024672 -0.00106685
0.00055506 -0.00159963
0.00098664 -0.00213163
0.00154133 -0.00266262
0.00221902 -0.00319235
0.00301952 -0.00372061
0.00394265 -0.00424718
0.00498817 -0.00477187
0.00615583 -0.00529450
0.00744534 -0.00581492
0.00885637 -0.00633299
0.01038859 -0.00684858
0.01204162 -0.00736162
0.01381504 -0.00787203
0.01570842 -0.00837976
0.01772129 -0.00888479
0.01985316 -0.00938712
0.02210349 -0.00988678
0.02447174 -0.01038380
0.02695732 -0.01087826
0.02955962 -0.01137023
0.03227798 -0.01185982
0.03511176 -0.01234714
0.03806023 -0.01283233
0.04112269 -0.01331552
0.04429836 -0.01379687
0.04758647 -0.01427653
0.05098621 -0.01475466
0.05449674 -0.01523141
0.05811718 -0.01570694
0.06184666 -0.01618140
0.06568424 -0.01665491
0.06962899 -0.01712761
0.07367992 -0.01759959
0.07783604 -0.01807094
0.08209632 -0.01854172
0.08645971 -0.01901195
0.09092514 -0.01948164
0.09549150 -0.01995076
0.10015767 -0.02041923
0.10492249 -0.02088695
0.10978480 -0.02135376
0.11474338 -0.02181947
0.11979702 -0.02228384
0.12494447 -0.02274658
0.13018445 -0.02320736
0.13551569 -0.02366579
0.14093685 -0.02412142
0.14644661 -0.02457378
0.15204360 -0.02502233
0.15772645 -0.02546648
0.16349374 -0.02590558
0.16934407 -0.02633897
0.17527598 -0.02676591
0.18128801 -0.02718561
0.18737867 -0.02759728
0.19354647 -0.02800004
0.19978989 -0.02839301
0.20610737 -0.02877526
0.21249737 -0.02914584
0.21895831 -0.02950376
0.22548859 -0.02984803
0.23208660 -0.03017763
0.23875072 -0.03049153
0.24547929 -0.03078869
0.25227067 -0.03106807
0.25912316 -0.03132864
0.26603509 -0.03156938
0.27300475 -0.03178927
0.28003042 -0.03198731
0.28711035 -0.03216253
0.29424282 -0.03231400
0.30142605 -0.03244081
0.30865828 -0.03254210
0.31593772 -0.03261705
0.32326258 -0.03266488
0.33063104 -0.03268489
0.33804129 -0.03267642
0.34549150 -0.03263887
0.35297984 -0.03257173
0.36050445 -0.03247454
0.36806348 -0.03234692
0.37565506 -0.03218858
0.38327732 -0.03199928
0.39092838 -0.03177891
0.39860635 -0.03152739
0.40630934 -0.03124477
0.41403545 -0.03093117
0.42178277 -0.03058680
0.42954938 -0.03021194
0.43733338 -0.02980700
0.44513284 -0.02937243
0.45294584 -0.02890881
0.46077045 -0.02841678
0.46860474 -0.02789707
0.47644677 -0.02735048
0.48429462 -0.02677792
0.49214634 -0.02618036
0.50000000 -0.02555882
0.50785366 -0.02491444
0.51570538 -0.02424839
0.52355323 -0.02356191
0.53139526 -0.02285631
0.53922955 -0.02213293
0.54705416 -0.02139320
0.55486716 -0.02063855
0.56266662 -0.01987049
0.57045062 -0.01909053
0.57821723 -0.01830023
0.58596455 -0.01750117
0.59369066 -0.01669495
0.60139365 -0.01588317
0.60907162 -0.01506747
0.61672268 -0.01424946
0.62434494 -0.01343076
0.63193652 -0.01261299
0.63949555 -0.01179775
0.64702016 -0.01098661
0.65450850 -0.01018113
0.66195871 -0.00938285
0.66936896 -0.00859327
0.67673742 -0.00781384
0.68406228 -0.00704598
0.69134172 -0.00629108
0.69857395 -0.00555046
0.70575718 -0.00482539
0.71288965 -0.00411709
0.71996958 -0.00342672
0.72699525 -0.00275538
0.73396491 -0.00210409
0.74087684 -0.00147383
0.74772933 -0.00086550
0.75452071 -0.00027991
0.76124928 0.00028218
0.76791340 0.00082009
0.77451141 0.00133321
0.78104169 0.00182101
0.78750263 0.00228305
0.79389263 0.00271894
0.80021011 0.00312838
0.80645353 0.00351115
0.81262133 0.00386710
0.81871199 0.00419616
0.82472402 0.00449833
0.83065593 0.00477368
0.83650626 0.00502235
0.84227355 0.00524458
0.84795640 0.00544063
0.85355339 0.00561087
0.85906315 0.00575571
0.86448431 0.00587563
0.86981555 0.00597117
0.87505553 0.00604294
0.88020298 0.00609159
0.88525662 0.00611783
0.89021520 0.00612242
0.89507751 0.00610616
0.89984233 0.00606991
0.90450850 0.00601456
0.90907486 0.00594105
0.91354029 0.00585033
0.91790368 0.00574341
0.92216396 0.00562132
0.92632008 0.00548511
0.93037101 0.00533585
0.93431576 0.00517465
0.93815334 0.00500260
0.94188282 0.00482084
0.94550326 0.00463049
0.94901379 0.00443269
0.95241353 0.00422857
0.95570164 0.00401928
0.95887731 0.00380594
0.96193977 0.00358967
0.96488824 0.00337160
0.96772202 0.00315280
0.97044038 0.00293438
0.97304268 0.00271738
0.97552826 0.00250283
0.97789651 0.00229175
0.98014684 0.00208512
0.98227871 0.00188388
0.98429158 0.00168894
0.98618496 0.00150118
0.98795838 0.00132143
0.98961141 0.00115048
0.99114363 0.00098907
0.99255466 0.00083792
0.99384417 0.00069767
0.99501183 0.00056891
0.99605735 0.00045221
0.99698048 0.00034805
0.99778098 0.00025688
0.99845867 0.00017907
0.99901336 0.00011497
0.99944494 0.00006483
0.99975328 0.00002886
0.99993832 0.00000722
1.00000000 -0.00000000
