sample_583
1.00000000 -0.00000000
0.99993832 0.00001537
0.99975328 0.00006149
0.99944494 0.00013836
0.99901336 0.00024598
0.99845867 0.00038436
0.99778098 0.00055350
0.99698048 0.00075340
0.99605735 0.00098406
0.99501183 0.00124547
0.99384417 0.00153763
0.99255466 0.00186053
0.99114363 0.00221413
0.98961141 0.00259840
0.98795838 0.00301329
0.98618496 0.00345874
0.98429158 0.00393467
0.98227871 0.00444098
0.98014684 0.00497755
0.97789651 0.00554424
0.97552826 0.00614087
0.97304268 0.00676724
0.97044038 0.00742314
0.96772202 0.00810828
0.96488824 0.00882239
0.96193977 0.00956512
0.95887731 0.01033610
0.95570164 0.01113494
0.95241353 0.01196116
0.94901379 0.01281429
0.94550326 0.01369379
0.94188282 0.01459907
0.93815334 0.01552951
0.93431576 0.01648444
0.93037101 0.01746315
0.92632008 0.01846488
0.92216396 0.01948883
0.91790368 0.02053415
0.91354029 0.02159995
0.90907486 0.02268531
0.90450850 0.02378926
0.89984233 0.02491079
0.89507751 0.02604885
0.89021520 0.02720238
0.88525662 0.02837026
0.88020298 0.02955136
0.87505553 0.03074452
0.86981555 0.03194855
0.86448431 0.03316225
0.85906315 0.03438439
0.85355339 0.03561374
0.84795640 0.03684905
0.84227355 0.03808908
0.83650626 0.03933257
0.83065593 0.04057825
0.82472402 0.04182489
0.81871199 0.04307124
0.81262133 0.04431607
0.80645353 0.04555815
0.80021011 0.04679630
0.79389263 0.04802932
0.78750263 0.04925607
0.78104169 0.05047540
0.77451141 0.05168624
0.76791340 0.05288750
0.76124928 0.05407815
0.75452071 0.05525719
0.74772933 0.05642367
0.74087684 0.05757665
0.73396491 0.05871528
0.72699525 0.05983870
0.71996958 0.06094612
0.71288965 0.06203680
0.70575718 0.06311002
0.69857395 0.06416512
0.69134172 0.06520150
0.68406228 0.06621856
0.67673742 0.06721578
0.66936896 0.06819267
0.66195871 0.06914878
0.65450850 0.07008370
0.64702016 0.07099705
0.63949555 0.07188851
0.63193652 0.07275776
0.62434494 0.07360454
0.61672268 0.07442861
0.60907162 0.07522975
0.60139365 0.07600778
0.59369066 0.07676252
0.58596455 0.07749385
0.57821723 0.07820162
0.57045062 0.07888573
0.56266662 0.07954607
0.55486716 0.08018255
0.54705416 0.08079510
0.53922955 0.08138362
0.53139526 0.08194805
0.52355323 0.08248830
0.51570538 0.08300429
0.50785366 0.08349595
0.50000000 0.08396319
0.49214634 0.08440589
0.48429462 0.08482397
0.47644677 0.08521730
0.46860474 0.08558575
0.46077045 0.08592918
0.45294584 0.08624744
0.44513284 0.08654035
0.43733338 0.08680773
0.42954938 0.08704939
0.42178277 0.08726512
0.41403545 0.08745468
0.40630934 0.08761783
0.39860635 0.08775434
0.39092838 0.08786392
0.38327732 0.08794631
0.37565506 0.08800123
0.36806348 0.08802838
0.36050445 0.08802747
0.35297984 0.08799819
0.34549150 0.08794024
0.33804129 0.08785332
0.33063104 0.08773712
0.32326258 0.08759135
0.31593772 0.08741571
0.30865828 0.08720991
0.30142605 0.08697369
0.29424282 0.08670678
0.28711035 0.08640894
0.28003042 0.08607993
0.27300475 0.08571955
0.26603509 0.08532761
0.25912316 0.08490395
0.25227067 0.08444843
0.24547929 0.08396094
0.23875072 0.08344139
0.23208660 0.08288975
0.22548859 0.08230599
0.21895831 0.08169012
0.21249737 0.08104221
0.20610737 0.08036233
0.19978989 0.07965061
0.19354647 0.07890721
0.18737867 0.07813234
0.18128801 0.07732622
0.17527598 0.07648912
0.16934407 0.07562137
0.16349374 0.07472331
0.15772645 0.07379532
0.15204360 0.07283782
0.14644661 0.07185128
0.14093685 0.07083617
0.13551569 0.06979302
0.13018445 0.06872239
0.12494447 0.06762485
0.11979702 0.06650101
0.11474338 0.06535151
0.10978480 0.06417701
0.10492249 0.06297818
0.10015767 0.06175573
0.09549150 0.06051037
0.09092514 0.05924284
0.08645971 0.05795387
0.08209632 0.05664423
0.07783604 0.05531468
0.07367992 0.05396597
0.06962899 0.05259889
0.06568424 0.05121421
0.06184666 0.04981269
0.05811718 0.04839510
0.05449674 0.04696220
0.05098621 0.04551475
0.04758647 0.04405348
0.04429836 0.04257913
0.04112269 0.04109242
0.03806023 0.03959404
0.03511176 0.03808468
0.03227798 0.03656502
0.02955962 0.03503570
0.02695732 0.03349735
0.02447174 0.03195058
0.02210349 0.03039597
0.01985316 0.02883411
0.01772129 0.02726552
0.01570842 0.02569073
0.01381504 0.02411025
0.01204162 0.02252455
0.01038859 0.02093408
0.00885637 0.01933930
0.00744534 0.01774061
0.00615583 0.01613841
0.00498817 0.01453308
0.00394265 0.01292499
0.00301952 0.01131449
0.00221902 0.00970190
0.00154133 0.00808756
0.00098664 0.00647176
0.00055506 0.00485482
0.00024672 0.00323702
0.00006168 0.00161865
0.00000000 0.00000000
0.00006168 -0.00111291
0.00024672 -0.00222517
0.00055506 -0.00333614
0.00098664 -0.00444518
0.00154133 -0.00555164
0.00221902 -0.00665487
0.00301952 -0.00775421
0.00394265 -0.00884900
0.00498817 -0.00993859
0.00615583 -0.01102231
0.00744534 -0.01209948
0.00885637 -0.01316943
0.01038859 -0.01423147
0.01204162 -0.01528492
0.01381504 -0.01632908
0.01570842 -0.01736324
0.01772129 -0.01838671
0.01985316 -0.01939877
0.02210349 -0.02039869
0.02447174 -0.02138576
0.02695732 -0.02235925
0.02955962 -0.02331842
0.03227798 -0.02426254
0.03511176 -0.02519087
0.03806023 -0.02610267
0.04112269 -0.02699719
0.04429836 -0.02787371
0.04758647 -0.02873148
0.05098621 -0.02956976
0.05449674 -0.03038783
0.05811718 -0.03118495
0.06184666 -0.03196042
0.06568424 -0.03271353
0.06962899 -0.03344357
0.07367992 -0.03414986
0.07783604 -0.03483174
0.08209632 -0.03548854
0.08645971 -0.03611964
0.09092514 -0.03672442
0.09549150 -0.03730228
0.10015767 -0.03785265
0.10492249 -0.03837500
0.10978480 -0.03886881
0.11474338 -0.03933358
0.11979702 -0.03976888
0.12494447 -0.04017427
0.13018445 -0.04054936
0.13551569 -0.04089383
0.14093685 -0.04120734
0.14644661 -0.04148963
0.15204360 -0.04174046
0.15772645 -0.04195967
0.16349374 -0.04214709
0.16934407 -0.04230262
0.17527598 -0.04242623
0.18128801 -0.04251789
0.18737867 -0.04257764
0.19354647 -0.04260558
0.19978989 -0.04260183
0.20610737 -0.04256658
0.21249737 -0.04250005
0.21895831 -0.04240252
0.22548859 -0.04227430
0.23208660 -0.04211578
0.23875072 -0.04192736
0.24547929 -0.04170950
0.25227067 -0.04146270
0.25912316 -0.04118750
0.26603509 -0.04088449
0.27300475 -0.04055428
0.28003042 -0.04019755
0.28711035 -0.03981499
0.29424282 -0.03940732
0.30142605 -0.03897531
0.30865828 -0.03851975
0.31593772 -0.03804145
0.32326258 -0.03754127
0.33063104 -0.03702006
0.33804129 -0.03647871
0.34549150 -0.03591813
0.35297984 -0.03533923
0.36050445 -0.03474295
0.36806348 -0.03413023
0.37565506 -0.03350202
0.38327732 -0.03285927
0.39092838 -0.03220294
0.39860635 -0.03153399
0.40630934 -0.03085338
0.41403545 -0.03016206
0.42178277 -0.02946098
0.42954938 -0.02875107
0.43733338 -0.02803327
0.44513284 -0.02730850
0.45294584 -0.02657766
0.46077045 -0.02584164
0.46860474 -0.02510132
0.47644677 -0.02435755
0.48429462 -0.02361117
0.49214634 -0.02286301
0.50000000 -0.02211385
0.50785366 -0.02136450
0.51570538 -0.02061569
0.52355323 -0.01986817
0.53139526 -0.01912266
0.53922955 -0.01837985
0.54705416 -0.01764042
0.55486716 -0.01690502
0.56266662 -0.01617429
0.57045062 -0.01544883
0.57821723 -0.01472924
0.58596455 -0.01401609
0.59369066 -0.01330995
0.60139365 -0.01261134
0.60907162 -0.01192080
0.61672268 -0.01123882
0.62434494 -0.01056590
0.63193652 -0.00990252
0.63949555 -0.00924913
0.64702016 -0.00860620
0.65450850 -0.00797416
0.66195871 -0.00735343
0.66936896 -0.00674445
0.67673742 -0.00614761
0.68406228 -0.00556331
0.69134172 -0.00499194
0.69857395 -0.00443389
0.70575718 -0.00388953
0.71288965 -0.00335922
0.71996958 -0.00284331
0.72699525 -0.00234216
0.73396491 -0.00185610
0.74087684 -0.00138545
0.74772933 -0.00093053
0.75452071 -0.00049166
0.76124928 -0.00006912
0.76791340 0.00033681
0.77451141 0.00072585
0.78104169 0.00109777
0.78750263 0.00145231
0.79389263 0.00178928
0.80021011 0.00210847
0.80645353 0.00240970
0.81262133 0.00269283
0.81871199 0.00295773
0.82472402 0.00320429
0.83065593 0.00343246
0.83650626 0.00364217
0.84227355 0.00383343
0.84795640 0.00400625
0.85355339 0.00416069
0.85906315 0.00429685
0.86448431 0.00441485
0.86981555 0.00451487
0.87505553 0.00459711
0.88020298 0.00466183
0.88525662 0.00470931
0.89021520 0.00473990
0.89507751 0.00475397
0.89984233 0.00475195
0.90450850 0.00473428
0.90907486 0.00470150
0.91354029 0.00465413
0.91790368 0.00459278
0.92216396 0.00451807
0.92632008 0.00443069
0.93037101 0.00433132
0.93431576 0.00422073
0.93815334 0.00409969
0.94188282 0.00396901
0.94550326 0.00382953
0.94901379 0.00368213
0.95241353 0.00352770
0.95570164 0.00336715
0.95887731 0.00320141
0.96193977 0.00303143
0.96488824 0.00285816
0.96772202 0.00268257
0.97044038 0.00250563
0.97304268 0.00232830
0.97552826 0.00215154
0.97789651 0.00197630
0.98014684 0.00180352
0.98227871 0.00163412
0.98429158 0.00146900
0.98618496 0.00130904
0.98795838 0.00115506
0.98961141 0.00100790
0.99114363 0.00086831
0.99255466 0.00073703
0.99384417 0.00061475
0.99501183 0.00050210
0.99605735 0.00039968
0.99698048 0.00030801
0.99778098 0.00022758
0.99845867 0.00015880
0.99901336 0.00010203
0.99944494 0.00005757
0.99975328 0.00002564
0.99993832 0.00000642
1.00000000 -0.00000000
