sample_964
1.00000000 -0.00000000
0.99993832 0.00001631
0.99975328 0.00006524
0.99944494 0.00014673
0.99901336 0.00026069
0.99845867 0.00040699
0.99778098 0.00058548
0.99698048 0.00079596
0.99605735 0.00103823
0.99501183 0.00131202
0.99384417 0.00161705
0.99255466 0.00195304
0.99114363 0.00231964
0.98961141 0.00271653
0.98795838 0.00314332
0.98618496 0.00359965
0.98429158 0.00408511
0.98227871 0.00459933
0.98014684 0.00514187
0.97789651 0.00571233
0.97552826 0.00631030
0.97304268 0.00693537
0.97044038 0.00758710
0.96772202 0.00826511
0.96488824 0.00896899
0.96193977 0.00969834
0.95887731 0.01045278
0.95570164 0.01123193
0.95241353 0.01203542
0.94901379 0.01286290
0.94550326 0.01371404
0.94188282 0.01458848
0.93815334 0.01548592
0.93431576 0.01640603
0.93037101 0.01734852
0.92632008 0.01831306
0.92216396 0.01929938
0.91790368 0.02030717
0.91354029 0.02133614
0.90907486 0.02238598
0.90450850 0.02345639
0.89984233 0.02454704
0.89507751 0.02565760
0.89021520 0.02678773
0.88525662 0.02793704
0.88020298 0.02910514
0.87505553 0.03029161
0.86981555 0.03149598
0.86448431 0.03271776
0.85906315 0.03395641
0.85355339 0.03521134
0.84795640 0.03648194
0.84227355 0.03776752
0.83650626 0.03906735
0.83065593 0.04038064
0.82472402 0.04170655
0.81871199 0.04304416
0.81262133 0.04439251
0.80645353 0.04575056
0.80021011 0.04711724
0.79389263 0.04849136
0.78750263 0.04987173
0.78104169 0.05125704
0.77451141 0.05264597
0.76791340 0.05403710
0.76124928 0.05542899
0.75452071 0.05682011
0.74772933 0.05820891
0.74087684 0.05959379
0.73396491 0.06097309
0.72699525 0.06234512
0.71996958 0.06370819
0.71288965 0.06506054
0.70575718 0.06640041
0.69857395 0.06772604
0.69134172 0.06903564
0.68406228 0.07032744
0.67673742 0.07159967
0.66936896 0.07285058
0.66195871 0.07407843
0.65450850 0.07528153
0.64702016 0.07645820
0.63949555 0.07760685
0.63193652 0.07872588
0.62434494 0.07981381
0.61672268 0.08086919
0.60907162 0.08189065
0.60139365 0.08287690
0.59369066 0.08382673
0.58596455 0.08473902
0.57821723 0.08561277
0.57045062 0.08644703
0.56266662 0.08724100
0.55486716 0.08799396
0.54705416 0.08870529
0.53922955 0.08937451
0.53139526 0.09000124
0.52355323 0.09058520
0.51570538 0.09112623
0.50785366 0.09162429
0.50000000 0.09207944
0.49214634 0.09249186
0.48429462 0.09286182
0.47644677 0.09318972
0.46860474 0.09347602
0.46077045 0.09372132
0.45294584 0.09392627
0.44513284 0.09409162
0.43733338 0.09421820
0.42954938 0.09430692
0.42178277 0.09435873
0.41403545 0.09437465
0.40630934 0.09435576
0.39860635 0.09430317
0.39092838 0.09421802
0.38327732 0.09410149
0.37565506 0.09395477
0.36806348 0.09377904
0.36050445 0.09357552
0.35297984 0.09334539
0.34549150 0.09308983
0.33804129 0.09280998
0.33063104 0.09250698
0.32326258 0.09218189
0.31593772 0.09183576
0.30865828 0.09146956
0.30142605 0.09108423
0.29424282 0.09068062
0.28711035 0.09025953
0.28003042 0.08982166
0.27300475 0.08936766
0.26603509 0.08889807
0.25912316 0.08841337
0.25227067 0.08791394
0.24547929 0.08740007
0.23875072 0.08687197
0.23208660 0.08632973
0.22548859 0.08577337
0.21895831 0.08520283
0.21249737 0.08461795
0.20610737 0.08401847
0.19978989 0.08340406
0.19354647 0.08277431
0.18737867 0.08212873
0.18128801 0.08146674
0.17527598 0.08078772
0.16934407 0.08009097
0.16349374 0.07937572
0.15772645 0.07864118
0.15204360 0.07788648
0.14644661 0.07711073
0.14093685 0.07631301
0.13551569 0.07549235
0.13018445 0.07464780
0.12494447 0.07377835
0.11979702 0.07288304
0.11474338 0.07196086
0.10978480 0.07101085
0.10492249 0.07003205
0.10015767 0.06902353
0.09549150 0.06798439
0.09092514 0.06691376
0.08645971 0.06581084
0.08209632 0.06467485
0.07783604 0.06350511
0.07367992 0.06230095
0.06962899 0.06106181
0.06568424 0.05978720
0.06184666 0.05847670
0.05811718 0.05712996
0.05449674 0.05574675
0.05098621 0.05432690
0.04758647 0.05287037
0.04429836 0.05137717
0.04112269 0.04984745
0.03806023 0.04828143
0.03511176 0.04667946
0.03227798 0.04504197
0.02955962 0.04336951
0.02695732 0.04166270
0.02447174 0.03992231
0.02210349 0.03814917
0.01985316 0.03634422
0.01772129 0.03450851
0.01570842 0.03264316
0.01381504 0.03074941
0.01204162 0.02882857
0.01038859 0.02688202
0.00885637 0.02491127
0.00744534 0.02291785
0.00615583 0.02090339
0.00498817 0.01886958
0.00394265 0.01681819
0.00301952 0.01475101
0.00221902 0.01266991
0.00154133 0.01057680
0.00098664 0.00847361
0.00055506 0.00636233
0.00024672 0.00424495
0.00006168 0.00212350
0.00000000 0.00000000
0.00006168 -0.00107230
0.00024672 -0.00214410
0.00055506 -0.00321489
0.00098664 -0.00428417
0.00154133 -0.00535143
0.00221902 -0.00641616
0.00301952 -0.00747784
0.00394265 -0.00853595
0.00498817 -0.00958997
0.00615583 -0.01063938
0.00744534 -0.01168364
0.00885637 -0.01272220
0.01038859 -0.01375453
0.01204162 -0.01478008
0.01381504 -0.01579828
0.01570842 -0.01680859
0.01772129 -0.01781043
0.01985316 -0.01880324
0.02210349 -0.01978645
0.02447174 -0.02075949
0.02695732 -0.02172178
0.02955962 -0.02267275
0.03227798 -0.02361183
0.03511176 -0.02453845
0.03806023 -0.02545206
0.04112269 -0.02635208
0.04429836 -0.02723798
0.04758647 -0.02810921
0.05098621 -0.02896524
0.05449674 -0.02980556
0.05811718 -0.03062966
0.06184666 -0.03143705
0.06568424 -0.03222727
0.06962899 -0.03299986
0.07367992 -0.03375439
0.07783604 -0.03449045
0.08209632 -0.03520765
0.08645971 -0.03590563
0.09092514 -0.03658404
0.09549150 -0.03724258
0.10015767 -0.03788094
0.10492249 -0.03849887
0.10978480 -0.03909613
0.11474338 -0.03967250
0.11979702 -0.04022780
0.12494447 -0.04076186
0.13018445 -0.04127456
0.13551569 -0.04176577
0.14093685 -0.04223541
0.14644661 -0.04268341
0.15204360 -0.04310971
0.15772645 -0.04351430
0.16349374 -0.04389715
0.16934407 -0.04425827
0.17527598 -0.04459767
0.18128801 -0.04491539
0.18737867 -0.04521145
0.19354647 -0.04548590
0.19978989 -0.04573879
0.20610737 -0.04597016
0.21249737 -0.04618007
0.21895831 -0.04636857
0.22548859 -0.04653569
0.23208660 -0.04668149
0.23875072 -0.04680598
0.24547929 -0.04690920
0.25227067 -0.04699114
0.25912316 -0.04705182
0.26603509 -0.04709121
0.27300475 -0.04710928
0.28003042 -0.04710600
0.28711035 -0.04708129
0.29424282 -0.04703508
0.30142605 -0.04696727
0.30865828 -0.04687777
0.31593772 -0.04676643
0.32326258 -0.04663313
0.33063104 -0.04647772
0.33804129 -0.04630003
0.34549150 -0.04609989
0.35297984 -0.04587713
0.36050445 -0.04563155
0.36806348 -0.04536298
0.37565506 -0.04507122
0.38327732 -0.04475610
0.39092838 -0.04441744
0.39860635 -0.04405508
0.40630934 -0.04366887
0.41403545 -0.04325867
0.42178277 -0.04282436
0.42954938 -0.04236588
0.43733338 -0.04188316
0.44513284 -0.04137617
0.45294584 -0.04084493
0.46077045 -0.04028950
0.46860474 -0.03970997
0.47644677 -0.03910649
0.48429462 -0.03847927
0.49214634 -0.03782856
0.50000000 -0.03715467
0.50785366 -0.03645798
0.51570538 -0.03573891
0.52355323 -0.03499798
0.53139526 -0.03423576
0.53922955 -0.03345288
0.54705416 -0.03265005
0.55486716 -0.03182804
0.56266662 -0.03098771
0.57045062 -0.03012997
0.57821723 -0.02925582
0.58596455 -0.02836630
0.59369066 -0.02746255
0.60139365 -0.02654574
0.60907162 -0.02561714
0.61672268 -0.02467804
0.62434494 -0.02372983
0.63193652 -0.02277391
0.63949555 -0.02181176
0.64702016 -0.02084488
0.65450850 -0.01987484
0.66195871 -0.01890321
0.66936896 -0.01793162
0.67673742 -0.01696169
0.68406228 -0.01599510
0.69134172 -0.01503349
0.69857395 -0.01407855
0.70575718 -0.01313195
0.71288965 -0.01219535
0.71996958 -0.01127039
0.72699525 -0.01035871
0.73396491 -0.00946190
0.74087684 -0.00858153
0.74772933 -0.00771912
0.75452071 -0.00687616
0.76124928 -0.00605406
0.76791340 -0.00525419
0.77451141 -0.00447786
0.78104169 -0.00372630
0.78750263 -0.00300066
0.79389263 -0.00230202
0.80021011 -0.00163138
0.80645353 -0.00098965
0.81262133 -0.00037763
0.81871199 0.00020395
0.82472402 0.00075447
0.83065593 0.00127341
0.83650626 0.00176034
0.84227355 0.00221496
0.84795640 0.00263704
0.85355339 0.00302647
0.85906315 0.00338326
0.86448431 0.00370750
0.86981555 0.00399939
0.87505553 0.00425924
0.88020298 0.00448745
0.88525662 0.00468452
0.89021520 0.00485105
0.89507751 0.00498772
0.89984233 0.00509532
0.90450850 0.00517471
0.90907486 0.00522682
0.91354029 0.00525268
0.91790368 0.00525338
0.92216396 0.00523008
0.92632008 0.00518399
0.93037101 0.00511639
0.93431576 0.00502861
0.93815334 0.00492202
0.94188282 0.00479803
0.94550326 0.00465808
0.94901379 0.00450366
0.95241353 0.00433625
0.95570164 0.00415736
0.95887731 0.00396852
0.96193977 0.00377124
0.96488824 0.00356706
0.96772202 0.00335748
0.97044038 0.00314400
0.97304268 0.00292811
0.97552826 0.00271126
0.97789651 0.00249489
0.98014684 0.00228038
0.98227871 0.00206908
0.98429158 0.00186230
0.98618496 0.00166130
0.98795838 0.00146729
0.98961141 0.00128140
0.99114363 0.00110473
0.99255466 0.00093830
0.99384417 0.00078304
0.99501183 0.00063985
0.99605735 0.00050953
0.99698048 0.00039280
0.99778098 0.00029030
0.99845867 0.00020261
0.99901336 0.00013020
0.99944494 0.00007347
0.99975328 0.00003273
0.99993832 0.00000819
1.00000000 -0.00000000
