sample_263
1.00000000 -0.00000000
0.99993832 0.00001375
0.99975328 0.00005503
0.99944494 0.00012389
0.99901336 0.00022040
0.99845867 0.00034469
0.99778098 0.00049690
0.99698048 0.00067720
0.99605735 0.00088580
0.99501183 0.00112291
0.99384417 0.00138878
0.99255466 0.00168368
0.99114363 0.00200787
0.98961141 0.00236164
0.98795838 0.00274527
0.98618496 0.00315905
0.98429158 0.00360327
0.98227871 0.00407819
0.98014684 0.00458409
0.97789651 0.00512119
0.97552826 0.00568973
0.97304268 0.00628990
0.97044038 0.00692184
0.96772202 0.00758568
0.96488824 0.00828151
0.96193977 0.00900935
0.95887731 0.00976919
0.95570164 0.01056096
0.95241353 0.01138453
0.94901379 0.01223972
0.94550326 0.01312627
0.94188282 0.01404388
0.93815334 0.01499215
0.93431576 0.01597064
0.93037101 0.01697883
0.92632008 0.01801612
0.92216396 0.01908187
0.91790368 0.02017532
0.91354029 0.02129568
0.90907486 0.02244209
0.90450850 0.02361359
0.89984233 0.02480919
0.89507751 0.02602781
0.89021520 0.02726833
0.88525662 0.02852956
0.88020298 0.02981026
0.87505553 0.03110912
0.86981555 0.03242482
0.86448431 0.03375596
0.85906315 0.03510112
0.85355339 0.03645884
0.84795640 0.03782764
0.84227355 0.03920599
0.83650626 0.04059236
0.83065593 0.04198520
0.82472402 0.04338294
0.81871199 0.04478402
0.81262133 0.04618687
0.80645353 0.04758991
0.80021011 0.04899158
0.79389263 0.05039034
0.78750263 0.05178464
0.78104169 0.05317298
0.77451141 0.05455386
0.76791340 0.05592581
0.76124928 0.05728741
0.75452071 0.05863724
0.74772933 0.05997395
0.74087684 0.06129619
0.73396491 0.06260269
0.72699525 0.06389220
0.71996958 0.06516351
0.71288965 0.06641545
0.70575718 0.06764693
0.69857395 0.06885686
0.69134172 0.07004423
0.68406228 0.07120807
0.67673742 0.07234743
0.66936896 0.07346143
0.66195871 0.07454925
0.65450850 0.07561007
0.64702016 0.07664316
0.63949555 0.07764780
0.63193652 0.07862333
0.62434494 0.07956913
0.61672268 0.08048459
0.60907162 0.08136918
0.60139365 0.08222238
0.59369066 0.08304371
0.58596455 0.08383272
0.57821723 0.08458899
0.57045062 0.08531215
0.56266662 0.08600183
0.55486716 0.08665771
0.54705416 0.08727949
0.53922955 0.08786688
0.53139526 0.08841965
0.52355323 0.08893755
0.51570538 0.08942039
0.50785366 0.08986799
0.50000000 0.09028018
0.49214634 0.09065682
0.48429462 0.09099781
0.47644677 0.09130304
0.46860474 0.09157245
0.46077045 0.09180597
0.45294584 0.09200359
0.44513284 0.09216529
0.43733338 0.09229109
0.42954938 0.09238103
0.42178277 0.09243517
0.41403545 0.09245359
0.40630934 0.09243641
0.39860635 0.09238375
0.39092838 0.09229579
0.38327732 0.09217270
0.37565506 0.09201470
0.36806348 0.09182202
0.36050445 0.09159493
0.35297984 0.09133372
0.34549150 0.09103871
0.33804129 0.09071023
0.33063104 0.09034866
0.32326258 0.08995440
0.31593772 0.08952786
0.30865828 0.08906948
0.30142605 0.08857974
0.29424282 0.08805912
0.28711035 0.08750813
0.28003042 0.08692731
0.27300475 0.08631720
0.26603509 0.08567837
0.25912316 0.08501139
0.25227067 0.08431687
0.24547929 0.08359540
0.23875072 0.08284760
0.23208660 0.08207409
0.22548859 0.08127550
0.21895831 0.08045245
0.21249737 0.07960558
0.20610737 0.07873552
0.19978989 0.07784288
0.19354647 0.07692828
0.18737867 0.07599235
0.18128801 0.07503566
0.17527598 0.07405883
0.16934407 0.07306241
0.16349374 0.07204697
0.15772645 0.07101306
0.15204360 0.06996119
0.14644661 0.06889187
0.14093685 0.06780559
0.13551569 0.06670280
0.13018445 0.06558396
0.12494447 0.06444948
0.11979702 0.06329976
0.11474338 0.06213517
0.10978480 0.06095607
0.10492249 0.05976278
0.10015767 0.05855562
0.09549150 0.05733487
0.09092514 0.05610082
0.08645971 0.05485370
0.08209632 0.05359376
0.07783604 0.05232122
0.07367992 0.05103629
0.06962899 0.04973916
0.06568424 0.04843003
0.06184666 0.04710907
0.05811718 0.04577646
0.05449674 0.04443237
0.05098621 0.04307698
0.04758647 0.04171046
0.04429836 0.04033297
0.04112269 0.03894472
0.03806023 0.03754587
0.03511176 0.03613664
0.03227798 0.03471723
0.02955962 0.03328786
0.02695732 0.03184878
0.02447174 0.03040023
0.02210349 0.02894249
0.01985316 0.02747584
0.01772129 0.02600060
0.01570842 0.02451709
0.01381504 0.02302565
0.01204162 0.02152667
0.01038859 0.02002052
0.00885637 0.01850762
0.00744534 0.01698840
0.00615583 0.01546331
0.00498817 0.01393281
0.00394265 0.01239739
0.00301952 0.01085756
0.00221902 0.00931383
0.00154133 0.00776673
0.00098664 0.00621680
0.00055506 0.00466460
0.00024672 0.00311069
0.00006168 0.00155563
0.00000000 0.00000000
0.00006168 -0.00133172
0.00024672 -0.00266114
0.00055506 -0.00398595
0.00098664 -0.00530388
0.00154133 -0.00661265
0.00221902 -0.00791004
0.00301952 -0.00919385
0.00394265 -0.01046193
0.00498817 -0.01171216
0.00615583 -0.01294249
0.00744534 -0.01415094
0.00885637 -0.01533559
0.01038859 -0.01649459
0.01204162 -0.01762618
0.01381504 -0.01872867
0.01570842 -0.01980048
0.01772129 -0.02084012
0.01985316 -0.02184620
0.02210349 -0.02281742
0.02447174 -0.02375262
0.02695732 -0.02465072
0.02955962 -0.02551078
0.03227798 -0.02633197
0.03511176 -0.02711358
0.03806023 -0.02785502
0.04112269 -0.02855583
0.04429836 -0.02921566
0.04758647 -0.02983432
0.05098621 -0.03041170
0.05449674 -0.03094785
0.05811718 -0.03144292
0.06184666 -0.03189720
0.06568424 -0.03231109
0.06962899 -0.03268511
0.07367992 -0.03301988
0.07783604 -0.03331615
0.08209632 -0.03357477
0.08645971 -0.03379668
0.09092514 -0.03398292
0.09549150 -0.03413463
0.10015767 -0.03425302
0.10492249 -0.03433939
0.10978480 -0.03439509
0.11474338 -0.03442156
0.11979702 -0.03442026
0.12494447 -0.03439274
0.13018445 -0.03434055
0.13551569 -0.03426529
0.14093685 -0.03416857
0.14644661 -0.03405204
0.15204360 -0.03391731
0.15772645 -0.03376603
0.16349374 -0.03359981
0.16934407 -0.03342025
0.17527598 -0.03322890
0.18128801 -0.03302730
0.18737867 -0.03281692
0.19354647 -0.03259919
0.19978989 -0.03237546
0.20610737 -0.03214703
0.21249737 -0.03191511
0.21895831 -0.03168084
0.22548859 -0.03144524
0.23208660 -0.03120928
0.23875072 -0.03097379
0.24547929 -0.03073954
0.25227067 -0.03050715
0.25912316 -0.03027716
0.26603509 -0.03004999
0.27300475 -0.02982596
0.28003042 -0.02960525
0.28711035 -0.02938796
0.29424282 -0.02917405
0.30142605 -0.02896340
0.30865828 -0.02875575
0.31593772 -0.02855077
0.32326258 -0.02834800
0.33063104 -0.02814691
0.33804129 -0.02794685
0.34549150 -0.02774713
0.35297984 -0.02754693
0.36050445 -0.02734541
0.36806348 -0.02714162
0.37565506 -0.02693459
0.38327732 -0.02672328
0.39092838 -0.02650663
0.39860635 -0.02628354
0.40630934 -0.02605290
0.41403545 -0.02581357
0.42178277 -0.02556443
0.42954938 -0.02530436
0.43733338 -0.02503227
0.44513284 -0.02474708
0.45294584 -0.02444775
0.46077045 -0.02413329
0.46860474 -0.02380278
0.47644677 -0.02345535
0.48429462 -0.02309020
0.49214634 -0.02270662
0.50000000 -0.02230396
0.50785366 -0.02188171
0.51570538 -0.02143941
0.52355323 -0.02097675
0.53139526 -0.02049349
0.53922955 -0.01998953
0.54705416 -0.01946487
0.55486716 -0.01891965
0.56266662 -0.01835410
0.57045062 -0.01776860
0.57821723 -0.01716364
0.58596455 -0.01653982
0.59369066 -0.01589788
0.60139365 -0.01523866
0.60907162 -0.01456313
0.61672268 -0.01387235
0.62434494 -0.01316750
0.63193652 -0.01244985
0.63949555 -0.01172077
0.64702016 -0.01098172
0.65450850 -0.01023423
0.66195871 -0.00947992
0.66936896 -0.00872046
0.67673742 -0.00795758
0.68406228 -0.00719305
0.69134172 -0.00642870
0.69857395 -0.00566637
0.70575718 -0.00490792
0.71288965 -0.00415522
0.71996958 -0.00341016
0.72699525 -0.00267459
0.73396491 -0.00195035
0.74087684 -0.00123928
0.74772933 -0.00054314
0.75452071 0.00013634
0.76124928 0.00079748
0.76791340 0.00143866
0.77451141 0.00205835
0.78104169 0.00265509
0.78750263 0.00322751
0.79389263 0.00377432
0.80021011 0.00429434
0.80645353 0.00478650
0.81262133 0.00524983
0.81871199 0.00568347
0.82472402 0.00608668
0.83065593 0.00645885
0.83650626 0.00679947
0.84227355 0.00710818
0.84795640 0.00738473
0.85355339 0.00762897
0.85906315 0.00784092
0.86448431 0.00802069
0.86981555 0.00816853
0.87505553 0.00828478
0.88020298 0.00836993
0.88525662 0.00842456
0.89021520 0.00844936
0.89507751 0.00844514
0.89984233 0.00841280
0.90450850 0.00835332
0.90907486 0.00826779
0.91354029 0.00815737
0.91790368 0.00802331
0.92216396 0.00786692
0.92632008 0.00768958
0.93037101 0.00749272
0.93431576 0.00727782
0.93815334 0.00704643
0.94188282 0.00680009
0.94550326 0.00654042
0.94901379 0.00626903
0.95241353 0.00598756
0.95570164 0.00569766
0.95887731 0.00540097
0.96193977 0.00509915
0.96488824 0.00479384
0.96772202 0.00448665
0.97044038 0.00417920
0.97304268 0.00387305
0.97552826 0.00356974
0.97789651 0.00327079
0.98014684 0.00297764
0.98227871 0.00269173
0.98429158 0.00241440
0.98618496 0.00214696
0.98795838 0.00189067
0.98961141 0.00164669
0.99114363 0.00141615
0.99255466 0.00120009
0.99384417 0.00099949
0.99501183 0.00081523
0.99605735 0.00064813
0.99698048 0.00049894
0.99778098 0.00036829
0.99845867 0.00025678
0.99901336 0.00016487
0.99944494 0.00009297
0.99975328 0.00004140
0.99993832 0.00001036
1.00000000 -0.00000000
