sample_1027
1.00000000 -0.00000000
0.99993832 0.00001522
0.99975328 0.00006087
0.99944494 0.00013690
0.99901336 0.00024326
0.99845867 0.00037985
0.99778098 0.00054655
0.99698048 0.00074324
0.99605735 0.00096974
0.99501183 0.00122588
0.99384417 0.00151145
0.99255466 0.00182622
0.99114363 0.00216996
0.98961141 0.00254240
0.98795838 0.00294327
0.98618496 0.00337228
0.98429158 0.00382915
0.98227871 0.00431355
0.98014684 0.00482518
0.97789651 0.00536371
0.97552826 0.00592881
0.97304268 0.00652016
0.97044038 0.00713742
0.96772202 0.00778026
0.96488824 0.00844836
0.96193977 0.00914138
0.95887731 0.00985901
0.95570164 0.01060093
0.95241353 0.01136682
0.94901379 0.01215638
0.94550326 0.01296931
0.94188282 0.01380532
0.93815334 0.01466413
0.93431576 0.01554547
0.93037101 0.01644905
0.92632008 0.01737462
0.92216396 0.01832193
0.91790368 0.01929072
0.91354029 0.02028073
0.90907486 0.02129173
0.90450850 0.02232348
0.89984233 0.02337571
0.89507751 0.02444818
0.89021520 0.02554065
0.88525662 0.02665284
0.88020298 0.02778448
0.87505553 0.02893530
0.86981555 0.03010498
0.86448431 0.03129323
0.85906315 0.03249970
0.85355339 0.03372404
0.84795640 0.03496586
0.84227355 0.03622475
0.83650626 0.03750027
0.83065593 0.03879195
0.82472402 0.04009928
0.81871199 0.04142171
0.81262133 0.04275865
0.80645353 0.04410947
0.80021011 0.04547349
0.79389263 0.04685000
0.78750263 0.04823822
0.78104169 0.04963734
0.77451141 0.05104648
0.76791340 0.05246473
0.76124928 0.05389112
0.75452071 0.05532462
0.74772933 0.05676415
0.74087684 0.05820860
0.73396491 0.05965677
0.72699525 0.06110745
0.71996958 0.06255936
0.71288965 0.06401118
0.70575718 0.06546153
0.69857395 0.06690900
0.69134172 0.06835214
0.68406228 0.06978946
0.67673742 0.07121944
0.66936896 0.07264050
0.66195871 0.07405108
0.65450850 0.07544956
0.64702016 0.07683430
0.63949555 0.07820366
0.63193652 0.07955599
0.62434494 0.08088961
0.61672268 0.08220286
0.60907162 0.08349406
0.60139365 0.08476157
0.59369066 0.08600372
0.58596455 0.08721890
0.57821723 0.08840547
0.57045062 0.08956187
0.56266662 0.09068654
0.55486716 0.09177795
0.54705416 0.09283463
0.53922955 0.09385514
0.53139526 0.09483811
0.52355323 0.09578219
0.51570538 0.09668612
0.50785366 0.09754867
0.50000000 0.09836871
0.49214634 0.09914514
0.48429462 0.09987695
0.47644677 0.10056321
0.46860474 0.10120306
0.46077045 0.10179569
0.45294584 0.10234041
0.44513284 0.10283659
0.43733338 0.10328369
0.42954938 0.10368123
0.42178277 0.10402884
0.41403545 0.10432622
0.40630934 0.10457315
0.39860635 0.10476949
0.39092838 0.10491519
0.38327732 0.10501028
0.37565506 0.10505485
0.36806348 0.10504909
0.36050445 0.10499324
0.35297984 0.10488763
0.34549150 0.10473264
0.33804129 0.10452873
0.33063104 0.10427642
0.32326258 0.10397630
0.31593772 0.10362898
0.30865828 0.10323516
0.30142605 0.10279556
0.29424282 0.10231098
0.28711035 0.10178222
0.28003042 0.10121014
0.27300475 0.10059563
0.26603509 0.09993961
0.25912316 0.09924301
0.25227067 0.09850680
0.24547929 0.09773195
0.23875072 0.09691946
0.23208660 0.09607033
0.22548859 0.09518556
0.21895831 0.09426616
0.21249737 0.09331314
0.20610737 0.09232749
0.19978989 0.09131021
0.19354647 0.09026229
0.18737867 0.08918470
0.18128801 0.08807838
0.17527598 0.08694428
0.16934407 0.08578331
0.16349374 0.08459637
0.15772645 0.08338433
0.15204360 0.08214804
0.14644661 0.08088831
0.14093685 0.07960596
0.13551569 0.07830173
0.13018445 0.07697638
0.12494447 0.07563062
0.11979702 0.07426513
0.11474338 0.07288057
0.10978480 0.07147757
0.10492249 0.07005674
0.10015767 0.06861865
0.09549150 0.06716385
0.09092514 0.06569288
0.08645971 0.06420624
0.08209632 0.06270441
0.07783604 0.06118786
0.07367992 0.05965703
0.06962899 0.05811235
0.06568424 0.05655424
0.06184666 0.05498308
0.05811718 0.05339927
0.05449674 0.05180318
0.05098621 0.05019518
0.04758647 0.04857562
0.04429836 0.04694485
0.04112269 0.04530322
0.03806023 0.04365108
0.03511176 0.04198876
0.03227798 0.04031662
0.02955962 0.03863499
0.02695732 0.03694422
0.02447174 0.03524465
0.02210349 0.03353665
0.01985316 0.03182058
0.01772129 0.03009678
0.01570842 0.02836565
0.01381504 0.02662755
0.01204162 0.02488287
0.01038859 0.02313200
0.00885637 0.02137535
0.00744534 0.01961332
0.00615583 0.01784633
0.00498817 0.01607481
0.00394265 0.01429918
0.00301952 0.01251988
0.00221902 0.01073736
0.00154133 0.00895206
0.00098664 0.00716444
0.00055506 0.00537497
0.00024672 0.00358409
0.00006168 0.00179228
0.00000000 0.00000000
0.00006168 -0.00054077
0.00024672 -0.00108140
0.00055506 -0.00162175
0.00098664 -0.00216166
0.00154133 -0.00270101
0.00221902 -0.00323965
0.00301952 -0.00377742
0.00394265 -0.00431419
0.00498817 -0.00484981
0.00615583 -0.00538413
0.00744534 -0.00591699
0.00885637 -0.00644824
0.01038859 -0.00697774
0.01204162 -0.00750531
0.01381504 -0.00803082
0.01570842 -0.00855410
0.01772129 -0.00907499
0.01985316 -0.00959333
0.02210349 -0.01010895
0.02447174 -0.01062171
0.02695732 -0.01113144
0.02955962 -0.01163797
0.03227798 -0.01214115
0.03511176 -0.01264082
0.03806023 -0.01313681
0.04112269 -0.01362898
0.04429836 -0.01411717
0.04758647 -0.01460122
0.05098621 -0.01508100
0.05449674 -0.01555634
0.05811718 -0.01602710
0.06184666 -0.01649316
0.06568424 -0.01695436
0.06962899 -0.01741057
0.07367992 -0.01786167
0.07783604 -0.01830752
0.08209632 -0.01874801
0.08645971 -0.01918301
0.09092514 -0.01961240
0.09549150 -0.02003606
0.10015767 -0.02045389
0.10492249 -0.02086575
0.10978480 -0.02127155
0.11474338 -0.02167117
0.11979702 -0.02206449
0.12494447 -0.02245139
0.13018445 -0.02283176
0.13551569 -0.02320546
0.14093685 -0.02357237
0.14644661 -0.02393234
0.15204360 -0.02428525
0.15772645 -0.02463092
0.16349374 -0.02496921
0.16934407 -0.02529993
0.17527598 -0.02562290
0.18128801 -0.02593792
0.18737867 -0.02624478
0.19354647 -0.02654324
0.19978989 -0.02683306
0.20610737 -0.02711397
0.21249737 -0.02738570
0.21895831 -0.02764795
0.22548859 -0.02790040
0.23208660 -0.02814270
0.23875072 -0.02837450
0.24547929 -0.02859543
0.25227067 -0.02880508
0.25912316 -0.02900305
0.26603509 -0.02918890
0.27300475 -0.02936217
0.28003042 -0.02952240
0.28711035 -0.02966911
0.29424282 -0.02980180
0.30142605 -0.02991997
0.30865828 -0.03002309
0.31593772 -0.03011063
0.32326258 -0.03018207
0.33063104 -0.03023686
0.33804129 -0.03027448
0.34549150 -0.03029439
0.35297984 -0.03029605
0.36050445 -0.03027895
0.36806348 -0.03024259
0.37565506 -0.03018645
0.38327732 -0.03011008
0.39092838 -0.03001302
0.39860635 -0.02989485
0.40630934 -0.02975515
0.41403545 -0.02959358
0.42178277 -0.02940980
0.42954938 -0.02920353
0.43733338 -0.02897452
0.44513284 -0.02872258
0.45294584 -0.02844756
0.46077045 -0.02814937
0.46860474 -0.02782796
0.47644677 -0.02748337
0.48429462 -0.02711568
0.49214634 -0.02672503
0.50000000 -0.02631164
0.50785366 -0.02587578
0.51570538 -0.02541780
0.52355323 -0.02493812
0.53139526 -0.02443722
0.53922955 -0.02391567
0.54705416 -0.02337408
0.55486716 -0.02281315
0.56266662 -0.02223365
0.57045062 -0.02163641
0.57821723 -0.02102233
0.58596455 -0.02039236
0.59369066 -0.01974753
0.60139365 -0.01908893
0.60907162 -0.01841769
0.61672268 -0.01773500
0.62434494 -0.01704210
0.63193652 -0.01634027
0.63949555 -0.01563084
0.64702016 -0.01491516
0.65450850 -0.01419464
0.66195871 -0.01347067
0.66936896 -0.01274471
0.67673742 -0.01201820
0.68406228 -0.01129261
0.69134172 -0.01056940
0.69857395 -0.00985005
0.70575718 -0.00913600
0.71288965 -0.00842872
0.71996958 -0.00772961
0.72699525 -0.00704010
0.73396491 -0.00636155
0.74087684 -0.00569530
0.74772933 -0.00504266
0.75452071 -0.00440487
0.76124928 -0.00378315
0.76791340 -0.00317863
0.77451141 -0.00259242
0.78104169 -0.00202553
0.78750263 -0.00147892
0.79389263 -0.00095349
0.80021011 -0.00045005
0.80645353 0.00003068
0.81262133 0.00048802
0.81871199 0.00092140
0.82472402 0.00133033
0.83065593 0.00171441
0.83650626 0.00207331
0.84227355 0.00240680
0.84795640 0.00271472
0.85355339 0.00299701
0.85906315 0.00325370
0.86448431 0.00348490
0.86981555 0.00369080
0.87505553 0.00387167
0.88020298 0.00402786
0.88525662 0.00415981
0.89021520 0.00426803
0.89507751 0.00435310
0.89984233 0.00441566
0.90450850 0.00445643
0.90907486 0.00447619
0.91354029 0.00447578
0.91790368 0.00445608
0.92216396 0.00441805
0.92632008 0.00436266
0.93037101 0.00429095
0.93431576 0.00420398
0.93815334 0.00410286
0.94188282 0.00398870
0.94550326 0.00386267
0.94901379 0.00372593
0.95241353 0.00357966
0.95570164 0.00342506
0.95887731 0.00326332
0.96193977 0.00309565
0.96488824 0.00292322
0.96772202 0.00274724
0.97044038 0.00256886
0.97304268 0.00238925
0.97552826 0.00220953
0.97789651 0.00203081
0.98014684 0.00185417
0.98227871 0.00168065
0.98429158 0.00151126
0.98618496 0.00134696
0.98795838 0.00118869
0.98961141 0.00103733
0.99114363 0.00089370
0.99255466 0.00075858
0.99384417 0.00063270
0.99501183 0.00051674
0.99605735 0.00041131
0.99698048 0.00031695
0.99778098 0.00023417
0.99845867 0.00016339
0.99901336 0.00010497
0.99944494 0.00005922
0.99975328 0.00002638
0.99993832 0.00000660
1.00000000 -0.00000000
