sample_885
1.00000000 -0.00000000
0.99993832 0.00001529
0.99975328 0.00006118
0.99944494 0.00013771
0.99901336 0.00024491
0.99845867 0.00038288
0.99778098 0.00055170
0.99698048 0.00075149
0.99605735 0.00098237
0.99501183 0.00124451
0.99384417 0.00153805
0.99255466 0.00186317
0.99114363 0.00222006
0.98961141 0.00260890
0.98795838 0.00302990
0.98618496 0.00348325
0.98429158 0.00396915
0.98227871 0.00448779
0.98014684 0.00503937
0.97789651 0.00562407
0.97552826 0.00624205
0.97304268 0.00689347
0.97044038 0.00757845
0.96772202 0.00829711
0.96488824 0.00904952
0.96193977 0.00983576
0.95887731 0.01065582
0.95570164 0.01150971
0.95241353 0.01239738
0.94901379 0.01331871
0.94550326 0.01427359
0.94188282 0.01526181
0.93815334 0.01628314
0.93431576 0.01733730
0.93037101 0.01842393
0.92632008 0.01954264
0.92216396 0.02069296
0.91790368 0.02187438
0.91354029 0.02308630
0.90907486 0.02432809
0.90450850 0.02559903
0.89984233 0.02689835
0.89507751 0.02822521
0.89021520 0.02957870
0.88525662 0.03095786
0.88020298 0.03236165
0.87505553 0.03378898
0.86981555 0.03523868
0.86448431 0.03670955
0.85906315 0.03820031
0.85355339 0.03970962
0.84795640 0.04123610
0.84227355 0.04277830
0.83650626 0.04433474
0.83065593 0.04590389
0.82472402 0.04748417
0.81871199 0.04907397
0.81262133 0.05067163
0.80645353 0.05227548
0.80021011 0.05388382
0.79389263 0.05549490
0.78750263 0.05710698
0.78104169 0.05871830
0.77451141 0.06032709
0.76791340 0.06193156
0.76124928 0.06352995
0.75452071 0.06512048
0.74772933 0.06670138
0.74087684 0.06827091
0.73396491 0.06982734
0.72699525 0.07136895
0.71996958 0.07289406
0.71288965 0.07440102
0.70575718 0.07588821
0.69857395 0.07735407
0.69134172 0.07879704
0.68406228 0.08021564
0.67673742 0.08160844
0.66936896 0.08297403
0.66195871 0.08431110
0.65450850 0.08561837
0.64702016 0.08689461
0.63949555 0.08813867
0.63193652 0.08934947
0.62434494 0.09052596
0.61672268 0.09166720
0.60907162 0.09277228
0.60139365 0.09384036
0.59369066 0.09487069
0.58596455 0.09586257
0.57821723 0.09681536
0.57045062 0.09772849
0.56266662 0.09860145
0.55486716 0.09943380
0.54705416 0.10022516
0.53922955 0.10097520
0.53139526 0.10168366
0.52355323 0.10235032
0.51570538 0.10297501
0.50785366 0.10355763
0.50000000 0.10409811
0.49214634 0.10459643
0.48429462 0.10505261
0.47644677 0.10546671
0.46860474 0.10583882
0.46077045 0.10616908
0.45294584 0.10645763
0.44513284 0.10670467
0.43733338 0.10691039
0.42954938 0.10707503
0.42178277 0.10719883
0.41403545 0.10728206
0.40630934 0.10732498
0.39860635 0.10732790
0.39092838 0.10729110
0.38327732 0.10721488
0.37565506 0.10709956
0.36806348 0.10694544
0.36050445 0.10675283
0.35297984 0.10652205
0.34549150 0.10625340
0.33804129 0.10594721
0.33063104 0.10560378
0.32326258 0.10522341
0.31593772 0.10480642
0.30865828 0.10435310
0.30142605 0.10386375
0.29424282 0.10333868
0.28711035 0.10277818
0.28003042 0.10218255
0.27300475 0.10155208
0.26603509 0.10088707
0.25912316 0.10018783
0.25227067 0.09945466
0.24547929 0.09868787
0.23875072 0.09788778
0.23208660 0.09705470
0.22548859 0.09618898
0.21895831 0.09529095
0.21249737 0.09436097
0.20610737 0.09339942
0.19978989 0.09240666
0.19354647 0.09138311
0.18737867 0.09032917
0.18128801 0.08924529
0.17527598 0.08813191
0.16934407 0.08698951
0.16349374 0.08581858
0.15772645 0.08461963
0.15204360 0.08339319
0.14644661 0.08213983
0.14093685 0.08086013
0.13551569 0.07955466
0.13018445 0.07822407
0.12494447 0.07686898
0.11979702 0.07549006
0.11474338 0.07408797
0.10978480 0.07266341
0.10492249 0.07121710
0.10015767 0.06974975
0.09549150 0.06826210
0.09092514 0.06675490
0.08645971 0.06522890
0.08209632 0.06368486
0.07783604 0.06212356
0.07367992 0.06054576
0.06962899 0.05895224
0.06568424 0.05734376
0.06184666 0.05572110
0.05811718 0.05408500
0.05449674 0.05243622
0.05098621 0.05077551
0.04758647 0.04910358
0.04429836 0.04742116
0.04112269 0.04572893
0.03806023 0.04402758
0.03511176 0.04231776
0.03227798 0.04060010
0.02955962 0.03887521
0.02695732 0.03714368
0.02447174 0.03540607
0.02210349 0.03366291
0.01985316 0.03191471
0.01772129 0.03016194
0.01570842 0.02840505
0.01381504 0.02664447
0.01204162 0.02488058
0.01038859 0.02311375
0.00885637 0.02134432
0.00744534 0.01957260
0.00615583 0.01779887
0.00498817 0.01602341
0.00394265 0.01424645
0.00301952 0.01246822
0.00221902 0.01068891
0.00154133 0.00890871
0.00098664 0.00712780
0.00055506 0.00534632
0.00024672 0.00356444
0.00006168 0.00178229
0.00000000 0.00000000
0.00006168 -0.00140584
0.00024672 -0.00281064
0.00055506 -0.00421335
0.00098664 -0.00561293
0.00154133 -0.00700834
0.00221902 -0.00839852
0.00301952 -0.00978245
0.00394265 -0.01115908
0.00498817 -0.01252736
0.00615583 -0.01388627
0.00744534 -0.01523476
0.00885637 -0.01657179
0.01038859 -0.01789635
0.01204162 -0.01920739
0.01381504 -0.02050389
0.01570842 -0.02178483
0.01772129 -0.02304920
0.01985316 -0.02429598
0.02210349 -0.02552418
0.02447174 -0.02673279
0.02695732 -0.02792083
0.02955962 -0.02908734
0.03227798 -0.03023133
0.03511176 -0.03135187
0.03806023 -0.03244801
0.04112269 -0.03351883
0.04429836 -0.03456342
0.04758647 -0.03558091
0.05098621 -0.03657043
0.05449674 -0.03753112
0.05811718 -0.03846218
0.06184666 -0.03936280
0.06568424 -0.04023221
0.06962899 -0.04106969
0.07367992 -0.04187451
0.07783604 -0.04264600
0.08209632 -0.04338352
0.08645971 -0.04408645
0.09092514 -0.04475425
0.09549150 -0.04538636
0.10015767 -0.04598230
0.10492249 -0.04654163
0.10978480 -0.04706393
0.11474338 -0.04754886
0.11979702 -0.04799610
0.12494447 -0.04840538
0.13018445 -0.04877650
0.13551569 -0.04910927
0.14093685 -0.04940359
0.14644661 -0.04965939
0.15204360 -0.04987667
0.15772645 -0.05005545
0.16349374 -0.05019583
0.16934407 -0.05029796
0.17527598 -0.05036204
0.18128801 -0.05038830
0.18737867 -0.05037707
0.19354647 -0.05032868
0.19978989 -0.05024354
0.20610737 -0.05012212
0.21249737 -0.04996491
0.21895831 -0.04977246
0.22548859 -0.04954538
0.23208660 -0.04928431
0.23875072 -0.04898994
0.24547929 -0.04866300
0.25227067 -0.04830426
0.25912316 -0.04791453
0.26603509 -0.04749465
0.27300475 -0.04704552
0.28003042 -0.04656803
0.28711035 -0.04606313
0.29424282 -0.04553179
0.30142605 -0.04497500
0.30865828 -0.04439378
0.31593772 -0.04378916
0.32326258 -0.04316220
0.33063104 -0.04251397
0.33804129 -0.04184554
0.34549150 -0.04115800
0.35297984 -0.04045245
0.36050445 -0.03972998
0.36806348 -0.03899171
0.37565506 -0.03823872
0.38327732 -0.03747213
0.39092838 -0.03669302
0.39860635 -0.03590247
0.40630934 -0.03510157
0.41403545 -0.03429138
0.42178277 -0.03347296
0.42954938 -0.03264733
0.43733338 -0.03181553
0.44513284 -0.03097855
0.45294584 -0.03013738
0.46077045 -0.02929299
0.46860474 -0.02844631
0.47644677 -0.02759827
0.48429462 -0.02674975
0.49214634 -0.02590165
0.50000000 -0.02505480
0.50785366 -0.02421002
0.51570538 -0.02336813
0.52355323 -0.02252989
0.53139526 -0.02169605
0.53922955 -0.02086734
0.54705416 -0.02004446
0.55486716 -0.01922808
0.56266662 -0.01841886
0.57045062 -0.01761742
0.57821723 -0.01682437
0.58596455 -0.01604030
0.59369066 -0.01526577
0.60139365 -0.01450132
0.60907162 -0.01374746
0.61672268 -0.01300471
0.62434494 -0.01227354
0.63193652 -0.01155443
0.63949555 -0.01084781
0.64702016 -0.01015412
0.65450850 -0.00947378
0.66195871 -0.00880717
0.66936896 -0.00815470
0.67673742 -0.00751673
0.68406228 -0.00689360
0.69134172 -0.00628568
0.69857395 -0.00569328
0.70575718 -0.00511672
0.71288965 -0.00455629
0.71996958 -0.00401230
0.72699525 -0.00348500
0.73396491 -0.00297466
0.74087684 -0.00248153
0.74772933 -0.00200583
0.75452071 -0.00154778
0.76124928 -0.00110758
0.76791340 -0.00068540
0.77451141 -0.00028142
0.78104169 0.00010423
0.78750263 0.00047143
0.79389263 0.00082005
0.80021011 0.00115004
0.80645353 0.00146131
0.81262133 0.00175385
0.81871199 0.00202763
0.82472402 0.00228268
0.83065593 0.00251903
0.83650626 0.00273677
0.84227355 0.00293598
0.84795640 0.00311680
0.85355339 0.00327940
0.85906315 0.00342397
0.86448431 0.00355073
0.86981555 0.00365995
0.87505553 0.00375192
0.88020298 0.00382698
0.88525662 0.00388548
0.89021520 0.00392784
0.89507751 0.00395448
0.89984233 0.00396587
0.90450850 0.00396251
0.90907486 0.00394496
0.91354029 0.00391376
0.91790368 0.00386954
0.92216396 0.00381292
0.92632008 0.00374457
0.93037101 0.00366518
0.93431576 0.00357546
0.93815334 0.00347617
0.94188282 0.00336806
0.94550326 0.00325193
0.94901379 0.00312858
0.95241353 0.00299883
0.95570164 0.00286352
0.95887731 0.00272349
0.96193977 0.00257960
0.96488824 0.00243269
0.96772202 0.00228364
0.97044038 0.00213329
0.97304268 0.00198250
0.97552826 0.00183210
0.97789651 0.00168294
0.98014684 0.00153583
0.98227871 0.00139157
0.98429158 0.00125094
0.98618496 0.00111468
0.98795838 0.00098353
0.98961141 0.00085818
0.99114363 0.00073929
0.99255466 0.00062748
0.99384417 0.00052335
0.99501183 0.00042742
0.99605735 0.00034022
0.99698048 0.00026217
0.99778098 0.00019370
0.99845867 0.00013515
0.99901336 0.00008683
0.99944494 0.00004899
0.99975328 0.00002182
0.99993832 0.00000546
1.00000000 -0.00000000
