sample_889
1.00000000 -0.00000000
0.99993832 0.00001206
0.99975328 0.00004825
0.99944494 0.00010866
0.99901336 0.00019340
0.99845867 0.00030265
0.99778098 0.00043661
0.99698048 0.00059554
0.99605735 0.00077975
0.99501183 0.00098955
0.99384417 0.00122533
0.99255466 0.00148749
0.99114363 0.00177644
0.98961141 0.00209264
0.98795838 0.00243655
0.98618496 0.00280864
0.98429158 0.00320941
0.98227871 0.00363933
0.98014684 0.00409889
0.97789651 0.00458855
0.97552826 0.00510878
0.97304268 0.00566001
0.97044038 0.00624266
0.96772202 0.00685709
0.96488824 0.00750366
0.96193977 0.00818265
0.95887731 0.00889433
0.95570164 0.00963889
0.95241353 0.01041647
0.94901379 0.01122715
0.94550326 0.01207096
0.94188282 0.01294784
0.93815334 0.01385766
0.93431576 0.01480022
0.93037101 0.01577526
0.92632008 0.01678242
0.92216396 0.01782126
0.91790368 0.01889127
0.91354029 0.01999185
0.90907486 0.02112233
0.90450850 0.02228193
0.89984233 0.02346982
0.89507751 0.02468509
0.89021520 0.02592672
0.88525662 0.02719366
0.88020298 0.02848474
0.87505553 0.02979876
0.86981555 0.03113444
0.86448431 0.03249042
0.85906315 0.03386531
0.85355339 0.03525764
0.84795640 0.03666592
0.84227355 0.03808858
0.83650626 0.03952403
0.83065593 0.04097066
0.82472402 0.04242679
0.81871199 0.04389075
0.81262133 0.04536085
0.80645353 0.04683536
0.80021011 0.04831257
0.79389263 0.04979077
0.78750263 0.05126822
0.78104169 0.05274322
0.77451141 0.05421407
0.76791340 0.05567909
0.76124928 0.05713662
0.75452071 0.05858504
0.74772933 0.06002274
0.74087684 0.06144817
0.73396491 0.06285979
0.72699525 0.06425612
0.71996958 0.06563573
0.71288965 0.06699722
0.70575718 0.06833926
0.69857395 0.06966054
0.69134172 0.07095984
0.68406228 0.07223597
0.67673742 0.07348779
0.66936896 0.07471425
0.66195871 0.07591432
0.65450850 0.07708704
0.64702016 0.07823149
0.63949555 0.07934684
0.63193652 0.08043228
0.62434494 0.08148705
0.61672268 0.08251047
0.60907162 0.08350189
0.60139365 0.08446070
0.59369066 0.08538634
0.58596455 0.08627830
0.57821723 0.08713610
0.57045062 0.08795931
0.56266662 0.08874753
0.55486716 0.08950038
0.54705416 0.09021753
0.53922955 0.09089866
0.53139526 0.09154349
0.52355323 0.09215176
0.51570538 0.09272323
0.50785366 0.09325767
0.50000000 0.09375487
0.49214634 0.09421465
0.48429462 0.09463683
0.47644677 0.09502125
0.46860474 0.09536774
0.46077045 0.09567616
0.45294584 0.09594638
0.44513284 0.09617827
0.43733338 0.09637171
0.42954938 0.09652658
0.42178277 0.09664278
0.41403545 0.09672021
0.40630934 0.09675878
0.39860635 0.09675841
0.39092838 0.09671903
0.38327732 0.09664059
0.37565506 0.09652303
0.36806348 0.09636633
0.36050445 0.09617046
0.35297984 0.09593543
0.34549150 0.09566125
0.33804129 0.09534797
0.33063104 0.09499564
0.32326258 0.09460435
0.31593772 0.09417422
0.30865828 0.09370539
0.30142605 0.09319803
0.29424282 0.09265234
0.28711035 0.09206858
0.28003042 0.09144701
0.27300475 0.09078795
0.26603509 0.09009175
0.25912316 0.08935881
0.25227067 0.08858958
0.24547929 0.08778452
0.23875072 0.08694417
0.23208660 0.08606909
0.22548859 0.08515990
0.21895831 0.08421727
0.21249737 0.08324189
0.20610737 0.08223452
0.19978989 0.08119596
0.19354647 0.08012704
0.18737867 0.07902864
0.18128801 0.07790169
0.17527598 0.07674715
0.16934407 0.07556601
0.16349374 0.07435931
0.15772645 0.07312812
0.15204360 0.07187353
0.14644661 0.07059666
0.14093685 0.06929866
0.13551569 0.06798070
0.13018445 0.06664397
0.12494447 0.06528966
0.11979702 0.06391898
0.11474338 0.06253315
0.10978480 0.06113338
0.10492249 0.05972089
0.10015767 0.05829688
0.09549150 0.05686256
0.09092514 0.05541911
0.08645971 0.05396770
0.08209632 0.05250946
0.07783604 0.05104552
0.07367992 0.04957695
0.06962899 0.04810482
0.06568424 0.04663014
0.06184666 0.04515388
0.05811718 0.04367696
0.05449674 0.04220028
0.05098621 0.04072465
0.04758647 0.03925086
0.04429836 0.03777962
0.04112269 0.03631161
0.03806023 0.03484742
0.03511176 0.03338759
0.03227798 0.03193261
0.02955962 0.03048290
0.02695732 0.02903880
0.02447174 0.02760061
0.02210349 0.02616855
0.01985316 0.02474278
0.01772129 0.02332340
0.01570842 0.02191045
0.01381504 0.02050390
0.01204162 0.01910367
0.01038859 0.01770963
0.00885637 0.01632157
0.00744534 0.01493925
0.00615583 0.01356237
0.00498817 0.01219060
0.00394265 0.01082355
0.00301952 0.00946080
0.00221902 0.00810189
0.00154133 0.00674633
0.00098664 0.00539360
0.00055506 0.00404317
0.00024672 0.00269447
0.00006168 0.00134694
0.00000000 0.00000000
0.00006168 -0.00127249
0.00024672 -0.00254261
0.00055506 -0.00380800
0.00098664 -0.00506635
0.00154133 -0.00631533
0.00221902 -0.00755271
0.00301952 -0.00877628
0.00394265 -0.00998390
0.00498817 -0.01117352
0.00615583 -0.01234315
0.00744534 -0.01349093
0.00885637 -0.01461505
0.01038859 -0.01571386
0.01204162 -0.01678578
0.01381504 -0.01782940
0.01570842 -0.01884339
0.01772129 -0.01982658
0.01985316 -0.02077793
0.02210349 -0.02169653
0.02447174 -0.02258162
0.02695732 -0.02343258
0.02955962 -0.02424893
0.03227798 -0.02503032
0.03511176 -0.02577656
0.03806023 -0.02648759
0.04112269 -0.02716347
0.04429836 -0.02780442
0.04758647 -0.02841075
0.05098621 -0.02898292
0.05449674 -0.02952150
0.05811718 -0.03002715
0.06184666 -0.03050064
0.06568424 -0.03094286
0.06962899 -0.03135473
0.07367992 -0.03173730
0.07783604 -0.03209165
0.08209632 -0.03241894
0.08645971 -0.03272037
0.09092514 -0.03299717
0.09549150 -0.03325062
0.10015767 -0.03348200
0.10492249 -0.03369260
0.10978480 -0.03388372
0.11474338 -0.03405665
0.11979702 -0.03421265
0.12494447 -0.03435297
0.13018445 -0.03447881
0.13551569 -0.03459132
0.14093685 -0.03469160
0.14644661 -0.03478072
0.15204360 -0.03485964
0.15772645 -0.03492928
0.16349374 -0.03499047
0.16934407 -0.03504396
0.17527598 -0.03509040
0.18128801 -0.03513038
0.18737867 -0.03516437
0.19354647 -0.03519277
0.19978989 -0.03521587
0.20610737 -0.03523386
0.21249737 -0.03524684
0.21895831 -0.03525484
0.22548859 -0.03525775
0.23208660 -0.03525542
0.23875072 -0.03524758
0.24547929 -0.03523390
0.25227067 -0.03521394
0.25912316 -0.03518722
0.26603509 -0.03515318
0.27300475 -0.03511119
0.28003042 -0.03506058
0.28711035 -0.03500062
0.29424282 -0.03493054
0.30142605 -0.03484954
0.30865828 -0.03475680
0.31593772 -0.03465145
0.32326258 -0.03453265
0.33063104 -0.03439953
0.33804129 -0.03425123
0.34549150 -0.03408692
0.35297984 -0.03390576
0.36050445 -0.03370697
0.36806348 -0.03348977
0.37565506 -0.03325346
0.38327732 -0.03299737
0.39092838 -0.03272089
0.39860635 -0.03242346
0.40630934 -0.03210461
0.41403545 -0.03176392
0.42178277 -0.03140107
0.42954938 -0.03101581
0.43733338 -0.03060797
0.44513284 -0.03017748
0.45294584 -0.02972435
0.46077045 -0.02924869
0.46860474 -0.02875070
0.47644677 -0.02823068
0.48429462 -0.02768902
0.49214634 -0.02712621
0.50000000 -0.02654282
0.50785366 -0.02593952
0.51570538 -0.02531708
0.52355323 -0.02467634
0.53139526 -0.02401822
0.53922955 -0.02334373
0.54705416 -0.02265396
0.55486716 -0.02195006
0.56266662 -0.02123324
0.57045062 -0.02050479
0.57821723 -0.01976602
0.58596455 -0.01901833
0.59369066 -0.01826314
0.60139365 -0.01750189
0.60907162 -0.01673608
0.61672268 -0.01596721
0.62434494 -0.01519680
0.63193652 -0.01442638
0.63949555 -0.01365749
0.64702016 -0.01289164
0.65450850 -0.01213036
0.66195871 -0.01137514
0.66936896 -0.01062746
0.67673742 -0.00988874
0.68406228 -0.00916040
0.69134172 -0.00844379
0.69857395 -0.00774023
0.70575718 -0.00705098
0.71288965 -0.00637723
0.71996958 -0.00572013
0.72699525 -0.00508076
0.73396491 -0.00446011
0.74087684 -0.00385911
0.74772933 -0.00327863
0.75452071 -0.00271944
0.76124928 -0.00218223
0.76791340 -0.00166763
0.77451141 -0.00117616
0.78104169 -0.00070829
0.78750263 -0.00026437
0.79389263 0.00015530
0.80021011 0.00055054
0.80645353 0.00092120
0.81262133 0.00126726
0.81871199 0.00158876
0.82472402 0.00188580
0.83065593 0.00215857
0.83650626 0.00240735
0.84227355 0.00263245
0.84795640 0.00283427
0.85355339 0.00301327
0.85906315 0.00316997
0.86448431 0.00330494
0.86981555 0.00341880
0.87505553 0.00351224
0.88020298 0.00358596
0.88525662 0.00364072
0.89021520 0.00367731
0.89507751 0.00369657
0.89984233 0.00369934
0.90450850 0.00368650
0.90907486 0.00365894
0.91354029 0.00361759
0.91790368 0.00356335
0.92216396 0.00349718
0.92632008 0.00342000
0.93037101 0.00333275
0.93431576 0.00323638
0.93815334 0.00313181
0.94188282 0.00301998
0.94550326 0.00290179
0.94901379 0.00277816
0.95241353 0.00264995
0.95570164 0.00251805
0.95887731 0.00238330
0.96193977 0.00224652
0.96488824 0.00210852
0.96772202 0.00197007
0.97044038 0.00183193
0.97304268 0.00169481
0.97552826 0.00155941
0.97789651 0.00142640
0.98014684 0.00129639
0.98227871 0.00117001
0.98429158 0.00104780
0.98618496 0.00093032
0.98795838 0.00081807
0.98961141 0.00071152
0.99114363 0.00061111
0.99255466 0.00051724
0.99384417 0.00043029
0.99501183 0.00035060
0.99605735 0.00027848
0.99698048 0.00021419
0.99778098 0.00015799
0.99845867 0.00011008
0.99901336 0.00007065
0.99944494 0.00003982
0.99975328 0.00001773
0.99993832 0.00000444
1.00000000 -0.00000000
