sample_1090
1.00000000 -0.00000000
0.99993832 0.00001355
0.99975328 0.00005422
0.99944494 0.00012201
0.99901336 0.00021693
0.99845867 0.00033901
0.99778098 0.00048827
0.99698048 0.00066475
0.99605735 0.00086847
0.99501183 0.00109948
0.99384417 0.00135782
0.99255466 0.00164355
0.99114363 0.00195672
0.98961141 0.00229738
0.98795838 0.00266560
0.98618496 0.00306144
0.98429158 0.00348497
0.98227871 0.00393624
0.98014684 0.00441533
0.97789651 0.00492230
0.97552826 0.00545723
0.97304268 0.00602016
0.97044038 0.00661116
0.96772202 0.00723029
0.96488824 0.00787761
0.96193977 0.00855314
0.95887731 0.00925694
0.95570164 0.00998903
0.95241353 0.01074943
0.94901379 0.01153815
0.94550326 0.01235518
0.94188282 0.01320049
0.93815334 0.01407406
0.93431576 0.01497583
0.93037101 0.01590571
0.92632008 0.01686361
0.92216396 0.01784942
0.91790368 0.01886298
0.91354029 0.01990412
0.90907486 0.02097263
0.90450850 0.02206829
0.89984233 0.02319082
0.89507751 0.02433992
0.89021520 0.02551526
0.88525662 0.02671644
0.88020298 0.02794305
0.87505553 0.02919463
0.86981555 0.03047067
0.86448431 0.03177062
0.85906315 0.03309387
0.85355339 0.03443978
0.84795640 0.03580764
0.84227355 0.03719671
0.83650626 0.03860618
0.83065593 0.04003520
0.82472402 0.04148283
0.81871199 0.04294813
0.81262133 0.04443007
0.80645353 0.04592756
0.80021011 0.04743947
0.79389263 0.04896462
0.78750263 0.05050175
0.78104169 0.05204957
0.77451141 0.05360671
0.76791340 0.05517178
0.76124928 0.05674331
0.75452071 0.05831979
0.74772933 0.05989968
0.74087684 0.06148136
0.73396491 0.06306318
0.72699525 0.06464347
0.71996958 0.06622050
0.71288965 0.06779250
0.70575718 0.06935767
0.69857395 0.07091421
0.69134172 0.07246026
0.68406228 0.07399394
0.67673742 0.07551338
0.66936896 0.07701668
0.66195871 0.07850193
0.65450850 0.07996721
0.64702016 0.08141061
0.63949555 0.08283024
0.63193652 0.08422419
0.62434494 0.08559057
0.61672268 0.08692754
0.60907162 0.08823325
0.60139365 0.08950590
0.59369066 0.09074371
0.58596455 0.09194496
0.57821723 0.09310795
0.57045062 0.09423104
0.56266662 0.09531267
0.55486716 0.09635129
0.54705416 0.09734544
0.53922955 0.09829374
0.53139526 0.09919486
0.52355323 0.10004754
0.51570538 0.10085063
0.50785366 0.10160303
0.50000000 0.10230373
0.49214634 0.10295184
0.48429462 0.10354651
0.47644677 0.10408703
0.46860474 0.10457275
0.46077045 0.10500313
0.45294584 0.10537773
0.44513284 0.10569620
0.43733338 0.10595830
0.42954938 0.10616388
0.42178277 0.10631289
0.41403545 0.10640537
0.40630934 0.10644147
0.39860635 0.10642142
0.39092838 0.10634557
0.38327732 0.10621434
0.37565506 0.10602823
0.36806348 0.10578786
0.36050445 0.10549391
0.35297984 0.10514713
0.34549150 0.10474839
0.33804129 0.10429858
0.33063104 0.10379869
0.32326258 0.10324977
0.31593772 0.10265294
0.30865828 0.10200936
0.30142605 0.10132024
0.29424282 0.10058684
0.28711035 0.09981047
0.28003042 0.09899248
0.27300475 0.09813422
0.26603509 0.09723710
0.25912316 0.09630253
0.25227067 0.09533195
0.24547929 0.09432680
0.23875072 0.09328852
0.23208660 0.09221857
0.22548859 0.09111840
0.21895831 0.08998943
0.21249737 0.08883309
0.20610737 0.08765079
0.19978989 0.08644392
0.19354647 0.08521383
0.18737867 0.08396185
0.18128801 0.08268928
0.17527598 0.08139738
0.16934407 0.08008739
0.16349374 0.07876048
0.15772645 0.07741779
0.15204360 0.07606043
0.14644661 0.07468944
0.14093685 0.07330582
0.13551569 0.07191054
0.13018445 0.07050450
0.12494447 0.06908854
0.11979702 0.06766349
0.11474338 0.06623008
0.10978480 0.06478903
0.10492249 0.06334100
0.10015767 0.06188659
0.09549150 0.06042636
0.09092514 0.05896083
0.08645971 0.05749048
0.08209632 0.05601573
0.07783604 0.05453696
0.07367992 0.05305454
0.06962899 0.05156878
0.06568424 0.05007995
0.06184666 0.04858829
0.05811718 0.04709404
0.05449674 0.04559738
0.05098621 0.04409847
0.04758647 0.04259747
0.04429836 0.04109448
0.04112269 0.03958962
0.03806023 0.03808298
0.03511176 0.03657463
0.03227798 0.03506465
0.02955962 0.03355308
0.02695732 0.03203998
0.02447174 0.03052540
0.02210349 0.02900938
0.01985316 0.02749195
0.01772129 0.02597316
0.01570842 0.02445306
0.01381504 0.02293167
0.01204162 0.02140905
0.01038859 0.01988526
0.00885637 0.01836033
0.00744534 0.01683434
0.00615583 0.01530735
0.00498817 0.01377942
0.00394265 0.01225064
0.00301952 0.01072107
0.00221902 0.00919082
0.00154133 0.00765996
0.00098664 0.00612859
0.00055506 0.00459680
0.00024672 0.00306471
0.00006168 0.00153241
0.00000000 0.00000000
0.00006168 -0.00038538
0.00024672 -0.00077127
0.00055506 -0.00115818
0.00098664 -0.00154662
0.00154133 -0.00193707
0.00221902 -0.00233002
0.00301952 -0.00272593
0.00394265 -0.00312525
0.00498817 -0.00352841
0.00615583 -0.00393580
0.00744534 -0.00434780
0.00885637 -0.00476476
0.01038859 -0.00518698
0.01204162 -0.00561475
0.01381504 -0.00604832
0.01570842 -0.00648788
0.01772129 -0.00693361
0.01985316 -0.00738563
0.02210349 -0.00784402
0.02447174 -0.00830882
0.02695732 -0.00878003
0.02955962 -0.00925759
0.03227798 -0.00974142
0.03511176 -0.01023136
0.03806023 -0.01072723
0.04112269 -0.01122879
0.04429836 -0.01173576
0.04758647 -0.01224782
0.05098621 -0.01276459
0.05449674 -0.01328567
0.05811718 -0.01381058
0.06184666 -0.01433884
0.06568424 -0.01486990
0.06962899 -0.01540318
0.07367992 -0.01593807
0.07783604 -0.01647392
0.08209632 -0.01701004
0.08645971 -0.01754573
0.09092514 -0.01808024
0.09549150 -0.01861280
0.10015767 -0.01914261
0.10492249 -0.01966887
0.10978480 -0.02019075
0.11474338 -0.02070739
0.11979702 -0.02121794
0.12494447 -0.02172152
0.13018445 -0.02221726
0.13551569 -0.02270427
0.14093685 -0.02318167
0.14644661 -0.02364856
0.15204360 -0.02410408
0.15772645 -0.02454735
0.16349374 -0.02497749
0.16934407 -0.02539366
0.17527598 -0.02579502
0.18128801 -0.02618074
0.18737867 -0.02655001
0.19354647 -0.02690206
0.19978989 -0.02723612
0.20610737 -0.02755146
0.21249737 -0.02784737
0.21895831 -0.02812318
0.22548859 -0.02837825
0.23208660 -0.02861196
0.23875072 -0.02882373
0.24547929 -0.02901303
0.25227067 -0.02917935
0.25912316 -0.02932223
0.26603509 -0.02944125
0.27300475 -0.02953602
0.28003042 -0.02960622
0.28711035 -0.02965153
0.29424282 -0.02967171
0.30142605 -0.02966655
0.30865828 -0.02963588
0.31593772 -0.02957960
0.32326258 -0.02949761
0.33063104 -0.02938990
0.33804129 -0.02925648
0.34549150 -0.02909742
0.35297984 -0.02891282
0.36050445 -0.02870283
0.36806348 -0.02846766
0.37565506 -0.02820754
0.38327732 -0.02792277
0.39092838 -0.02761367
0.39860635 -0.02728062
0.40630934 -0.02692402
0.41403545 -0.02654434
0.42178277 -0.02614208
0.42954938 -0.02571776
0.43733338 -0.02527197
0.44513284 -0.02480533
0.45294584 -0.02431847
0.46077045 -0.02381209
0.46860474 -0.02328692
0.47644677 -0.02274370
0.48429462 -0.02218323
0.49214634 -0.02160632
0.50000000 -0.02101383
0.50785366 -0.02040663
0.51570538 -0.01978564
0.52355323 -0.01915177
0.53139526 -0.01850600
0.53922955 -0.01784929
0.54705416 -0.01718264
0.55486716 -0.01650709
0.56266662 -0.01582366
0.57045062 -0.01513341
0.57821723 -0.01443741
0.58596455 -0.01373674
0.59369066 -0.01303249
0.60139365 -0.01232576
0.60907162 -0.01161765
0.61672268 -0.01090929
0.62434494 -0.01020178
0.63193652 -0.00949624
0.63949555 -0.00879378
0.64702016 -0.00809551
0.65450850 -0.00740253
0.66195871 -0.00671593
0.66936896 -0.00603680
0.67673742 -0.00536620
0.68406228 -0.00470520
0.69134172 -0.00405481
0.69857395 -0.00341606
0.70575718 -0.00278993
0.71288965 -0.00217739
0.71996958 -0.00157938
0.72699525 -0.00099680
0.73396491 -0.00043052
0.74087684 0.00011862
0.74772933 0.00064982
0.75452071 0.00116233
0.76124928 0.00165543
0.76791340 0.00212844
0.77451141 0.00258075
0.78104169 0.00301178
0.78750263 0.00342100
0.79389263 0.00380794
0.80021011 0.00417219
0.80645353 0.00451338
0.81262133 0.00483121
0.81871199 0.00512544
0.82472402 0.00539587
0.83065593 0.00564240
0.83650626 0.00586494
0.84227355 0.00606351
0.84795640 0.00623816
0.85355339 0.00638902
0.85906315 0.00651629
0.86448431 0.00662020
0.86981555 0.00670109
0.87505553 0.00675932
0.88020298 0.00679534
0.88525662 0.00680964
0.89021520 0.00680278
0.89507751 0.00677538
0.89984233 0.00672812
0.90450850 0.00666171
0.90907486 0.00657693
0.91354029 0.00647463
0.91790368 0.00635566
0.92216396 0.00622096
0.92632008 0.00607149
0.93037101 0.00590825
0.93431576 0.00573227
0.93815334 0.00554464
0.94188282 0.00534644
0.94550326 0.00513880
0.94901379 0.00492287
0.95241353 0.00469981
0.95570164 0.00447079
0.95887731 0.00423701
0.96193977 0.00399965
0.96488824 0.00375990
0.96772202 0.00351895
0.97044038 0.00327799
0.97304268 0.00303818
0.97552826 0.00280068
0.97789651 0.00256661
0.98014684 0.00233708
0.98227871 0.00211318
0.98429158 0.00189595
0.98618496 0.00168639
0.98795838 0.00148549
0.98961141 0.00129416
0.99114363 0.00111328
0.99255466 0.00094369
0.99384417 0.00078615
0.99501183 0.00064137
0.99605735 0.00051003
0.99698048 0.00039270
0.99778098 0.00028993
0.99845867 0.00020218
0.99901336 0.00012983
0.99944494 0.00007322
0.99975328 0.00003260
0.99993832 0.00000816
1.00000000 -0.00000000
