sample_852
1.00000000 -0.00000000
0.99993832 0.00001176
0.99975328 0.00004706
0.99944494 0.00010593
0.99901336 0.00018846
0.99845867 0.00029475
0.99778098 0.00042492
0.99698048 0.00057913
0.99605735 0.00075756
0.99501183 0.00096043
0.99384417 0.00118796
0.99255466 0.00144041
0.99114363 0.00171805
0.98961141 0.00202118
0.98795838 0.00235012
0.98618496 0.00270518
0.98429158 0.00308671
0.98227871 0.00349505
0.98014684 0.00393057
0.97789651 0.00439364
0.97552826 0.00488461
0.97304268 0.00540385
0.97044038 0.00595173
0.96772202 0.00652861
0.96488824 0.00713482
0.96193977 0.00777070
0.95887731 0.00843658
0.95570164 0.00913275
0.95241353 0.00985948
0.94901379 0.01061702
0.94550326 0.01140559
0.94188282 0.01222538
0.93815334 0.01307653
0.93431576 0.01395914
0.93037101 0.01487327
0.92632008 0.01581895
0.92216396 0.01679613
0.91790368 0.01780473
0.91354029 0.01884458
0.90907486 0.01991549
0.90450850 0.02101717
0.89984233 0.02214930
0.89507751 0.02331147
0.89021520 0.02450319
0.88525662 0.02572392
0.88020298 0.02697305
0.87505553 0.02824986
0.86981555 0.02955359
0.86448431 0.03088339
0.85906315 0.03223832
0.85355339 0.03361738
0.84795640 0.03501949
0.84227355 0.03644347
0.83650626 0.03788810
0.83065593 0.03935205
0.82472402 0.04083394
0.81871199 0.04233230
0.81262133 0.04384561
0.80645353 0.04537227
0.80021011 0.04691062
0.79389263 0.04845893
0.78750263 0.05001542
0.78104169 0.05157825
0.77451141 0.05314556
0.76791340 0.05471539
0.76124928 0.05628580
0.75452071 0.05785477
0.74772933 0.05942028
0.74087684 0.06098026
0.73396491 0.06253265
0.72699525 0.06407535
0.71996958 0.06560627
0.71288965 0.06712331
0.70575718 0.06862439
0.69857395 0.07010742
0.69134172 0.07157035
0.68406228 0.07301114
0.67673742 0.07442778
0.66936896 0.07581830
0.66195871 0.07718077
0.65450850 0.07851331
0.64702016 0.07981409
0.63949555 0.08108134
0.63193652 0.08231336
0.62434494 0.08350850
0.61672268 0.08466519
0.60907162 0.08578196
0.60139365 0.08685739
0.59369066 0.08789015
0.58596455 0.08887901
0.57821723 0.08982283
0.57045062 0.09072055
0.56266662 0.09157121
0.55486716 0.09237397
0.54705416 0.09312804
0.53922955 0.09383277
0.53139526 0.09448759
0.52355323 0.09509204
0.51570538 0.09564575
0.50785366 0.09614844
0.50000000 0.09659995
0.49214634 0.09700020
0.48429462 0.09734920
0.47644677 0.09764705
0.46860474 0.09789396
0.46077045 0.09809018
0.45294584 0.09823610
0.44513284 0.09833213
0.43733338 0.09837880
0.42954938 0.09837669
0.42178277 0.09832644
0.41403545 0.09822876
0.40630934 0.09808443
0.39860635 0.09789427
0.39092838 0.09765914
0.38327732 0.09737996
0.37565506 0.09705767
0.36806348 0.09669327
0.36050445 0.09628778
0.35297984 0.09584223
0.34549150 0.09535768
0.33804129 0.09483522
0.33063104 0.09427594
0.32326258 0.09368092
0.31593772 0.09305129
0.30865828 0.09238812
0.30142605 0.09169254
0.29424282 0.09096562
0.28711035 0.09020846
0.28003042 0.08942211
0.27300475 0.08860763
0.26603509 0.08776607
0.25912316 0.08689842
0.25227067 0.08600570
0.24547929 0.08508886
0.23875072 0.08414886
0.23208660 0.08318661
0.22548859 0.08220300
0.21895831 0.08119889
0.21249737 0.08017512
0.20610737 0.07913249
0.19978989 0.07807179
0.19354647 0.07699375
0.18737867 0.07589909
0.18128801 0.07478851
0.17527598 0.07366266
0.16934407 0.07252218
0.16349374 0.07136768
0.15772645 0.07019974
0.15204360 0.06901891
0.14644661 0.06782573
0.14093685 0.06662071
0.13551569 0.06540434
0.13018445 0.06417708
0.12494447 0.06293938
0.11979702 0.06169168
0.11474338 0.06043439
0.10978480 0.05916790
0.10492249 0.05789259
0.10015767 0.05660883
0.09549150 0.05531698
0.09092514 0.05401738
0.08645971 0.05271035
0.08209632 0.05139622
0.07783604 0.05007530
0.07367992 0.04874788
0.06962899 0.04741426
0.06568424 0.04607472
0.06184666 0.04472952
0.05811718 0.04337896
0.05449674 0.04202327
0.05098621 0.04066271
0.04758647 0.03929753
0.04429836 0.03792798
0.04112269 0.03655427
0.03806023 0.03517665
0.03511176 0.03379533
0.03227798 0.03241052
0.02955962 0.03102243
0.02695732 0.02963126
0.02447174 0.02823722
0.02210349 0.02684048
0.01985316 0.02544123
0.01772129 0.02403966
0.01570842 0.02263592
0.01381504 0.02123018
0.01204162 0.01982261
0.01038859 0.01841334
0.00885637 0.01700255
0.00744534 0.01559035
0.00615583 0.01417690
0.00498817 0.01276231
0.00394265 0.01134673
0.00301952 0.00993026
0.00221902 0.00851304
0.00154133 0.00709517
0.00098664 0.00567677
0.00055506 0.00425794
0.00024672 0.00283880
0.00006168 0.00141945
0.00000000 0.00000000
0.00006168 -0.00078957
0.00024672 -0.00157873
0.00055506 -0.00236704
0.00098664 -0.00315408
0.00154133 -0.00393944
0.00221902 -0.00472271
0.00301952 -0.00550348
0.00394265 -0.00628135
0.00498817 -0.00705591
0.00615583 -0.00782679
0.00744534 -0.00859359
0.00885637 -0.00935594
0.01038859 -0.01011347
0.01204162 -0.01086584
0.01381504 -0.01161267
0.01570842 -0.01235365
0.01772129 -0.01308842
0.01985316 -0.01381668
0.02210349 -0.01453808
0.02447174 -0.01525234
0.02695732 -0.01595914
0.02955962 -0.01665818
0.03227798 -0.01734918
0.03511176 -0.01803184
0.03806023 -0.01870587
0.04112269 -0.01937100
0.04429836 -0.02002694
0.04758647 -0.02067341
0.05098621 -0.02131013
0.05449674 -0.02193681
0.05811718 -0.02255317
0.06184666 -0.02315891
0.06568424 -0.02375374
0.06962899 -0.02433737
0.07367992 -0.02490947
0.07783604 -0.02546973
0.08209632 -0.02601784
0.08645971 -0.02655346
0.09092514 -0.02707625
0.09549150 -0.02758586
0.10015767 -0.02808194
0.10492249 -0.02856411
0.10978480 -0.02903200
0.11474338 -0.02948523
0.11979702 -0.02992340
0.12494447 -0.03034611
0.13018445 -0.03075297
0.13551569 -0.03114355
0.14093685 -0.03151745
0.14644661 -0.03187425
0.15204360 -0.03221352
0.15772645 -0.03253487
0.16349374 -0.03283786
0.16934407 -0.03312209
0.17527598 -0.03338716
0.18128801 -0.03363268
0.18737867 -0.03385825
0.19354647 -0.03406352
0.19978989 -0.03424811
0.20610737 -0.03441170
0.21249737 -0.03455396
0.21895831 -0.03467461
0.22548859 -0.03477336
0.23208660 -0.03484997
0.23875072 -0.03490422
0.24547929 -0.03493592
0.25227067 -0.03494491
0.25912316 -0.03493107
0.26603509 -0.03489432
0.27300475 -0.03483459
0.28003042 -0.03475188
0.28711035 -0.03464620
0.29424282 -0.03451762
0.30142605 -0.03436623
0.30865828 -0.03419219
0.31593772 -0.03399566
0.32326258 -0.03377687
0.33063104 -0.03353608
0.33804129 -0.03327359
0.34549150 -0.03298974
0.35297984 -0.03268490
0.36050445 -0.03235947
0.36806348 -0.03201392
0.37565506 -0.03164871
0.38327732 -0.03126435
0.39092838 -0.03086139
0.39860635 -0.03044039
0.40630934 -0.03000195
0.41403545 -0.02954668
0.42178277 -0.02907523
0.42954938 -0.02858825
0.43733338 -0.02808643
0.44513284 -0.02757044
0.45294584 -0.02704100
0.46077045 -0.02649882
0.46860474 -0.02594461
0.47644677 -0.02537912
0.48429462 -0.02480308
0.49214634 -0.02421721
0.50000000 -0.02362225
0.50785366 -0.02301895
0.51570538 -0.02240802
0.52355323 -0.02179020
0.53139526 -0.02116621
0.53922955 -0.02053676
0.54705416 -0.01990257
0.55486716 -0.01926433
0.56266662 -0.01862274
0.57045062 -0.01797847
0.57821723 -0.01733221
0.58596455 -0.01668461
0.59369066 -0.01603633
0.60139365 -0.01538802
0.60907162 -0.01474032
0.61672268 -0.01409385
0.62434494 -0.01344923
0.63193652 -0.01280710
0.63949555 -0.01216804
0.64702016 -0.01153266
0.65450850 -0.01090158
0.66195871 -0.01027536
0.66936896 -0.00965462
0.67673742 -0.00903994
0.68406228 -0.00843190
0.69134172 -0.00783109
0.69857395 -0.00723810
0.70575718 -0.00665350
0.71288965 -0.00607788
0.71996958 -0.00551182
0.72699525 -0.00495590
0.73396491 -0.00441071
0.74087684 -0.00387681
0.74772933 -0.00335479
0.75452071 -0.00284522
0.76124928 -0.00234867
0.76791340 -0.00186569
0.77451141 -0.00139685
0.78104169 -0.00094268
0.78750263 -0.00050373
0.79389263 -0.00008051
0.80021011 0.00032647
0.80645353 0.00071672
0.81262133 0.00108978
0.81871199 0.00144521
0.82472402 0.00178258
0.83065593 0.00210152
0.83650626 0.00240166
0.84227355 0.00268269
0.84795640 0.00294433
0.85355339 0.00318633
0.85906315 0.00340850
0.86448431 0.00361070
0.86981555 0.00379282
0.87505553 0.00395481
0.88020298 0.00409670
0.88525662 0.00421854
0.89021520 0.00432046
0.89507751 0.00440264
0.89984233 0.00446533
0.90450850 0.00450885
0.90907486 0.00453356
0.91354029 0.00453991
0.91790368 0.00452839
0.92216396 0.00449958
0.92632008 0.00445409
0.93037101 0.00439263
0.93431576 0.00431595
0.93815334 0.00422484
0.94188282 0.00412018
0.94550326 0.00400287
0.94901379 0.00387390
0.95241353 0.00373426
0.95570164 0.00358501
0.95887731 0.00342724
0.96193977 0.00326207
0.96488824 0.00309065
0.96772202 0.00291416
0.97044038 0.00273377
0.97304268 0.00255069
0.97552826 0.00236613
0.97789651 0.00218127
0.98014684 0.00199733
0.98227871 0.00181547
0.98429158 0.00163687
0.98618496 0.00146265
0.98795838 0.00129391
0.98961141 0.00113172
0.99114363 0.00097711
0.99255466 0.00083103
0.99384417 0.00069440
0.99501183 0.00056808
0.99605735 0.00045285
0.99698048 0.00034943
0.99778098 0.00025846
0.99845867 0.00018052
0.99901336 0.00011607
0.99944494 0.00006553
0.99975328 0.00002920
0.99993832 0.00000731
1.00000000 -0.00000000
