sample_974
1.00000000 -0.00000000
0.99993832 0.00001130
0.99975328 0.00004525
0.99944494 0.00010192
0.99901336 0.00018146
0.99845867 0.00028408
0.99778098 0.00041002
0.99698048 0.00055959
0.99605735 0.00073316
0.99501183 0.00093114
0.99384417 0.00115397
0.99255466 0.00140215
0.99114363 0.00167621
0.98961141 0.00197671
0.98795838 0.00230426
0.98618496 0.00265948
0.98429158 0.00304300
0.98227871 0.00345549
0.98014684 0.00389760
0.97789651 0.00437001
0.97552826 0.00487340
0.97304268 0.00540842
0.97044038 0.00597572
0.96772202 0.00657595
0.96488824 0.00720971
0.96193977 0.00787757
0.95887731 0.00858009
0.95570164 0.00931777
0.95241353 0.01009107
0.94901379 0.01090038
0.94550326 0.01174607
0.94188282 0.01262842
0.93815334 0.01354764
0.93431576 0.01450389
0.93037101 0.01549725
0.92632008 0.01652770
0.92216396 0.01759516
0.91790368 0.01869946
0.91354029 0.01984033
0.90907486 0.02101743
0.90450850 0.02223031
0.89984233 0.02347843
0.89507751 0.02476116
0.89021520 0.02607777
0.88525662 0.02742743
0.88020298 0.02880922
0.87505553 0.03022214
0.86981555 0.03166507
0.86448431 0.03313681
0.85906315 0.03463608
0.85355339 0.03616150
0.84795640 0.03771162
0.84227355 0.03928490
0.83650626 0.04087972
0.83065593 0.04249441
0.82472402 0.04412721
0.81871199 0.04577632
0.81262133 0.04743986
0.80645353 0.04911593
0.80021011 0.05080255
0.79389263 0.05249772
0.78750263 0.05419943
0.78104169 0.05590560
0.77451141 0.05761417
0.76791340 0.05932304
0.76124928 0.06103013
0.75452071 0.06273333
0.74772933 0.06443058
0.74087684 0.06611980
0.73396491 0.06779894
0.72699525 0.06946599
0.71996958 0.07111896
0.71288965 0.07275591
0.70575718 0.07437494
0.69857395 0.07597421
0.69134172 0.07755192
0.68406228 0.07910634
0.67673742 0.08063582
0.66936896 0.08213877
0.66195871 0.08361366
0.65450850 0.08505905
0.64702016 0.08647359
0.63949555 0.08785600
0.63193652 0.08920507
0.62434494 0.09051971
0.61672268 0.09179890
0.60907162 0.09304169
0.60139365 0.09424725
0.59369066 0.09541481
0.58596455 0.09654369
0.57821723 0.09763331
0.57045062 0.09868316
0.56266662 0.09969281
0.55486716 0.10066192
0.54705416 0.10159020
0.53922955 0.10247745
0.53139526 0.10332355
0.52355323 0.10412841
0.51570538 0.10489203
0.50785366 0.10561445
0.50000000 0.10629577
0.49214634 0.10693611
0.48429462 0.10753568
0.47644677 0.10809468
0.46860474 0.10861336
0.46077045 0.10909200
0.45294584 0.10953090
0.44513284 0.10993036
0.43733338 0.11029072
0.42954938 0.11061230
0.42178277 0.11089544
0.41403545 0.11114048
0.40630934 0.11134774
0.39860635 0.11151753
0.39092838 0.11165018
0.38327732 0.11174595
0.37565506 0.11180513
0.36806348 0.11182797
0.36050445 0.11181469
0.35297984 0.11176549
0.34549150 0.11168055
0.33804129 0.11156001
0.33063104 0.11140399
0.32326258 0.11121259
0.31593772 0.11098586
0.30865828 0.11072384
0.30142605 0.11042654
0.29424282 0.11009393
0.28711035 0.10972599
0.28003042 0.10932263
0.27300475 0.10888378
0.26603509 0.10840933
0.25912316 0.10789916
0.25227067 0.10735314
0.24547929 0.10677113
0.23875072 0.10615299
0.23208660 0.10549856
0.22548859 0.10480770
0.21895831 0.10408025
0.21249737 0.10331607
0.20610737 0.10251505
0.19978989 0.10167706
0.19354647 0.10080201
0.18737867 0.09988982
0.18128801 0.09894044
0.17527598 0.09795384
0.16934407 0.09693003
0.16349374 0.09586903
0.15772645 0.09477093
0.15204360 0.09363582
0.14644661 0.09246385
0.14093685 0.09125521
0.13551569 0.09001013
0.13018445 0.08872886
0.12494447 0.08741173
0.11979702 0.08605909
0.11474338 0.08467134
0.10978480 0.08324892
0.10492249 0.08179231
0.10015767 0.08030205
0.09549150 0.07877871
0.09092514 0.07722288
0.08645971 0.07563523
0.08209632 0.07401643
0.07783604 0.07236721
0.07367992 0.07068831
0.06962899 0.06898052
0.06568424 0.06724463
0.06184666 0.06548150
0.05811718 0.06369197
0.05449674 0.06187692
0.05098621 0.06003723
0.04758647 0.05817382
0.04429836 0.05628760
0.04112269 0.05437949
0.03806023 0.05245043
0.03511176 0.05050133
0.03227798 0.04853315
0.02955962 0.04654680
0.02695732 0.04454320
0.02447174 0.04252329
0.02210349 0.04048796
0.01985316 0.03843812
0.01772129 0.03637465
0.01570842 0.03429842
0.01381504 0.03221030
0.01204162 0.03011114
0.01038859 0.02800175
0.00885637 0.02588295
0.00744534 0.02375555
0.00615583 0.02162033
0.00498817 0.01947804
0.00394265 0.01732945
0.00301952 0.01517529
0.00221902 0.01301629
0.00154133 0.01085317
0.00098664 0.00868662
0.00055506 0.00651734
0.00024672 0.00434602
0.00006168 0.00217335
0.00000000 0.00000000
0.00006168 -0.00084525
0.00024672 -0.00169000
0.00055506 -0.00253375
0.00098664 -0.00337601
0.00154133 -0.00421628
0.00221902 -0.00505407
0.00301952 -0.00588891
0.00394265 -0.00672031
0.00498817 -0.00754779
0.00615583 -0.00837089
0.00744534 -0.00918916
0.00885637 -0.01000213
0.01038859 -0.01080937
0.01204162 -0.01161045
0.01381504 -0.01240493
0.01570842 -0.01319240
0.01772129 -0.01397245
0.01985316 -0.01474469
0.02210349 -0.01550873
0.02447174 -0.01626418
0.02695732 -0.01701067
0.02955962 -0.01774784
0.03227798 -0.01847532
0.03511176 -0.01919277
0.03806023 -0.01989984
0.04112269 -0.02059619
0.04429836 -0.02128149
0.04758647 -0.02195539
0.05098621 -0.02261757
0.05449674 -0.02326771
0.05811718 -0.02390546
0.06184666 -0.02453051
0.06568424 -0.02514253
0.06962899 -0.02574117
0.07367992 -0.02632612
0.07783604 -0.02689703
0.08209632 -0.02745356
0.08645971 -0.02799536
0.09092514 -0.02852208
0.09549150 -0.02903337
0.10015767 -0.02952886
0.10492249 -0.03000818
0.10978480 -0.03047096
0.11474338 -0.03091681
0.11979702 -0.03134535
0.12494447 -0.03175619
0.13018445 -0.03214893
0.13551569 -0.03252316
0.14093685 -0.03287848
0.14644661 -0.03321449
0.15204360 -0.03353076
0.15772645 -0.03382690
0.16349374 -0.03410250
0.16934407 -0.03435714
0.17527598 -0.03459043
0.18128801 -0.03480197
0.18737867 -0.03499138
0.19354647 -0.03515827
0.19978989 -0.03530229
0.20610737 -0.03542308
0.21249737 -0.03552030
0.21895831 -0.03559364
0.22548859 -0.03564280
0.23208660 -0.03566750
0.23875072 -0.03566751
0.24547929 -0.03564259
0.25227067 -0.03559255
0.25912316 -0.03551724
0.26603509 -0.03541652
0.27300475 -0.03529030
0.28003042 -0.03513853
0.28711035 -0.03496119
0.29424282 -0.03475829
0.30142605 -0.03452992
0.30865828 -0.03427616
0.31593772 -0.03399719
0.32326258 -0.03369319
0.33063104 -0.03336441
0.33804129 -0.03301113
0.34549150 -0.03263370
0.35297984 -0.03223249
0.36050445 -0.03180794
0.36806348 -0.03136053
0.37565506 -0.03089078
0.38327732 -0.03039925
0.39092838 -0.02988657
0.39860635 -0.02935339
0.40630934 -0.02880041
0.41403545 -0.02822838
0.42178277 -0.02763807
0.42954938 -0.02703032
0.43733338 -0.02640596
0.44513284 -0.02576591
0.45294584 -0.02511107
0.46077045 -0.02444241
0.46860474 -0.02376090
0.47644677 -0.02306754
0.48429462 -0.02236337
0.49214634 -0.02164944
0.50000000 -0.02092680
0.50785366 -0.02019653
0.51570538 -0.01945973
0.52355323 -0.01871750
0.53139526 -0.01797093
0.53922955 -0.01722114
0.54705416 -0.01646923
0.55486716 -0.01571631
0.56266662 -0.01496349
0.57045062 -0.01421184
0.57821723 -0.01346246
0.58596455 -0.01271642
0.59369066 -0.01197477
0.60139365 -0.01123855
0.60907162 -0.01050877
0.61672268 -0.00978644
0.62434494 -0.00907252
0.63193652 -0.00836797
0.63949555 -0.00767370
0.64702016 -0.00699061
0.65450850 -0.00631954
0.66195871 -0.00566134
0.66936896 -0.00501680
0.67673742 -0.00438667
0.68406228 -0.00377168
0.69134172 -0.00317252
0.69857395 -0.00258983
0.70575718 -0.00202424
0.71288965 -0.00147630
0.71996958 -0.00094655
0.72699525 -0.00043549
0.73396491 0.00005644
0.74087684 0.00052882
0.74772933 0.00098129
0.75452071 0.00141353
0.76124928 0.00182524
0.76791340 0.00221619
0.77451141 0.00258618
0.78104169 0.00293505
0.78750263 0.00326269
0.79389263 0.00356901
0.80021011 0.00385400
0.80645353 0.00411766
0.81262133 0.00436005
0.81871199 0.00458126
0.82472402 0.00478142
0.83065593 0.00496071
0.83650626 0.00511935
0.84227355 0.00525759
0.84795640 0.00537572
0.85355339 0.00547409
0.85906315 0.00555307
0.86448431 0.00561306
0.86981555 0.00565450
0.87505553 0.00567790
0.88020298 0.00568375
0.88525662 0.00567262
0.89021520 0.00564508
0.89507751 0.00560176
0.89984233 0.00554330
0.90450850 0.00547038
0.90907486 0.00538370
0.91354029 0.00528400
0.91790368 0.00517204
0.92216396 0.00504858
0.92632008 0.00491444
0.93037101 0.00477044
0.93431576 0.00461742
0.93815334 0.00445622
0.94188282 0.00428773
0.94550326 0.00411281
0.94901379 0.00393236
0.95241353 0.00374727
0.95570164 0.00355845
0.95887731 0.00336679
0.96193977 0.00317320
0.96488824 0.00297856
0.96772202 0.00278378
0.97044038 0.00258972
0.97304268 0.00239727
0.97552826 0.00220727
0.97789651 0.00202057
0.98014684 0.00183797
0.98227871 0.00166028
0.98429158 0.00148826
0.98618496 0.00132266
0.98795838 0.00116419
0.98961141 0.00101352
0.99114363 0.00087130
0.99255466 0.00073812
0.99384417 0.00061456
0.99501183 0.00050115
0.99605735 0.00039835
0.99698048 0.00030660
0.99778098 0.00022628
0.99845867 0.00015775
0.99901336 0.00010128
0.99944494 0.00005711
0.99975328 0.00002543
0.99993832 0.00000636
1.00000000 -0.00000000
