sample_839
1.00000000 0.00000000
0.99993832 0.00002331
0.99975328 0.00009320
0.99944494 0.00020960
0.99901336 0.00037242
0.99845867 0.00058148
0.99778098 0.00083659
0.99698048 0.00113751
0.99605735 0.00148394
0.99501183 0.00187555
0.99384417 0.00231198
0.99255466 0.00279279
0.99114363 0.00331755
0.98961141 0.00388574
0.98795838 0.00449684
0.98618496 0.00515026
0.98429158 0.00584540
0.98227871 0.00658160
0.98014684 0.00735817
0.97789651 0.00817441
0.97552826 0.00902956
0.97304268 0.00992284
0.97044038 0.01085343
0.96772202 0.01182050
0.96488824 0.01282320
0.96193977 0.01386061
0.95887731 0.01493185
0.95570164 0.01603597
0.95241353 0.01717204
0.94901379 0.01833908
0.94550326 0.01953612
0.94188282 0.02076217
0.93815334 0.02201623
0.93431576 0.02329730
0.93037101 0.02460435
0.92632008 0.02593639
0.92216396 0.02729238
0.91790368 0.02867132
0.91354029 0.03007218
0.90907486 0.03149398
0.90450850 0.03293568
0.89984233 0.03439632
0.89507751 0.03587489
0.89021520 0.03737042
0.88525662 0.03888195
0.88020298 0.04040852
0.87505553 0.04194920
0.86981555 0.04350306
0.86448431 0.04506918
0.85906315 0.04664667
0.85355339 0.04823465
0.84795640 0.04983224
0.84227355 0.05143859
0.83650626 0.05305284
0.83065593 0.05467417
0.82472402 0.05630175
0.81871199 0.05793476
0.81262133 0.05957240
0.80645353 0.06121384
0.80021011 0.06285829
0.79389263 0.06450495
0.78750263 0.06615300
0.78104169 0.06780165
0.77451141 0.06945005
0.76791340 0.07109740
0.76124928 0.07274284
0.75452071 0.07438552
0.74772933 0.07602455
0.74087684 0.07765904
0.73396491 0.07928807
0.72699525 0.08091068
0.71996958 0.08252590
0.71288965 0.08413270
0.70575718 0.08573005
0.69857395 0.08731685
0.69134172 0.08889199
0.68406228 0.09045431
0.67673742 0.09200260
0.66936896 0.09353562
0.66195871 0.09505208
0.65450850 0.09655065
0.64702016 0.09802996
0.63949555 0.09948859
0.63193652 0.10092510
0.62434494 0.10233799
0.61672268 0.10372572
0.60907162 0.10508673
0.60139365 0.10641943
0.59369066 0.10772218
0.58596455 0.10899334
0.57821723 0.11023122
0.57045062 0.11143413
0.56266662 0.11260038
0.55486716 0.11372824
0.54705416 0.11481601
0.53922955 0.11586198
0.53139526 0.11686445
0.52355323 0.11782173
0.51570538 0.11873216
0.50785366 0.11959412
0.50000000 0.12040602
0.49214634 0.12116629
0.48429462 0.12187344
0.47644677 0.12252604
0.46860474 0.12312269
0.46077045 0.12366208
0.45294584 0.12414300
0.44513284 0.12456428
0.43733338 0.12492486
0.42954938 0.12522379
0.42178277 0.12546019
0.41403545 0.12563331
0.40630934 0.12574250
0.39860635 0.12578723
0.39092838 0.12576706
0.38327732 0.12568172
0.37565506 0.12553102
0.36806348 0.12531492
0.36050445 0.12503350
0.35297984 0.12468695
0.34549150 0.12427562
0.33804129 0.12379997
0.33063104 0.12326058
0.32326258 0.12265815
0.31593772 0.12199353
0.30865828 0.12126766
0.30142605 0.12048161
0.29424282 0.11963655
0.28711035 0.11873376
0.28003042 0.11777462
0.27300475 0.11676062
0.26603509 0.11569331
0.25912316 0.11457435
0.25227067 0.11340545
0.24547929 0.11218841
0.23875072 0.11092507
0.23208660 0.10961734
0.22548859 0.10826716
0.21895831 0.10687651
0.21249737 0.10544741
0.20610737 0.10398188
0.19978989 0.10248196
0.19354647 0.10094970
0.18737867 0.09938713
0.18128801 0.09779628
0.17527598 0.09617915
0.16934407 0.09453773
0.16349374 0.09287396
0.15772645 0.09118974
0.15204360 0.08948693
0.14644661 0.08776732
0.14093685 0.08603267
0.13551569 0.08428465
0.13018445 0.08252487
0.12494447 0.08075489
0.11979702 0.07897616
0.11474338 0.07719008
0.10978480 0.07539796
0.10492249 0.07360102
0.10015767 0.07180042
0.09549150 0.06999722
0.09092514 0.06819239
0.08645971 0.06638685
0.08209632 0.06458139
0.07783604 0.06277678
0.07367992 0.06097365
0.06962899 0.05917260
0.06568424 0.05737413
0.06184666 0.05557868
0.05811718 0.05378663
0.05449674 0.05199827
0.05098621 0.05021386
0.04758647 0.04843358
0.04429836 0.04665757
0.04112269 0.04488592
0.03806023 0.04311867
0.03511176 0.04135583
0.03227798 0.03959735
0.02955962 0.03784317
0.02695732 0.03609320
0.02447174 0.03434731
0.02210349 0.03260536
0.01985316 0.03086720
0.01772129 0.02913263
0.01570842 0.02740149
0.01381504 0.02567356
0.01204162 0.02394865
0.01038859 0.02222655
0.00885637 0.02050705
0.00744534 0.01878993
0.00615583 0.01707499
0.00498817 0.01536200
0.00394265 0.01365077
0.00301952 0.01194109
0.00221902 0.01023275
0.00154133 0.00852556
0.00098664 0.00681932
0.00055506 0.00511383
0.00024672 0.00340891
0.00006168 0.00170436
0.00000000 0.00000000
0.00006168 -0.00061477
0.00024672 -0.00122899
0.00055506 -0.00184213
0.00098664 -0.00245364
0.00154133 -0.00306297
0.00221902 -0.00366954
0.00301952 -0.00427279
0.00394265 -0.00487213
0.00498817 -0.00546696
0.00615583 -0.00605667
0.00744534 -0.00664061
0.00885637 -0.00721814
0.01038859 -0.00778858
0.01204162 -0.00835126
0.01381504 -0.00890545
0.01570842 -0.00945043
0.01772129 -0.00998546
0.01985316 -0.01050976
0.02210349 -0.01102256
0.02447174 -0.01152306
0.02695732 -0.01201045
0.02955962 -0.01248389
0.03227798 -0.01294256
0.03511176 -0.01338562
0.03806023 -0.01381221
0.04112269 -0.01422150
0.04429836 -0.01461262
0.04758647 -0.01498474
0.05098621 -0.01533703
0.05449674 -0.01566866
0.05811718 -0.01597882
0.06184666 -0.01626674
0.06568424 -0.01653163
0.06962899 -0.01677277
0.07367992 -0.01698945
0.07783604 -0.01718101
0.08209632 -0.01734680
0.08645971 -0.01748624
0.09092514 -0.01759878
0.09549150 -0.01768394
0.10015767 -0.01774127
0.10492249 -0.01777039
0.10978480 -0.01777096
0.11474338 -0.01774272
0.11979702 -0.01768547
0.12494447 -0.01759906
0.13018445 -0.01748343
0.13551569 -0.01733856
0.14093685 -0.01716451
0.14644661 -0.01696142
0.15204360 -0.01672949
0.15772645 -0.01646898
0.16349374 -0.01618022
0.16934407 -0.01586362
0.17527598 -0.01551964
0.18128801 -0.01514882
0.18737867 -0.01475174
0.19354647 -0.01432907
0.19978989 -0.01388151
0.20610737 -0.01340983
0.21249737 -0.01291484
0.21895831 -0.01239740
0.22548859 -0.01185844
0.23208660 -0.01129890
0.23875072 -0.01071977
0.24547929 -0.01012207
0.25227067 -0.00950686
0.25912316 -0.00887522
0.26603509 -0.00822824
0.27300475 -0.00756706
0.28003042 -0.00689280
0.28711035 -0.00620660
0.29424282 -0.00550963
0.30142605 -0.00480303
0.30865828 -0.00408796
0.31593772 -0.00336556
0.32326258 -0.00263698
0.33063104 -0.00190336
0.33804129 -0.00116581
0.34549150 -0.00042543
0.35297984 0.00031669
0.36050445 0.00105948
0.36806348 0.00180190
0.37565506 0.00254294
0.38327732 0.00328159
0.39092838 0.00401689
0.39860635 0.00474790
0.40630934 0.00547370
0.41403545 0.00619341
0.42178277 0.00690618
0.42954938 0.00761117
0.43733338 0.00830758
0.44513284 0.00899466
0.45294584 0.00967164
0.46077045 0.01033782
0.46860474 0.01099250
0.47644677 0.01163503
0.48429462 0.01226475
0.49214634 0.01288106
0.50000000 0.01348337
0.50785366 0.01407109
0.51570538 0.01464368
0.52355323 0.01520060
0.53139526 0.01574135
0.53922955 0.01626543
0.54705416 0.01677236
0.55486716 0.01726169
0.56266662 0.01773295
0.57045062 0.01818574
0.57821723 0.01861962
0.58596455 0.01903420
0.59369066 0.01942910
0.60139365 0.01980395
0.60907162 0.02015838
0.61672268 0.02049206
0.62434494 0.02080467
0.63193652 0.02109590
0.63949555 0.02136546
0.64702016 0.02161307
0.65450850 0.02183850
0.66195871 0.02204150
0.66936896 0.02222186
0.67673742 0.02237941
0.68406228 0.02251398
0.69134172 0.02262543
0.69857395 0.02271366
0.70575718 0.02277860
0.71288965 0.02282019
0.71996958 0.02283843
0.72699525 0.02283332
0.73396491 0.02280494
0.74087684 0.02275336
0.74772933 0.02267872
0.75452071 0.02258119
0.76124928 0.02246097
0.76791340 0.02231832
0.77451141 0.02215353
0.78104169 0.02196694
0.78750263 0.02175891
0.79389263 0.02152987
0.80021011 0.02128028
0.80645353 0.02101065
0.81262133 0.02072153
0.81871199 0.02041350
0.82472402 0.02008721
0.83065593 0.01974331
0.83650626 0.01938253
0.84227355 0.01900561
0.84795640 0.01861333
0.85355339 0.01820652
0.85906315 0.01778603
0.86448431 0.01735273
0.86981555 0.01690755
0.87505553 0.01645141
0.88020298 0.01598527
0.88525662 0.01551013
0.89021520 0.01502697
0.89507751 0.01453681
0.89984233 0.01404067
0.90450850 0.01353961
0.90907486 0.01303465
0.91354029 0.01252685
0.91790368 0.01201726
0.92216396 0.01150693
0.92632008 0.01099690
0.93037101 0.01048821
0.93431576 0.00998189
0.93815334 0.00947896
0.94188282 0.00898042
0.94550326 0.00848726
0.94901379 0.00800044
0.95241353 0.00752092
0.95570164 0.00704962
0.95887731 0.00658744
0.96193977 0.00613526
0.96488824 0.00569392
0.96772202 0.00526425
0.97044038 0.00484703
0.97304268 0.00444302
0.97552826 0.00405295
0.97789651 0.00367752
0.98014684 0.00331738
0.98227871 0.00297317
0.98429158 0.00264547
0.98618496 0.00233485
0.98795838 0.00204183
0.98961141 0.00176691
0.99114363 0.00151053
0.99255466 0.00127313
0.99384417 0.00105509
0.99501183 0.00085675
0.99605735 0.00067844
0.99698048 0.00052045
0.99778098 0.00038302
0.99845867 0.00026637
0.99901336 0.00017067
0.99944494 0.00009609
0.99975328 0.00004274
0.99993832 0.00001069
1.00000000 0.00000000
