sample_1425
1.00000000 0.00000000
0.99993832 0.00002220
0.99975328 0.00008878
0.99944494 0.00019968
0.99901336 0.00035479
0.99845867 0.00055397
0.99778098 0.00079705
0.99698048 0.00108381
0.99605735 0.00141399
0.99501183 0.00178730
0.99384417 0.00220341
0.99255466 0.00266198
0.99114363 0.00316260
0.98961141 0.00370488
0.98795838 0.00428835
0.98618496 0.00491256
0.98429158 0.00557702
0.98227871 0.00628122
0.98014684 0.00702463
0.97789651 0.00780671
0.97552826 0.00862691
0.97304268 0.00948465
0.97044038 0.01037937
0.96772202 0.01131048
0.96488824 0.01227739
0.96193977 0.01327951
0.95887731 0.01431625
0.95570164 0.01538701
0.95241353 0.01649120
0.94901379 0.01762821
0.94550326 0.01879748
0.94188282 0.01999839
0.93815334 0.02123038
0.93431576 0.02249285
0.93037101 0.02378523
0.92632008 0.02510694
0.92216396 0.02645741
0.91790368 0.02783607
0.91354029 0.02924233
0.90907486 0.03067563
0.90450850 0.03213539
0.89984233 0.03362103
0.89507751 0.03513196
0.89021520 0.03666759
0.88525662 0.03822731
0.88020298 0.03981051
0.87505553 0.04141656
0.86981555 0.04304481
0.86448431 0.04469459
0.85906315 0.04636522
0.85355339 0.04805599
0.84795640 0.04976617
0.84227355 0.05149498
0.83650626 0.05324163
0.83065593 0.05500531
0.82472402 0.05678514
0.81871199 0.05858023
0.81262133 0.06038965
0.80645353 0.06221243
0.80021011 0.06404755
0.79389263 0.06589396
0.78750263 0.06775056
0.78104169 0.06961621
0.77451141 0.07148973
0.76791340 0.07336991
0.76124928 0.07525546
0.75452071 0.07714509
0.74772933 0.07903744
0.74087684 0.08093112
0.73396491 0.08282470
0.72699525 0.08471673
0.71996958 0.08660569
0.71288965 0.08849005
0.70575718 0.09036825
0.69857395 0.09223870
0.69134172 0.09409976
0.68406228 0.09594981
0.67673742 0.09778718
0.66936896 0.09961019
0.66195871 0.10141715
0.65450850 0.10320635
0.64702016 0.10497610
0.63949555 0.10672469
0.63193652 0.10845039
0.62434494 0.11015152
0.61672268 0.11182637
0.60907162 0.11347327
0.60139365 0.11509054
0.59369066 0.11667654
0.58596455 0.11822964
0.57821723 0.11974825
0.57045062 0.12123079
0.56266662 0.12267572
0.55486716 0.12408155
0.54705416 0.12544680
0.53922955 0.12677006
0.53139526 0.12804994
0.52355323 0.12928510
0.51570538 0.13047425
0.50785366 0.13161616
0.50000000 0.13270964
0.49214634 0.13375354
0.48429462 0.13474677
0.47644677 0.13568831
0.46860474 0.13657718
0.46077045 0.13741246
0.45294584 0.13819328
0.44513284 0.13891884
0.43733338 0.13958837
0.42954938 0.14020118
0.42178277 0.14075664
0.41403545 0.14125415
0.40630934 0.14169319
0.39860635 0.14207329
0.39092838 0.14239401
0.38327732 0.14265501
0.37565506 0.14285597
0.36806348 0.14299662
0.36050445 0.14307676
0.35297984 0.14309623
0.34549150 0.14305493
0.33804129 0.14295280
0.33063104 0.14278983
0.32326258 0.14256606
0.31593772 0.14228158
0.30865828 0.14193652
0.30142605 0.14153106
0.29424282 0.14106543
0.28711035 0.14053990
0.28003042 0.13995478
0.27300475 0.13931044
0.26603509 0.13860726
0.25912316 0.13784569
0.25227067 0.13702623
0.24547929 0.13614939
0.23875072 0.13521574
0.23208660 0.13422590
0.22548859 0.13318052
0.21895831 0.13208027
0.21249737 0.13092590
0.20610737 0.12971816
0.19978989 0.12845787
0.19354647 0.12714586
0.18737867 0.12578301
0.18128801 0.12437024
0.17527598 0.12290850
0.16934407 0.12139877
0.16349374 0.11984207
0.15772645 0.11823943
0.15204360 0.11659194
0.14644661 0.11490071
0.14093685 0.11316686
0.13551569 0.11139154
0.13018445 0.10957594
0.12494447 0.10772126
0.11979702 0.10582871
0.11474338 0.10389954
0.10978480 0.10193497
0.10492249 0.09993629
0.10015767 0.09790475
0.09549150 0.09584164
0.09092514 0.09374822
0.08645971 0.09162577
0.08209632 0.08947558
0.07783604 0.08729892
0.07367992 0.08509703
0.06962899 0.08287119
0.06568424 0.08062262
0.06184666 0.07835253
0.05811718 0.07606215
0.05449674 0.07375263
0.05098621 0.07142513
0.04758647 0.06908078
0.04429836 0.06672067
0.04112269 0.06434586
0.03806023 0.06195737
0.03511176 0.05955621
0.03227798 0.05714332
0.02955962 0.05471962
0.02695732 0.05228599
0.02447174 0.04984324
0.02210349 0.04739218
0.01985316 0.04493355
0.01772129 0.04246806
0.01570842 0.03999637
0.01381504 0.03751911
0.01204162 0.03503684
0.01038859 0.03255012
0.00885637 0.03005943
0.00744534 0.02756525
0.00615583 0.02506801
0.00498817 0.02256809
0.00394265 0.02006586
0.00301952 0.01756165
0.00221902 0.01505576
0.00154133 0.01254849
0.00098664 0.01004010
0.00055506 0.00753082
0.00024672 0.00502090
0.00006168 0.00251056
0.00000000 0.00000000
0.00006168 -0.00040051
0.00024672 -0.00080120
0.00055506 -0.00120224
0.00098664 -0.00160380
0.00154133 -0.00200605
0.00221902 -0.00240911
0.00301952 -0.00281312
0.00394265 -0.00321819
0.00498817 -0.00362439
0.00615583 -0.00403179
0.00744534 -0.00444042
0.00885637 -0.00485027
0.01038859 -0.00526130
0.01204162 -0.00567344
0.01381504 -0.00608659
0.01570842 -0.00650059
0.01772129 -0.00691524
0.01985316 -0.00733033
0.02210349 -0.00774556
0.02447174 -0.00816062
0.02695732 -0.00857515
0.02955962 -0.00898873
0.03227798 -0.00940090
0.03511176 -0.00981118
0.03806023 -0.01021902
0.04112269 -0.01062384
0.04429836 -0.01102502
0.04758647 -0.01142189
0.05098621 -0.01181376
0.05449674 -0.01219989
0.05811718 -0.01257952
0.06184666 -0.01295185
0.06568424 -0.01331607
0.06962899 -0.01367133
0.07367992 -0.01401676
0.07783604 -0.01435149
0.08209632 -0.01467462
0.08645971 -0.01498525
0.09092514 -0.01528249
0.09549150 -0.01556543
0.10015767 -0.01583315
0.10492249 -0.01608479
0.10978480 -0.01631945
0.11474338 -0.01653628
0.11979702 -0.01673444
0.12494447 -0.01691311
0.13018445 -0.01707152
0.13551569 -0.01720892
0.14093685 -0.01732460
0.14644661 -0.01741790
0.15204360 -0.01748820
0.15772645 -0.01753494
0.16349374 -0.01755761
0.16934407 -0.01755574
0.17527598 -0.01752895
0.18128801 -0.01747690
0.18737867 -0.01739933
0.19354647 -0.01729603
0.19978989 -0.01716689
0.20610737 -0.01701184
0.21249737 -0.01683088
0.21895831 -0.01662412
0.22548859 -0.01639169
0.23208660 -0.01613384
0.23875072 -0.01585087
0.24547929 -0.01554315
0.25227067 -0.01521113
0.25912316 -0.01485531
0.26603509 -0.01447629
0.27300475 -0.01407469
0.28003042 -0.01365124
0.28711035 -0.01320670
0.29424282 -0.01274190
0.30142605 -0.01225771
0.30865828 -0.01175505
0.31593772 -0.01123491
0.32326258 -0.01069829
0.33063104 -0.01014624
0.33804129 -0.00957986
0.34549150 -0.00900025
0.35297984 -0.00840855
0.36050445 -0.00780591
0.36806348 -0.00719351
0.37565506 -0.00657252
0.38327732 -0.00594413
0.39092838 -0.00530952
0.39860635 -0.00466987
0.40630934 -0.00402636
0.41403545 -0.00338013
0.42178277 -0.00273233
0.42954938 -0.00208409
0.43733338 -0.00143649
0.44513284 -0.00079060
0.45294584 -0.00014745
0.46077045 0.00049195
0.46860474 0.00112664
0.47644677 0.00175570
0.48429462 0.00237824
0.49214634 0.00299343
0.50000000 0.00360047
0.50785366 0.00419860
0.51570538 0.00478713
0.52355323 0.00536539
0.53139526 0.00593277
0.53922955 0.00648870
0.54705416 0.00703266
0.55486716 0.00756417
0.56266662 0.00808279
0.57045062 0.00858812
0.57821723 0.00907981
0.58596455 0.00955753
0.59369066 0.01002100
0.60139365 0.01046996
0.60907162 0.01090419
0.61672268 0.01132349
0.62434494 0.01172768
0.63193652 0.01211661
0.63949555 0.01249016
0.64702016 0.01284819
0.65450850 0.01319061
0.66195871 0.01351732
0.66936896 0.01382824
0.67673742 0.01412328
0.68406228 0.01440236
0.69134172 0.01466542
0.69857395 0.01491236
0.70575718 0.01514312
0.71288965 0.01535760
0.71996958 0.01555572
0.72699525 0.01573739
0.73396491 0.01590250
0.74087684 0.01605095
0.74772933 0.01618263
0.75452071 0.01629742
0.76124928 0.01639519
0.76791340 0.01647583
0.77451141 0.01653920
0.78104169 0.01658516
0.78750263 0.01661361
0.79389263 0.01662440
0.80021011 0.01661742
0.80645353 0.01659257
0.81262133 0.01654974
0.81871199 0.01648884
0.82472402 0.01640983
0.83065593 0.01631264
0.83650626 0.01619728
0.84227355 0.01606373
0.84795640 0.01591205
0.85355339 0.01574231
0.85906315 0.01555463
0.86448431 0.01534916
0.86981555 0.01512611
0.87505553 0.01488574
0.88020298 0.01462834
0.88525662 0.01435426
0.89021520 0.01406394
0.89507751 0.01375782
0.89984233 0.01343645
0.90450850 0.01310041
0.90907486 0.01275035
0.91354029 0.01238700
0.91790368 0.01201113
0.92216396 0.01162358
0.92632008 0.01122525
0.93037101 0.01081710
0.93431576 0.01040016
0.93815334 0.00997549
0.94188282 0.00954422
0.94550326 0.00910754
0.94901379 0.00866667
0.95241353 0.00822289
0.95570164 0.00777749
0.95887731 0.00733182
0.96193977 0.00688725
0.96488824 0.00644517
0.96772202 0.00600700
0.97044038 0.00557415
0.97304268 0.00514806
0.97552826 0.00473015
0.97789651 0.00432184
0.98014684 0.00392453
0.98227871 0.00353961
0.98429158 0.00316844
0.98618496 0.00281233
0.98795838 0.00247256
0.98961141 0.00215038
0.99114363 0.00184695
0.99255466 0.00156339
0.99384417 0.00130076
0.99501183 0.00106005
0.99605735 0.00084214
0.99698048 0.00064787
0.99778098 0.00047798
0.99845867 0.00033310
0.99901336 0.00021380
0.99944494 0.00012054
0.99975328 0.00005366
0.99993832 0.00001343
1.00000000 0.00000000
