sample_449
1.00000000 0.00000000
0.99993832 0.00002297
0.99975328 0.00009185
0.99944494 0.00020659
0.99901336 0.00036711
0.99845867 0.00057329
0.99778098 0.00082496
0.99698048 0.00112193
0.99605735 0.00146399
0.99501183 0.00185087
0.99384417 0.00228229
0.99255466 0.00275792
0.99114363 0.00327741
0.98961141 0.00384038
0.98795838 0.00444641
0.98618496 0.00509507
0.98429158 0.00578588
0.98227871 0.00651835
0.98014684 0.00729195
0.97789651 0.00810614
0.97552826 0.00896035
0.97304268 0.00985398
0.97044038 0.01078643
0.96772202 0.01175705
0.96488824 0.01276519
0.96193977 0.01381018
0.95887731 0.01489134
0.95570164 0.01600795
0.95241353 0.01715930
0.94901379 0.01834464
0.94550326 0.01956325
0.94188282 0.02081435
0.93815334 0.02209717
0.93431576 0.02341094
0.93037101 0.02475486
0.92632008 0.02612813
0.92216396 0.02752995
0.91790368 0.02895949
0.91354029 0.03041594
0.90907486 0.03189845
0.90450850 0.03340619
0.89984233 0.03493830
0.89507751 0.03649393
0.89021520 0.03807221
0.88525662 0.03967227
0.88020298 0.04129322
0.87505553 0.04293417
0.86981555 0.04459421
0.86448431 0.04627243
0.85906315 0.04796789
0.85355339 0.04967966
0.84795640 0.05140677
0.84227355 0.05314825
0.83650626 0.05490311
0.83065593 0.05667034
0.82472402 0.05844892
0.81871199 0.06023778
0.81262133 0.06203585
0.80645353 0.06384205
0.80021011 0.06565523
0.79389263 0.06747426
0.78750263 0.06929796
0.78104169 0.07112511
0.77451141 0.07295449
0.76791340 0.07478482
0.76124928 0.07661479
0.75452071 0.07844309
0.74772933 0.08026834
0.74087684 0.08208914
0.73396491 0.08390407
0.72699525 0.08571165
0.71996958 0.08751039
0.71288965 0.08929876
0.70575718 0.09107519
0.69857395 0.09283811
0.69134172 0.09458589
0.68406228 0.09631689
0.67673742 0.09802944
0.66936896 0.09972185
0.66195871 0.10139241
0.65450850 0.10303941
0.64702016 0.10466110
0.63949555 0.10625574
0.63193652 0.10782159
0.62434494 0.10935688
0.61672268 0.11085989
0.60907162 0.11232887
0.60139365 0.11376210
0.59369066 0.11515787
0.58596455 0.11651451
0.57821723 0.11783035
0.57045062 0.11910380
0.56266662 0.12033326
0.55486716 0.12151720
0.54705416 0.12265415
0.53922955 0.12374268
0.53139526 0.12478143
0.52355323 0.12576909
0.51570538 0.12670446
0.50785366 0.12758637
0.50000000 0.12841376
0.49214634 0.12918565
0.48429462 0.12990116
0.47644677 0.13055949
0.46860474 0.13115993
0.46077045 0.13170190
0.45294584 0.13218488
0.44513284 0.13260850
0.43733338 0.13297246
0.42954938 0.13327658
0.42178277 0.13352080
0.41403545 0.13370515
0.40630934 0.13382977
0.39860635 0.13389492
0.39092838 0.13390094
0.38327732 0.13384829
0.37565506 0.13373753
0.36806348 0.13356930
0.36050445 0.13334435
0.35297984 0.13306350
0.34549150 0.13272766
0.33804129 0.13233782
0.33063104 0.13189505
0.32326258 0.13140045
0.31593772 0.13085521
0.30865828 0.13026057
0.30142605 0.12961780
0.29424282 0.12892820
0.28711035 0.12819313
0.28003042 0.12741394
0.27300475 0.12659200
0.26603509 0.12572870
0.25912316 0.12482542
0.25227067 0.12388351
0.24547929 0.12290432
0.23875072 0.12188918
0.23208660 0.12083938
0.22548859 0.11975616
0.21895831 0.11864073
0.21249737 0.11749423
0.20610737 0.11631775
0.19978989 0.11511233
0.19354647 0.11387892
0.18737867 0.11261841
0.18128801 0.11133161
0.17527598 0.11001925
0.16934407 0.10868197
0.16349374 0.10732036
0.15772645 0.10593488
0.15204360 0.10452594
0.14644661 0.10309386
0.14093685 0.10163887
0.13551569 0.10016113
0.13018445 0.09866070
0.12494447 0.09713761
0.11979702 0.09559177
0.11474338 0.09402305
0.10978480 0.09243126
0.10492249 0.09081616
0.10015767 0.08917744
0.09549150 0.08751476
0.09092514 0.08582774
0.08645971 0.08411599
0.08209632 0.08237908
0.07783604 0.08061658
0.07367992 0.07882803
0.06962899 0.07701301
0.06568424 0.07517109
0.06184666 0.07330187
0.05811718 0.07140496
0.05449674 0.06948004
0.05098621 0.06752679
0.04758647 0.06554498
0.04429836 0.06353441
0.04112269 0.06149497
0.03806023 0.05942661
0.03511176 0.05732934
0.03227798 0.05520328
0.02955962 0.05304862
0.02695732 0.05086565
0.02447174 0.04865475
0.02210349 0.04641639
0.01985316 0.04415115
0.01772129 0.04185970
0.01570842 0.03954282
0.01381504 0.03720138
0.01204162 0.03483635
0.01038859 0.03244880
0.00885637 0.03003991
0.00744534 0.02761091
0.00615583 0.02516315
0.00498817 0.02269806
0.00394265 0.02021714
0.00301952 0.01772195
0.00221902 0.01521414
0.00154133 0.01269539
0.00098664 0.01016746
0.00055506 0.00763212
0.00024672 0.00509119
0.00006168 0.00254653
0.00000000 0.00000000
0.00006168 -0.00078554
0.00024672 -0.00157016
0.00055506 -0.00235297
0.00098664 -0.00313305
0.00154133 -0.00390948
0.00221902 -0.00468133
0.00301952 -0.00544767
0.00394265 -0.00620755
0.00498817 -0.00696002
0.00615583 -0.00770411
0.00744534 -0.00843882
0.00885637 -0.00916318
0.01038859 -0.00987616
0.01204162 -0.01057675
0.01381504 -0.01126390
0.01570842 -0.01193657
0.01772129 -0.01259369
0.01985316 -0.01323420
0.02210349 -0.01385701
0.02447174 -0.01446103
0.02695732 -0.01504519
0.02955962 -0.01560839
0.03227798 -0.01614954
0.03511176 -0.01666756
0.03806023 -0.01716137
0.04112269 -0.01762992
0.04429836 -0.01807217
0.04758647 -0.01848709
0.05098621 -0.01887369
0.05449674 -0.01923101
0.05811718 -0.01955812
0.06184666 -0.01985414
0.06568424 -0.02011822
0.06962899 -0.02034957
0.07367992 -0.02054746
0.07783604 -0.02071122
0.08209632 -0.02084022
0.08645971 -0.02093394
0.09092514 -0.02099191
0.09549150 -0.02101373
0.10015767 -0.02099909
0.10492249 -0.02094777
0.10978480 -0.02085963
0.11474338 -0.02073464
0.11979702 -0.02057282
0.12494447 -0.02037433
0.13018445 -0.02013940
0.13551569 -0.01986836
0.14093685 -0.01956166
0.14644661 -0.01921981
0.15204360 -0.01884345
0.15772645 -0.01843330
0.16349374 -0.01799017
0.16934407 -0.01751499
0.17527598 -0.01700875
0.18128801 -0.01647254
0.18737867 -0.01590754
0.19354647 -0.01531500
0.19978989 -0.01469625
0.20610737 -0.01405270
0.21249737 -0.01338580
0.21895831 -0.01269709
0.22548859 -0.01198815
0.23208660 -0.01126061
0.23875072 -0.01051615
0.24547929 -0.00975648
0.25227067 -0.00898333
0.25912316 -0.00819847
0.26603509 -0.00740367
0.27300475 -0.00660072
0.28003042 -0.00579140
0.28711035 -0.00497750
0.29424282 -0.00416078
0.30142605 -0.00334299
0.30865828 -0.00252586
0.31593772 -0.00171108
0.32326258 -0.00090029
0.33063104 -0.00009510
0.33804129 0.00070292
0.34549150 0.00149227
0.35297984 0.00227151
0.36050445 0.00303927
0.36806348 0.00379423
0.37565506 0.00453516
0.38327732 0.00526089
0.39092838 0.00597034
0.39860635 0.00666251
0.40630934 0.00733648
0.41403545 0.00799140
0.42178277 0.00862653
0.42954938 0.00924120
0.43733338 0.00983481
0.44513284 0.01040687
0.45294584 0.01095697
0.46077045 0.01148475
0.46860474 0.01198997
0.47644677 0.01247244
0.48429462 0.01293206
0.49214634 0.01336878
0.50000000 0.01378265
0.50785366 0.01417374
0.51570538 0.01454223
0.52355323 0.01488832
0.53139526 0.01521227
0.53922955 0.01551440
0.54705416 0.01579506
0.55486716 0.01605464
0.56266662 0.01629356
0.57045062 0.01651229
0.57821723 0.01671129
0.58596455 0.01689108
0.59369066 0.01705216
0.60139365 0.01719505
0.60907162 0.01732030
0.61672268 0.01742843
0.62434494 0.01751997
0.63193652 0.01759546
0.63949555 0.01765541
0.64702016 0.01770034
0.65450850 0.01773073
0.66195871 0.01774707
0.66936896 0.01774981
0.67673742 0.01773940
0.68406228 0.01771625
0.69134172 0.01768076
0.69857395 0.01763328
0.70575718 0.01757418
0.71288965 0.01750375
0.71996958 0.01742231
0.72699525 0.01733012
0.73396491 0.01722742
0.74087684 0.01711443
0.74772933 0.01699135
0.75452071 0.01685837
0.76124928 0.01671564
0.76791340 0.01656331
0.77451141 0.01640150
0.78104169 0.01623033
0.78750263 0.01604991
0.79389263 0.01586033
0.80021011 0.01566168
0.80645353 0.01545405
0.81262133 0.01523753
0.81871199 0.01501222
0.82472402 0.01477821
0.83065593 0.01453561
0.83650626 0.01428453
0.84227355 0.01402510
0.84795640 0.01375747
0.85355339 0.01348179
0.85906315 0.01319827
0.86448431 0.01290709
0.86981555 0.01260850
0.87505553 0.01230274
0.88020298 0.01199011
0.88525662 0.01167090
0.89021520 0.01134547
0.89507751 0.01101418
0.89984233 0.01067744
0.90450850 0.01033569
0.90907486 0.00998938
0.91354029 0.00963901
0.91790368 0.00928512
0.92216396 0.00892825
0.92632008 0.00856900
0.93037101 0.00820799
0.93431576 0.00784584
0.93815334 0.00748324
0.94188282 0.00712086
0.94550326 0.00675943
0.94901379 0.00639967
0.95241353 0.00604233
0.95570164 0.00568816
0.95887731 0.00533796
0.96193977 0.00499248
0.96488824 0.00465254
0.96772202 0.00431890
0.97044038 0.00399237
0.97304268 0.00367374
0.97552826 0.00336377
0.97789651 0.00306325
0.98014684 0.00277293
0.98227871 0.00249355
0.98429158 0.00222584
0.98618496 0.00197049
0.98795838 0.00172818
0.98961141 0.00149956
0.99114363 0.00128525
0.99255466 0.00108581
0.99384417 0.00090181
0.99501183 0.00073374
0.99605735 0.00058208
0.99698048 0.00044723
0.99778098 0.00032959
0.99845867 0.00022948
0.99901336 0.00014718
0.99944494 0.00008293
0.99975328 0.00003690
0.99993832 0.00000923
1.00000000 0.00000000
