sample_1317
1.00000000 0.00000000
0.99993832 0.00002181
0.99975328 0.00008720
0.99944494 0.00019613
0.99901336 0.00034848
0.99845867 0.00054411
0.99778098 0.00078284
0.99698048 0.00106445
0.99605735 0.00138867
0.99501183 0.00175520
0.99384417 0.00216372
0.99255466 0.00261385
0.99114363 0.00310519
0.98961141 0.00363732
0.98795838 0.00420978
0.98618496 0.00482207
0.98429158 0.00547370
0.98227871 0.00616413
0.98014684 0.00689280
0.97789651 0.00765915
0.97552826 0.00846259
0.97304268 0.00930253
0.97044038 0.01017834
0.96772202 0.01108941
0.96488824 0.01203511
0.96193977 0.01301481
0.95887731 0.01402788
0.95570164 0.01507368
0.95241353 0.01615157
0.94901379 0.01726092
0.94550326 0.01840110
0.94188282 0.01957149
0.93815334 0.02077145
0.93431576 0.02200039
0.93037101 0.02325769
0.92632008 0.02454276
0.92216396 0.02585500
0.91790368 0.02719384
0.91354029 0.02855870
0.90907486 0.02994902
0.90450850 0.03136425
0.89984233 0.03280382
0.89507751 0.03426719
0.89021520 0.03575383
0.88525662 0.03726320
0.88020298 0.03879475
0.87505553 0.04034796
0.86981555 0.04192229
0.86448431 0.04351720
0.85906315 0.04513214
0.85355339 0.04676656
0.84795640 0.04841988
0.84227355 0.05009153
0.83650626 0.05178092
0.83065593 0.05348743
0.82472402 0.05521043
0.81871199 0.05694925
0.81262133 0.05870322
0.80645353 0.06047162
0.80021011 0.06225371
0.79389263 0.06404870
0.78750263 0.06585577
0.78104169 0.06767408
0.77451141 0.06950272
0.76791340 0.07134075
0.76124928 0.07318718
0.75452071 0.07504097
0.74772933 0.07690104
0.74087684 0.07876625
0.73396491 0.08063540
0.72699525 0.08250726
0.71996958 0.08438053
0.71288965 0.08625384
0.70575718 0.08812579
0.69857395 0.08999492
0.69134172 0.09185970
0.68406228 0.09371856
0.67673742 0.09556986
0.66936896 0.09741192
0.66195871 0.09924301
0.65450850 0.10106133
0.64702016 0.10286505
0.63949555 0.10465229
0.63193652 0.10642112
0.62434494 0.10816958
0.61672268 0.10989565
0.60907162 0.11159731
0.60139365 0.11327247
0.59369066 0.11491904
0.58596455 0.11653489
0.57821723 0.11811790
0.57045062 0.11966589
0.56266662 0.12117671
0.55486716 0.12264818
0.54705416 0.12407814
0.53922955 0.12546442
0.53139526 0.12680488
0.52355323 0.12809737
0.51570538 0.12933978
0.50785366 0.13053002
0.50000000 0.13166605
0.49214634 0.13274586
0.48429462 0.13376747
0.47644677 0.13472897
0.46860474 0.13562850
0.46077045 0.13646428
0.45294584 0.13723457
0.44513284 0.13793772
0.43733338 0.13857216
0.42954938 0.13913642
0.42178277 0.13962908
0.41403545 0.14004886
0.40630934 0.14039456
0.39860635 0.14066508
0.39092838 0.14085944
0.38327732 0.14097678
0.37565506 0.14101634
0.36806348 0.14097749
0.36050445 0.14085974
0.35297984 0.14066270
0.34549150 0.14038614
0.33804129 0.14002993
0.33063104 0.13959411
0.32326258 0.13907884
0.31593772 0.13848441
0.30865828 0.13781125
0.30142605 0.13705994
0.29424282 0.13623120
0.28711035 0.13532587
0.28003042 0.13434494
0.27300475 0.13328953
0.26603509 0.13216090
0.25912316 0.13096043
0.25227067 0.12968964
0.24547929 0.12835017
0.23875072 0.12694378
0.23208660 0.12547235
0.22548859 0.12393786
0.21895831 0.12234241
0.21249737 0.12068821
0.20610737 0.11897756
0.19978989 0.11721282
0.19354647 0.11539649
0.18737867 0.11353110
0.18128801 0.11161926
0.17527598 0.10966367
0.16934407 0.10766705
0.16349374 0.10563218
0.15772645 0.10356187
0.15204360 0.10145898
0.14644661 0.09932638
0.14093685 0.09716694
0.13551569 0.09498354
0.13018445 0.09277908
0.12494447 0.09055641
0.11979702 0.08831837
0.11474338 0.08606777
0.10978480 0.08380738
0.10492249 0.08153993
0.10015767 0.07926806
0.09549150 0.07699438
0.09092514 0.07472141
0.08645971 0.07245157
0.08209632 0.07018722
0.07783604 0.06793061
0.07367992 0.06568386
0.06962899 0.06344903
0.06568424 0.06122802
0.06184666 0.05902261
0.05811718 0.05683448
0.05449674 0.05466515
0.05098621 0.05251600
0.04758647 0.05038828
0.04429836 0.04828309
0.04112269 0.04620140
0.03806023 0.04414399
0.03511176 0.04211152
0.03227798 0.04010450
0.02955962 0.03812327
0.02695732 0.03616802
0.02447174 0.03423880
0.02210349 0.03233550
0.01985316 0.03045788
0.01772129 0.02860552
0.01570842 0.02677791
0.01381504 0.02497435
0.01204162 0.02319405
0.01038859 0.02143607
0.00885637 0.01969936
0.00744534 0.01798275
0.00615583 0.01628496
0.00498817 0.01460462
0.00394265 0.01294025
0.00301952 0.01129030
0.00221902 0.00965314
0.00154133 0.00802707
0.00098664 0.00641032
0.00055506 0.00480111
0.00024672 0.00319757
0.00006168 0.00159783
0.00000000 0.00000000
0.00006168 -0.00123467
0.00024672 -0.00246682
0.00055506 -0.00369397
0.00098664 -0.00491360
0.00154133 -0.00612326
0.00221902 -0.00732049
0.00301952 -0.00850288
0.00394265 -0.00966803
0.00498817 -0.01081362
0.00615583 -0.01193735
0.00744534 -0.01303698
0.00885637 -0.01411034
0.01038859 -0.01515531
0.01204162 -0.01616986
0.01381504 -0.01715202
0.01570842 -0.01809990
0.01772129 -0.01901171
0.01985316 -0.01988575
0.02210349 -0.02072040
0.02447174 -0.02151415
0.02695732 -0.02226561
0.02955962 -0.02297347
0.03227798 -0.02363655
0.03511176 -0.02425380
0.03806023 -0.02482425
0.04112269 -0.02534708
0.04429836 -0.02582160
0.04758647 -0.02624722
0.05098621 -0.02662350
0.05449674 -0.02695012
0.05811718 -0.02722689
0.06184666 -0.02745376
0.06568424 -0.02763079
0.06962899 -0.02775819
0.07367992 -0.02783630
0.07783604 -0.02786556
0.08209632 -0.02784658
0.08645971 -0.02778005
0.09092514 -0.02766680
0.09549150 -0.02750779
0.10015767 -0.02730407
0.10492249 -0.02705681
0.10978480 -0.02676729
0.11474338 -0.02643688
0.11979702 -0.02606704
0.12494447 -0.02565932
0.13018445 -0.02521538
0.13551569 -0.02473690
0.14093685 -0.02422567
0.14644661 -0.02368353
0.15204360 -0.02311236
0.15772645 -0.02251410
0.16349374 -0.02189071
0.16934407 -0.02124419
0.17527598 -0.02057656
0.18128801 -0.01988984
0.18737867 -0.01918606
0.19354647 -0.01846725
0.19978989 -0.01773542
0.20610737 -0.01699255
0.21249737 -0.01624059
0.21895831 -0.01548146
0.22548859 -0.01471704
0.23208660 -0.01394914
0.23875072 -0.01317952
0.24547929 -0.01240986
0.25227067 -0.01164177
0.25912316 -0.01087681
0.26603509 -0.01011640
0.27300475 -0.00936192
0.28003042 -0.00861463
0.28711035 -0.00787571
0.29424282 -0.00714621
0.30142605 -0.00642711
0.30865828 -0.00571927
0.31593772 -0.00502344
0.32326258 -0.00434028
0.33063104 -0.00367033
0.33804129 -0.00301402
0.34549150 -0.00237170
0.35297984 -0.00174359
0.36050445 -0.00112983
0.36806348 -0.00053046
0.37565506 0.00005458
0.38327732 0.00062542
0.39092838 0.00118228
0.39860635 0.00172547
0.40630934 0.00225536
0.41403545 0.00277237
0.42178277 0.00327701
0.42954938 0.00376981
0.43733338 0.00425136
0.44513284 0.00472229
0.45294584 0.00518326
0.46077045 0.00563492
0.46860474 0.00607798
0.47644677 0.00651311
0.48429462 0.00694103
0.49214634 0.00736240
0.50000000 0.00777789
0.50785366 0.00818814
0.51570538 0.00859376
0.52355323 0.00899533
0.53139526 0.00939337
0.53922955 0.00978835
0.54705416 0.01018072
0.55486716 0.01057081
0.56266662 0.01095895
0.57045062 0.01134534
0.57821723 0.01173017
0.58596455 0.01211350
0.59369066 0.01249535
0.60139365 0.01287565
0.60907162 0.01325425
0.61672268 0.01363092
0.62434494 0.01400535
0.63193652 0.01437717
0.63949555 0.01474591
0.64702016 0.01511103
0.65450850 0.01547193
0.66195871 0.01582794
0.66936896 0.01617832
0.67673742 0.01652227
0.68406228 0.01685895
0.69134172 0.01718745
0.69857395 0.01750683
0.70575718 0.01781611
0.71288965 0.01811428
0.71996958 0.01840029
0.72699525 0.01867310
0.73396491 0.01893165
0.74087684 0.01917486
0.74772933 0.01940167
0.75452071 0.01961104
0.76124928 0.01980193
0.76791340 0.01997334
0.77451141 0.02012430
0.78104169 0.02025388
0.78750263 0.02036119
0.79389263 0.02044541
0.80021011 0.02050578
0.80645353 0.02054158
0.81262133 0.02055219
0.81871199 0.02053708
0.82472402 0.02049575
0.83065593 0.02042785
0.83650626 0.02033307
0.84227355 0.02021123
0.84795640 0.02006223
0.85355339 0.01988608
0.85906315 0.01968288
0.86448431 0.01945284
0.86981555 0.01919628
0.87505553 0.01891361
0.88020298 0.01860537
0.88525662 0.01827219
0.89021520 0.01791478
0.89507751 0.01753399
0.89984233 0.01713075
0.90450850 0.01670608
0.90907486 0.01626110
0.91354029 0.01579702
0.91790368 0.01531512
0.92216396 0.01481679
0.92632008 0.01430347
0.93037101 0.01377667
0.93431576 0.01323797
0.93815334 0.01268901
0.94188282 0.01213147
0.94550326 0.01156710
0.94901379 0.01099767
0.95241353 0.01042498
0.95570164 0.00985085
0.95887731 0.00927714
0.96193977 0.00870571
0.96488824 0.00813841
0.96772202 0.00757710
0.97044038 0.00702363
0.97304268 0.00647983
0.97552826 0.00594750
0.97789651 0.00542841
0.98014684 0.00492430
0.98227871 0.00443685
0.98429158 0.00396770
0.98618496 0.00351843
0.98795838 0.00309056
0.98961141 0.00268553
0.99114363 0.00230470
0.99255466 0.00194937
0.99384417 0.00162075
0.99501183 0.00131995
0.99605735 0.00104800
0.99698048 0.00080582
0.99778098 0.00059423
0.99845867 0.00041395
0.99901336 0.00026561
0.99944494 0.00014971
0.99975328 0.00006663
0.99993832 0.00001667
1.00000000 0.00000000
