sample_619
1.00000000 0.00000000
0.99993832 0.00002878
0.99975328 0.00011506
0.99944494 0.00025870
0.99901336 0.00045945
0.99845867 0.00071696
0.99778098 0.00103078
0.99698048 0.00140039
0.99605735 0.00182515
0.99501183 0.00230433
0.99384417 0.00283712
0.99255466 0.00342262
0.99114363 0.00405986
0.98961141 0.00474777
0.98795838 0.00548521
0.98618496 0.00627096
0.98429158 0.00710376
0.98227871 0.00798226
0.98014684 0.00890505
0.97789651 0.00987068
0.97552826 0.01087763
0.97304268 0.01192437
0.97044038 0.01300929
0.96772202 0.01413077
0.96488824 0.01528716
0.96193977 0.01647678
0.95887731 0.01769793
0.95570164 0.01894891
0.95241353 0.02022801
0.94901379 0.02153351
0.94550326 0.02286370
0.94188282 0.02421689
0.93815334 0.02559139
0.93431576 0.02698555
0.93037101 0.02839772
0.92632008 0.02982631
0.92216396 0.03126974
0.91790368 0.03272649
0.91354029 0.03419506
0.90907486 0.03567403
0.90450850 0.03716200
0.89984233 0.03865764
0.89507751 0.04015968
0.89021520 0.04166690
0.88525662 0.04317814
0.88020298 0.04469231
0.87505553 0.04620838
0.86981555 0.04772539
0.86448431 0.04924243
0.85906315 0.05075867
0.85355339 0.05227333
0.84795640 0.05378571
0.84227355 0.05529513
0.83650626 0.05680103
0.83065593 0.05830285
0.82472402 0.05980011
0.81871199 0.06129237
0.81262133 0.06277925
0.80645353 0.06426038
0.80021011 0.06573546
0.79389263 0.06720421
0.78750263 0.06866637
0.78104169 0.07012170
0.77451141 0.07157000
0.76791340 0.07301105
0.76124928 0.07444465
0.75452071 0.07587061
0.74772933 0.07728871
0.74087684 0.07869874
0.73396491 0.08010045
0.72699525 0.08149359
0.71996958 0.08287786
0.71288965 0.08425296
0.70575718 0.08561850
0.69857395 0.08697409
0.69134172 0.08831928
0.68406228 0.08965357
0.67673742 0.09097640
0.66936896 0.09228715
0.66195871 0.09358516
0.65450850 0.09486969
0.64702016 0.09613994
0.63949555 0.09739505
0.63193652 0.09863410
0.62434494 0.09985610
0.61672268 0.10106001
0.60907162 0.10224470
0.60139365 0.10340901
0.59369066 0.10455172
0.58596455 0.10567155
0.57821723 0.10676717
0.57045062 0.10783722
0.56266662 0.10888028
0.55486716 0.10989492
0.54705416 0.11087966
0.53922955 0.11183300
0.53139526 0.11275346
0.52355323 0.11363950
0.51570538 0.11448961
0.50785366 0.11530230
0.50000000 0.11607605
0.49214634 0.11680941
0.48429462 0.11750092
0.47644677 0.11814918
0.46860474 0.11875284
0.46077045 0.11931058
0.45294584 0.11982116
0.44513284 0.12028340
0.43733338 0.12069618
0.42954938 0.12105849
0.42178277 0.12136937
0.41403545 0.12162798
0.40630934 0.12183357
0.39860635 0.12198547
0.39092838 0.12208314
0.38327732 0.12212614
0.37565506 0.12211413
0.36806348 0.12204689
0.36050445 0.12192432
0.35297984 0.12174642
0.34549150 0.12151331
0.33804129 0.12122523
0.33063104 0.12088250
0.32326258 0.12048558
0.31593772 0.12003504
0.30865828 0.11953151
0.30142605 0.11897576
0.29424282 0.11836864
0.28711035 0.11771106
0.28003042 0.11700405
0.27300475 0.11624869
0.26603509 0.11544614
0.25912316 0.11459761
0.25227067 0.11370436
0.24547929 0.11276771
0.23875072 0.11178900
0.23208660 0.11076961
0.22548859 0.10971093
0.21895831 0.10861438
0.21249737 0.10748136
0.20610737 0.10631329
0.19978989 0.10511155
0.19354647 0.10387754
0.18737867 0.10261260
0.18128801 0.10131804
0.17527598 0.09999515
0.16934407 0.09864517
0.16349374 0.09726927
0.15772645 0.09586859
0.15204360 0.09444419
0.14644661 0.09299708
0.14093685 0.09152819
0.13551569 0.09003840
0.13018445 0.08852851
0.12494447 0.08699925
0.11979702 0.08545127
0.11474338 0.08388516
0.10978480 0.08230145
0.10492249 0.08070057
0.10015767 0.07908292
0.09549150 0.07744881
0.09092514 0.07579851
0.08645971 0.07413222
0.08209632 0.07245011
0.07783604 0.07075227
0.07367992 0.06903878
0.06962899 0.06730969
0.06568424 0.06556498
0.06184666 0.06380465
0.05811718 0.06202867
0.05449674 0.06023698
0.05098621 0.05842956
0.04758647 0.05660634
0.04429836 0.05476730
0.04112269 0.05291241
0.03806023 0.05104168
0.03511176 0.04915513
0.03227798 0.04725282
0.02955962 0.04533485
0.02695732 0.04340135
0.02447174 0.04145250
0.02210349 0.03948853
0.01985316 0.03750972
0.01772129 0.03551641
0.01570842 0.03350898
0.01381504 0.03148788
0.01204162 0.02945361
0.01038859 0.02740674
0.00885637 0.02534788
0.00744534 0.02327771
0.00615583 0.02119695
0.00498817 0.01910639
0.00394265 0.01700685
0.00301952 0.01489922
0.00221902 0.01278439
0.00154133 0.01066334
0.00098664 0.00853704
0.00055506 0.00640651
0.00024672 0.00427279
0.00006168 0.00213693
0.00000000 0.00000000
0.00006168 -0.00043930
0.00024672 -0.00087705
0.00055506 -0.00131171
0.00098664 -0.00174175
0.00154133 -0.00216568
0.00221902 -0.00258202
0.00301952 -0.00298935
0.00394265 -0.00338631
0.00498817 -0.00377158
0.00615583 -0.00414389
0.00744534 -0.00450208
0.00885637 -0.00484504
0.01038859 -0.00517174
0.01204162 -0.00548125
0.01381504 -0.00577273
0.01570842 -0.00604543
0.01772129 -0.00629870
0.01985316 -0.00653199
0.02210349 -0.00674485
0.02447174 -0.00693694
0.02695732 -0.00710801
0.02955962 -0.00725793
0.03227798 -0.00738665
0.03511176 -0.00749425
0.03806023 -0.00758088
0.04112269 -0.00764679
0.04429836 -0.00769233
0.04758647 -0.00771792
0.05098621 -0.00772408
0.05449674 -0.00771138
0.05811718 -0.00768049
0.06184666 -0.00763212
0.06568424 -0.00756704
0.06962899 -0.00748608
0.07367992 -0.00739011
0.07783604 -0.00728002
0.08209632 -0.00715674
0.08645971 -0.00702122
0.09092514 -0.00687441
0.09549150 -0.00671728
0.10015767 -0.00655080
0.10492249 -0.00637590
0.10978480 -0.00619352
0.11474338 -0.00600456
0.11979702 -0.00580990
0.12494447 -0.00561038
0.13018445 -0.00540678
0.13551569 -0.00519984
0.14093685 -0.00499026
0.14644661 -0.00477866
0.15204360 -0.00456560
0.15772645 -0.00435158
0.16349374 -0.00413704
0.16934407 -0.00392233
0.17527598 -0.00370772
0.18128801 -0.00349344
0.18737867 -0.00327960
0.19354647 -0.00306628
0.19978989 -0.00285346
0.20610737 -0.00264104
0.21249737 -0.00242887
0.21895831 -0.00221673
0.22548859 -0.00200431
0.23208660 -0.00179128
0.23875072 -0.00157722
0.24547929 -0.00136166
0.25227067 -0.00114410
0.25912316 -0.00092398
0.26603509 -0.00070072
0.27300475 -0.00047369
0.28003042 -0.00024225
0.28711035 -0.00000574
0.29424282 0.00023652
0.30142605 0.00048521
0.30865828 0.00074102
0.31593772 0.00100460
0.32326258 0.00127662
0.33063104 0.00155771
0.33804129 0.00184849
0.34549150 0.00214952
0.35297984 0.00246134
0.36050445 0.00278444
0.36806348 0.00311926
0.37565506 0.00346619
0.38327732 0.00382554
0.39092838 0.00419759
0.39860635 0.00458251
0.40630934 0.00498043
0.41403545 0.00539139
0.42178277 0.00581536
0.42954938 0.00625224
0.43733338 0.00670182
0.44513284 0.00716384
0.45294584 0.00763795
0.46077045 0.00812370
0.46860474 0.00862058
0.47644677 0.00912800
0.48429462 0.00964528
0.49214634 0.01017166
0.50000000 0.01070633
0.50785366 0.01124839
0.51570538 0.01179688
0.52355323 0.01235077
0.53139526 0.01290897
0.53922955 0.01347034
0.54705416 0.01403370
0.55486716 0.01459779
0.56266662 0.01516135
0.57045062 0.01572306
0.57821723 0.01628157
0.58596455 0.01683552
0.59369066 0.01738353
0.60139365 0.01792419
0.60907162 0.01845611
0.61672268 0.01897788
0.62434494 0.01948810
0.63193652 0.01998539
0.63949555 0.02046838
0.64702016 0.02093571
0.65450850 0.02138608
0.66195871 0.02181819
0.66936896 0.02223081
0.67673742 0.02262273
0.68406228 0.02299280
0.69134172 0.02333991
0.69857395 0.02366304
0.70575718 0.02396118
0.71288965 0.02423344
0.71996958 0.02447896
0.72699525 0.02469696
0.73396491 0.02488675
0.74087684 0.02504770
0.74772933 0.02517926
0.75452071 0.02528097
0.76124928 0.02535244
0.76791340 0.02539338
0.77451141 0.02540357
0.78104169 0.02538288
0.78750263 0.02533127
0.79389263 0.02524878
0.80021011 0.02513552
0.80645353 0.02499173
0.81262133 0.02481768
0.81871199 0.02461375
0.82472402 0.02438040
0.83065593 0.02411818
0.83650626 0.02382769
0.84227355 0.02350963
0.84795640 0.02316477
0.85355339 0.02279393
0.85906315 0.02239804
0.86448431 0.02197804
0.86981555 0.02153500
0.87505553 0.02106999
0.88020298 0.02058417
0.88525662 0.02007876
0.89021520 0.01955499
0.89507751 0.01901418
0.89984233 0.01845768
0.90450850 0.01788687
0.90907486 0.01730317
0.91354029 0.01670804
0.91790368 0.01610295
0.92216396 0.01548943
0.92632008 0.01486899
0.93037101 0.01424318
0.93431576 0.01361356
0.93815334 0.01298169
0.94188282 0.01234915
0.94550326 0.01171750
0.94901379 0.01108832
0.95241353 0.01046316
0.95570164 0.00984358
0.95887731 0.00923111
0.96193977 0.00862727
0.96488824 0.00803356
0.96772202 0.00745145
0.97044038 0.00688237
0.97304268 0.00632774
0.97552826 0.00578893
0.97789651 0.00526727
0.98014684 0.00476405
0.98227871 0.00428051
0.98429158 0.00381785
0.98618496 0.00337721
0.98795838 0.00295967
0.98961141 0.00256628
0.99114363 0.00219800
0.99255466 0.00185573
0.99384417 0.00154033
0.99501183 0.00125257
0.99605735 0.00099316
0.99698048 0.00076274
0.99778098 0.00056188
0.99845867 0.00039108
0.99901336 0.00025076
0.99944494 0.00014126
0.99975328 0.00006285
0.99993832 0.00001572
1.00000000 0.00000000
