sample_139
1.00000000 0.00000000
0.99993832 0.00002359
0.99975328 0.00009433
0.99944494 0.00021212
0.99901336 0.00037680
0.99845867 0.00058814
0.99778098 0.00084585
0.99698048 0.00114958
0.99605735 0.00149891
0.99501183 0.00189336
0.99384417 0.00233241
0.99255466 0.00281546
0.99114363 0.00334188
0.98961141 0.00391095
0.98795838 0.00452194
0.98618496 0.00517405
0.98429158 0.00586645
0.98227871 0.00659825
0.98014684 0.00736853
0.97789651 0.00817634
0.97552826 0.00902070
0.97304268 0.00990058
0.97044038 0.01081494
0.96772202 0.01176273
0.96488824 0.01274285
0.96193977 0.01375422
0.95887731 0.01479573
0.95570164 0.01586625
0.95241353 0.01696467
0.94901379 0.01808988
0.94550326 0.01924075
0.94188282 0.02041618
0.93815334 0.02161508
0.93431576 0.02283635
0.93037101 0.02407893
0.92632008 0.02534178
0.92216396 0.02662388
0.91790368 0.02792422
0.91354029 0.02924184
0.90907486 0.03057581
0.90450850 0.03192522
0.89984233 0.03328921
0.89507751 0.03466694
0.89021520 0.03605762
0.88525662 0.03746050
0.88020298 0.03887488
0.87505553 0.04030007
0.86981555 0.04173544
0.86448431 0.04318042
0.85906315 0.04463445
0.85355339 0.04609703
0.84795640 0.04756768
0.84227355 0.04904597
0.83650626 0.05053151
0.83065593 0.05202394
0.82472402 0.05352292
0.81871199 0.05502816
0.81262133 0.05653937
0.80645353 0.05805631
0.80021011 0.05957873
0.79389263 0.06110643
0.78750263 0.06263919
0.78104169 0.06417681
0.77451141 0.06571910
0.76791340 0.06726585
0.76124928 0.06881687
0.75452071 0.07037194
0.74772933 0.07193082
0.74087684 0.07349327
0.73396491 0.07505900
0.72699525 0.07662771
0.71996958 0.07819907
0.71288965 0.07977268
0.70575718 0.08134813
0.69857395 0.08292495
0.69134172 0.08450260
0.68406228 0.08608050
0.67673742 0.08765802
0.66936896 0.08923446
0.66195871 0.09080903
0.65450850 0.09238090
0.64702016 0.09394917
0.63949555 0.09551283
0.63193652 0.09707084
0.62434494 0.09862206
0.61672268 0.10016527
0.60907162 0.10169919
0.60139365 0.10322245
0.59369066 0.10473361
0.58596455 0.10623114
0.57821723 0.10771347
0.57045062 0.10917893
0.56266662 0.11062580
0.55486716 0.11205228
0.54705416 0.11345653
0.53922955 0.11483663
0.53139526 0.11619062
0.52355323 0.11751650
0.51570538 0.11881222
0.50785366 0.12007571
0.50000000 0.12130484
0.49214634 0.12249750
0.48429462 0.12365153
0.47644677 0.12476477
0.46860474 0.12583508
0.46077045 0.12686031
0.45294584 0.12783832
0.44513284 0.12876701
0.43733338 0.12964431
0.42954938 0.13046817
0.42178277 0.13123661
0.41403545 0.13194769
0.40630934 0.13259954
0.39860635 0.13319036
0.39092838 0.13371844
0.38327732 0.13418214
0.37565506 0.13457992
0.36806348 0.13491033
0.36050445 0.13517204
0.35297984 0.13536384
0.34549150 0.13548461
0.33804129 0.13553337
0.33063104 0.13550928
0.32326258 0.13541160
0.31593772 0.13523976
0.30865828 0.13499330
0.30142605 0.13467193
0.29424282 0.13427548
0.28711035 0.13380393
0.28003042 0.13325741
0.27300475 0.13263620
0.26603509 0.13194071
0.25912316 0.13117151
0.25227067 0.13032931
0.24547929 0.12941494
0.23875072 0.12842941
0.23208660 0.12737381
0.22548859 0.12624941
0.21895831 0.12505757
0.21249737 0.12379979
0.20610737 0.12247768
0.19978989 0.12109296
0.19354647 0.11964745
0.18737867 0.11814307
0.18128801 0.11658182
0.17527598 0.11496580
0.16934407 0.11329716
0.16349374 0.11157815
0.15772645 0.10981103
0.15204360 0.10799816
0.14644661 0.10614191
0.14093685 0.10424468
0.13551569 0.10230892
0.13018445 0.10033707
0.12494447 0.09833159
0.11979702 0.09629494
0.11474338 0.09422955
0.10978480 0.09213786
0.10492249 0.09002226
0.10015767 0.08788512
0.09549150 0.08572877
0.09092514 0.08355546
0.08645971 0.08136743
0.08209632 0.07916683
0.07783604 0.07695573
0.07367992 0.07473615
0.06962899 0.07251001
0.06568424 0.07027916
0.06184666 0.06804534
0.05811718 0.06581021
0.05449674 0.06357532
0.05098621 0.06134212
0.04758647 0.05911196
0.04429836 0.05688608
0.04112269 0.05466561
0.03806023 0.05245155
0.03511176 0.05024482
0.03227798 0.04804622
0.02955962 0.04585641
0.02695732 0.04367597
0.02447174 0.04150535
0.02210349 0.03934491
0.01985316 0.03719488
0.01772129 0.03505541
0.01570842 0.03292651
0.01381504 0.03080814
0.01204162 0.02870013
0.01038859 0.02660222
0.00885637 0.02451408
0.00744534 0.02243530
0.00615583 0.02036536
0.00498817 0.01830371
0.00394265 0.01624971
0.00301952 0.01420267
0.00221902 0.01216183
0.00154133 0.01012640
0.00098664 0.00809554
0.00055506 0.00606838
0.00024672 0.00404402
0.00006168 0.00202154
0.00000000 0.00000000
0.00006168 -0.00083250
0.00024672 -0.00166408
0.00055506 -0.00249382
0.00098664 -0.00332080
0.00154133 -0.00414412
0.00221902 -0.00496284
0.00301952 -0.00577607
0.00394265 -0.00658290
0.00498817 -0.00738242
0.00615583 -0.00817375
0.00744534 -0.00895599
0.00885637 -0.00972826
0.01038859 -0.01048968
0.01204162 -0.01123939
0.01381504 -0.01197652
0.01570842 -0.01270021
0.01772129 -0.01340964
0.01985316 -0.01410396
0.02210349 -0.01478235
0.02447174 -0.01544400
0.02695732 -0.01608811
0.02955962 -0.01671389
0.03227798 -0.01732055
0.03511176 -0.01790734
0.03806023 -0.01847351
0.04112269 -0.01901831
0.04429836 -0.01954103
0.04758647 -0.02004095
0.05098621 -0.02051738
0.05449674 -0.02096966
0.05811718 -0.02139712
0.06184666 -0.02179913
0.06568424 -0.02217506
0.06962899 -0.02252432
0.07367992 -0.02284634
0.07783604 -0.02314056
0.08209632 -0.02340646
0.08645971 -0.02364352
0.09092514 -0.02385128
0.09549150 -0.02402930
0.10015767 -0.02417715
0.10492249 -0.02429445
0.10978480 -0.02438085
0.11474338 -0.02443605
0.11979702 -0.02445975
0.12494447 -0.02445173
0.13018445 -0.02441179
0.13551569 -0.02433976
0.14093685 -0.02423555
0.14644661 -0.02409909
0.15204360 -0.02393037
0.15772645 -0.02372941
0.16349374 -0.02349630
0.16934407 -0.02323118
0.17527598 -0.02293425
0.18128801 -0.02260574
0.18737867 -0.02224597
0.19354647 -0.02185529
0.19978989 -0.02143411
0.20610737 -0.02098293
0.21249737 -0.02050227
0.21895831 -0.01999274
0.22548859 -0.01945497
0.23208660 -0.01888969
0.23875072 -0.01829767
0.24547929 -0.01767974
0.25227067 -0.01703677
0.25912316 -0.01636972
0.26603509 -0.01567956
0.27300475 -0.01496735
0.28003042 -0.01423417
0.28711035 -0.01348116
0.29424282 -0.01270951
0.30142605 -0.01192044
0.30865828 -0.01111520
0.31593772 -0.01029509
0.32326258 -0.00946144
0.33063104 -0.00861560
0.33804129 -0.00775894
0.34549150 -0.00689285
0.35297984 -0.00601874
0.36050445 -0.00513802
0.36806348 -0.00425213
0.37565506 -0.00336248
0.38327732 -0.00247049
0.39092838 -0.00157757
0.39860635 -0.00068513
0.40630934 0.00020546
0.41403545 0.00109283
0.42178277 0.00197564
0.42954938 0.00285259
0.43733338 0.00372240
0.44513284 0.00458383
0.45294584 0.00543569
0.46077045 0.00627681
0.46860474 0.00710609
0.47644677 0.00792247
0.48429462 0.00872492
0.49214634 0.00951250
0.50000000 0.01028430
0.50785366 0.01103946
0.51570538 0.01177720
0.52355323 0.01249676
0.53139526 0.01319748
0.53922955 0.01387873
0.54705416 0.01453993
0.55486716 0.01518057
0.56266662 0.01580019
0.57045062 0.01639838
0.57821723 0.01697479
0.58596455 0.01752910
0.59369066 0.01806105
0.60139365 0.01857042
0.60907162 0.01905703
0.61672268 0.01952074
0.62434494 0.01996144
0.63193652 0.02037907
0.63949555 0.02077357
0.64702016 0.02114493
0.65450850 0.02149315
0.66195871 0.02181825
0.66936896 0.02212027
0.67673742 0.02239927
0.68406228 0.02265530
0.69134172 0.02288845
0.69857395 0.02309877
0.70575718 0.02328637
0.71288965 0.02345131
0.71996958 0.02359368
0.72699525 0.02371355
0.73396491 0.02381101
0.74087684 0.02388613
0.74772933 0.02393898
0.75452071 0.02396962
0.76124928 0.02397811
0.76791340 0.02396452
0.77451141 0.02392891
0.78104169 0.02387133
0.78750263 0.02379183
0.79389263 0.02369049
0.80021011 0.02356736
0.80645353 0.02342253
0.81262133 0.02325608
0.81871199 0.02306810
0.82472402 0.02285873
0.83065593 0.02262809
0.83650626 0.02237636
0.84227355 0.02210371
0.84795640 0.02181037
0.85355339 0.02149660
0.85906315 0.02116270
0.86448431 0.02080901
0.86981555 0.02043590
0.87505553 0.02004382
0.88020298 0.01963325
0.88525662 0.01920473
0.89021520 0.01875887
0.89507751 0.01829632
0.89984233 0.01781780
0.90450850 0.01732411
0.90907486 0.01681610
0.91354029 0.01629467
0.91790368 0.01576082
0.92216396 0.01521559
0.92632008 0.01466010
0.93037101 0.01409552
0.93431576 0.01352309
0.93815334 0.01294411
0.94188282 0.01235993
0.94550326 0.01177197
0.94901379 0.01118168
0.95241353 0.01059057
0.95570164 0.01000018
0.95887731 0.00941209
0.96193977 0.00882790
0.96488824 0.00824926
0.96772202 0.00767782
0.97044038 0.00711522
0.97304268 0.00656315
0.97552826 0.00602326
0.97789651 0.00549721
0.98014684 0.00498662
0.98227871 0.00449310
0.98429158 0.00401823
0.98618496 0.00356354
0.98795838 0.00313051
0.98961141 0.00272057
0.99114363 0.00233508
0.99255466 0.00197535
0.99384417 0.00164258
0.99501183 0.00133792
0.99605735 0.00106241
0.99698048 0.00081700
0.99778098 0.00060254
0.99845867 0.00041979
0.99901336 0.00026938
0.99944494 0.00015184
0.99975328 0.00006759
0.99993832 0.00001691
1.00000000 0.00000000
