sample_030
1.00000000 0.00000000
0.99993832 0.00002726
0.99975328 0.00010901
0.99944494 0.00024515
0.99901336 0.00043553
0.99845867 0.00067994
0.99778098 0.00097810
0.99698048 0.00132967
0.99605735 0.00173426
0.99501183 0.00219141
0.99384417 0.00270059
0.99255466 0.00326123
0.99114363 0.00387269
0.98961141 0.00453427
0.98795838 0.00524522
0.98618496 0.00600470
0.98429158 0.00681185
0.98227871 0.00766575
0.98014684 0.00856539
0.97789651 0.00950973
0.97552826 0.01049769
0.97304268 0.01152811
0.97044038 0.01259978
0.96772202 0.01371146
0.96488824 0.01486184
0.96193977 0.01604959
0.95887731 0.01727331
0.95570164 0.01853157
0.95241353 0.01982290
0.94901379 0.02114580
0.94550326 0.02249872
0.94188282 0.02388010
0.93815334 0.02528833
0.93431576 0.02672180
0.93037101 0.02817885
0.92632008 0.02965782
0.92216396 0.03115704
0.91790368 0.03267483
0.91354029 0.03420949
0.90907486 0.03575933
0.90450850 0.03732265
0.89984233 0.03889778
0.89507751 0.04048303
0.89021520 0.04207675
0.88525662 0.04367729
0.88020298 0.04528303
0.87505553 0.04689238
0.86981555 0.04850378
0.86448431 0.05011569
0.85906315 0.05172664
0.85355339 0.05333516
0.84795640 0.05493985
0.84227355 0.05653936
0.83650626 0.05813238
0.83065593 0.05971765
0.82472402 0.06129399
0.81871199 0.06286025
0.81262133 0.06441536
0.80645353 0.06595830
0.80021011 0.06748810
0.79389263 0.06900389
0.78750263 0.07050483
0.78104169 0.07199017
0.77451141 0.07345919
0.76791340 0.07491127
0.76124928 0.07634583
0.75452071 0.07776235
0.74772933 0.07916039
0.74087684 0.08053955
0.73396491 0.08189949
0.72699525 0.08323992
0.71996958 0.08456060
0.71288965 0.08586134
0.70575718 0.08714198
0.69857395 0.08840243
0.69134172 0.08964261
0.68406228 0.09086247
0.67673742 0.09206199
0.66936896 0.09324119
0.66195871 0.09440008
0.65450850 0.09553870
0.64702016 0.09665711
0.63949555 0.09775534
0.63193652 0.09883344
0.62434494 0.09989146
0.61672268 0.10092943
0.60907162 0.10194737
0.60139365 0.10294527
0.59369066 0.10392311
0.58596455 0.10488083
0.57821723 0.10581836
0.57045062 0.10673557
0.56266662 0.10763231
0.55486716 0.10850839
0.54705416 0.10936355
0.53922955 0.11019752
0.53139526 0.11100996
0.52355323 0.11180050
0.51570538 0.11256869
0.50785366 0.11331406
0.50000000 0.11403607
0.49214634 0.11473414
0.48429462 0.11540763
0.47644677 0.11605586
0.46860474 0.11667810
0.46077045 0.11727356
0.45294584 0.11784142
0.44513284 0.11838081
0.43733338 0.11889084
0.42954938 0.11937055
0.42178277 0.11981898
0.41403545 0.12023513
0.40630934 0.12061797
0.39860635 0.12096645
0.39092838 0.12127952
0.38327732 0.12155610
0.37565506 0.12179511
0.36806348 0.12199548
0.36050445 0.12215614
0.35297984 0.12227602
0.34549150 0.12235408
0.33804129 0.12238930
0.33063104 0.12238066
0.32326258 0.12232721
0.31593772 0.12222801
0.30865828 0.12208218
0.30142605 0.12188886
0.29424282 0.12164727
0.28711035 0.12135668
0.28003042 0.12101640
0.27300475 0.12062583
0.26603509 0.12018442
0.25912316 0.11969170
0.25227067 0.11914726
0.24547929 0.11855080
0.23875072 0.11790207
0.23208660 0.11720090
0.22548859 0.11644722
0.21895831 0.11564103
0.21249737 0.11478243
0.20610737 0.11387160
0.19978989 0.11290878
0.19354647 0.11189434
0.18737867 0.11082869
0.18128801 0.10971235
0.17527598 0.10854592
0.16934407 0.10733006
0.16349374 0.10606552
0.15772645 0.10475313
0.15204360 0.10339377
0.14644661 0.10198840
0.14093685 0.10053806
0.13551569 0.09904381
0.13018445 0.09750679
0.12494447 0.09592821
0.11979702 0.09430928
0.11474338 0.09265128
0.10978480 0.09095553
0.10492249 0.08922337
0.10015767 0.08745617
0.09549150 0.08565532
0.09092514 0.08382223
0.08645971 0.08195831
0.08209632 0.08006500
0.07783604 0.07814371
0.07367992 0.07619587
0.06962899 0.07422289
0.06568424 0.07222616
0.06184666 0.07020706
0.05811718 0.06816696
0.05449674 0.06610717
0.05098621 0.06402901
0.04758647 0.06193373
0.04429836 0.05982256
0.04112269 0.05769669
0.03806023 0.05555726
0.03511176 0.05340537
0.03227798 0.05124207
0.02955962 0.04906836
0.02695732 0.04688519
0.02447174 0.04469346
0.02210349 0.04249401
0.01985316 0.04028763
0.01772129 0.03807506
0.01570842 0.03585700
0.01381504 0.03363407
0.01204162 0.03140685
0.01038859 0.02917589
0.00885637 0.02694167
0.00744534 0.02470463
0.00615583 0.02246517
0.00498817 0.02022365
0.00394265 0.01798038
0.00301952 0.01573566
0.00221902 0.01348973
0.00154133 0.01124282
0.00098664 0.00899514
0.00055506 0.00674685
0.00024672 0.00449814
0.00006168 0.00224914
0.00000000 0.00000000
0.00006168 -0.00032541
0.00024672 -0.00065130
0.00055506 -0.00097813
0.00098664 -0.00130637
0.00154133 -0.00163646
0.00221902 -0.00196881
0.00301952 -0.00230382
0.00394265 -0.00264185
0.00498817 -0.00298321
0.00615583 -0.00332819
0.00744534 -0.00367702
0.00885637 -0.00402987
0.01038859 -0.00438689
0.01204162 -0.00474814
0.01381504 -0.00511363
0.01570842 -0.00548332
0.01772129 -0.00585709
0.01985316 -0.00623479
0.02210349 -0.00661616
0.02447174 -0.00700092
0.02695732 -0.00738869
0.02955962 -0.00777905
0.03227798 -0.00817152
0.03511176 -0.00856556
0.03806023 -0.00896056
0.04112269 -0.00935587
0.04429836 -0.00975079
0.04758647 -0.01014458
0.05098621 -0.01053644
0.05449674 -0.01092555
0.05811718 -0.01131105
0.06184666 -0.01169205
0.06568424 -0.01206765
0.06962899 -0.01243692
0.07367992 -0.01279893
0.07783604 -0.01315272
0.08209632 -0.01349736
0.08645971 -0.01383192
0.09092514 -0.01415546
0.09549150 -0.01446707
0.10015767 -0.01476587
0.10492249 -0.01505099
0.10978480 -0.01532160
0.11474338 -0.01557690
0.11979702 -0.01581614
0.12494447 -0.01603861
0.13018445 -0.01624364
0.13551569 -0.01643062
0.14093685 -0.01659899
0.14644661 -0.01674825
0.15204360 -0.01687795
0.15772645 -0.01698771
0.16349374 -0.01707721
0.16934407 -0.01714619
0.17527598 -0.01719444
0.18128801 -0.01722183
0.18737867 -0.01722828
0.19354647 -0.01721379
0.19978989 -0.01717838
0.20610737 -0.01712216
0.21249737 -0.01704530
0.21895831 -0.01694799
0.22548859 -0.01683049
0.23208660 -0.01669312
0.23875072 -0.01653622
0.24547929 -0.01636018
0.25227067 -0.01616542
0.25912316 -0.01595241
0.26603509 -0.01572163
0.27300475 -0.01547360
0.28003042 -0.01520885
0.28711035 -0.01492793
0.29424282 -0.01463141
0.30142605 -0.01431987
0.30865828 -0.01399388
0.31593772 -0.01365404
0.32326258 -0.01330092
0.33063104 -0.01293510
0.33804129 -0.01255717
0.34549150 -0.01216767
0.35297984 -0.01176718
0.36050445 -0.01135622
0.36806348 -0.01093533
0.37565506 -0.01050502
0.38327732 -0.01006576
0.39092838 -0.00961805
0.39860635 -0.00916233
0.40630934 -0.00869905
0.41403545 -0.00822862
0.42178277 -0.00775144
0.42954938 -0.00726791
0.43733338 -0.00677838
0.44513284 -0.00628322
0.45294584 -0.00578277
0.46077045 -0.00527736
0.46860474 -0.00476733
0.47644677 -0.00425299
0.48429462 -0.00373466
0.49214634 -0.00321265
0.50000000 -0.00268729
0.50785366 -0.00215890
0.51570538 -0.00162781
0.52355323 -0.00109436
0.53139526 -0.00055890
0.53922955 -0.00002182
0.54705416 0.00051651
0.55486716 0.00105568
0.56266662 0.00159525
0.57045062 0.00213476
0.57821723 0.00267375
0.58596455 0.00321169
0.59369066 0.00374805
0.60139365 0.00428226
0.60907162 0.00481372
0.61672268 0.00534179
0.62434494 0.00586582
0.63193652 0.00638512
0.63949555 0.00689896
0.64702016 0.00740659
0.65450850 0.00790724
0.66195871 0.00840010
0.66936896 0.00888434
0.67673742 0.00935911
0.68406228 0.00982355
0.69134172 0.01027678
0.69857395 0.01071790
0.70575718 0.01114601
0.71288965 0.01156021
0.71996958 0.01195958
0.72699525 0.01234322
0.73396491 0.01271023
0.74087684 0.01305974
0.74772933 0.01339088
0.75452071 0.01370280
0.76124928 0.01399468
0.76791340 0.01426575
0.77451141 0.01451526
0.78104169 0.01474249
0.78750263 0.01494679
0.79389263 0.01512754
0.80021011 0.01528419
0.80645353 0.01541625
0.81262133 0.01552327
0.81871199 0.01560488
0.82472402 0.01566080
0.83065593 0.01569079
0.83650626 0.01569471
0.84227355 0.01567248
0.84795640 0.01562412
0.85355339 0.01554972
0.85906315 0.01544946
0.86448431 0.01532359
0.86981555 0.01517248
0.87505553 0.01499654
0.88020298 0.01479630
0.88525662 0.01457237
0.89021520 0.01432543
0.89507751 0.01405626
0.89984233 0.01376572
0.90450850 0.01345472
0.90907486 0.01312429
0.91354029 0.01277551
0.91790368 0.01240951
0.92216396 0.01202754
0.92632008 0.01163086
0.93037101 0.01122081
0.93431576 0.01079879
0.93815334 0.01036624
0.94188282 0.00992464
0.94550326 0.00947551
0.94901379 0.00902042
0.95241353 0.00856094
0.95570164 0.00809867
0.95887731 0.00763525
0.96193977 0.00717228
0.96488824 0.00671141
0.96772202 0.00625427
0.97044038 0.00580246
0.97304268 0.00535761
0.97552826 0.00492128
0.97789651 0.00449504
0.98014684 0.00408040
0.98227871 0.00367886
0.98429158 0.00329184
0.98618496 0.00292074
0.98795838 0.00256689
0.98961141 0.00223156
0.99114363 0.00191596
0.99255466 0.00162123
0.99384417 0.00134843
0.99501183 0.00109854
0.99605735 0.00087246
0.99698048 0.00067102
0.99778098 0.00049494
0.99845867 0.00034485
0.99901336 0.00022131
0.99944494 0.00012475
0.99975328 0.00005553
0.99993832 0.00001390
1.00000000 0.00000000
