sample_1130
1.00000000 0.00000000
0.99993832 0.00002317
0.99975328 0.00009266
0.99944494 0.00020842
0.99901336 0.00037036
0.99845867 0.00057838
0.99778098 0.00083232
0.99698048 0.00113200
0.99605735 0.00147720
0.99501183 0.00186769
0.99384417 0.00230317
0.99255466 0.00278334
0.99114363 0.00330786
0.98961141 0.00387634
0.98795838 0.00448838
0.98618496 0.00514354
0.98429158 0.00584135
0.98227871 0.00658131
0.98014684 0.00736289
0.97789651 0.00818553
0.97552826 0.00904862
0.97304268 0.00995156
0.97044038 0.01089370
0.96772202 0.01187435
0.96488824 0.01289281
0.96193977 0.01394835
0.95887731 0.01504020
0.95570164 0.01616759
0.95241353 0.01732969
0.94901379 0.01852567
0.94550326 0.01975468
0.94188282 0.02101581
0.93815334 0.02230817
0.93431576 0.02363083
0.93037101 0.02498282
0.92632008 0.02636319
0.92216396 0.02777093
0.91790368 0.02920503
0.91354029 0.03066446
0.90907486 0.03214817
0.90450850 0.03365510
0.89984233 0.03518415
0.89507751 0.03673425
0.89021520 0.03830426
0.88525662 0.03989307
0.88020298 0.04149953
0.87505553 0.04312250
0.86981555 0.04476081
0.86448431 0.04641329
0.85906315 0.04807876
0.85355339 0.04975601
0.84795640 0.05144387
0.84227355 0.05314111
0.83650626 0.05484651
0.83065593 0.05655887
0.82472402 0.05827695
0.81871199 0.05999953
0.81262133 0.06172535
0.80645353 0.06345320
0.80021011 0.06518181
0.79389263 0.06690996
0.78750263 0.06863638
0.78104169 0.07035983
0.77451141 0.07207906
0.76791340 0.07379281
0.76124928 0.07549984
0.75452071 0.07719888
0.74772933 0.07888870
0.74087684 0.08056802
0.73396491 0.08223560
0.72699525 0.08389020
0.71996958 0.08553055
0.71288965 0.08715541
0.70575718 0.08876354
0.69857395 0.09035368
0.69134172 0.09192460
0.68406228 0.09347505
0.67673742 0.09500380
0.66936896 0.09650962
0.66195871 0.09799126
0.65450850 0.09944751
0.64702016 0.10087714
0.63949555 0.10227893
0.63193652 0.10365168
0.62434494 0.10499417
0.61672268 0.10630520
0.60907162 0.10758359
0.60139365 0.10882814
0.59369066 0.11003768
0.58596455 0.11121104
0.57821723 0.11234707
0.57045062 0.11344462
0.56266662 0.11450257
0.55486716 0.11551979
0.54705416 0.11649519
0.53922955 0.11742769
0.53139526 0.11831621
0.52355323 0.11915971
0.51570538 0.11995717
0.50785366 0.12070760
0.50000000 0.12141002
0.49214634 0.12206348
0.48429462 0.12266707
0.47644677 0.12321990
0.46860474 0.12372114
0.46077045 0.12416996
0.45294584 0.12456559
0.44513284 0.12490731
0.43733338 0.12519441
0.42954938 0.12542627
0.42178277 0.12560227
0.41403545 0.12572190
0.40630934 0.12578464
0.39860635 0.12579007
0.39092838 0.12573782
0.38327732 0.12562756
0.37565506 0.12545905
0.36806348 0.12523209
0.36050445 0.12494657
0.35297984 0.12460244
0.34549150 0.12419971
0.33804129 0.12373848
0.33063104 0.12321891
0.32326258 0.12264124
0.31593772 0.12200580
0.30865828 0.12131298
0.30142605 0.12056325
0.29424282 0.11975717
0.28711035 0.11889537
0.28003042 0.11797857
0.27300475 0.11700756
0.26603509 0.11598321
0.25912316 0.11490647
0.25227067 0.11377838
0.24547929 0.11260003
0.23875072 0.11137261
0.23208660 0.11009738
0.22548859 0.10877565
0.21895831 0.10740882
0.21249737 0.10599834
0.20610737 0.10454575
0.19978989 0.10305262
0.19354647 0.10152058
0.18737867 0.09995134
0.18128801 0.09834663
0.17527598 0.09670822
0.16934407 0.09503795
0.16349374 0.09333767
0.15772645 0.09160926
0.15204360 0.08985465
0.14644661 0.08807575
0.14093685 0.08627450
0.13551569 0.08445288
0.13018445 0.08261282
0.12494447 0.08075627
0.11979702 0.07888519
0.11474338 0.07700149
0.10978480 0.07510708
0.10492249 0.07320384
0.10015767 0.07129361
0.09549150 0.06937819
0.09092514 0.06745936
0.08645971 0.06553881
0.08209632 0.06361821
0.07783604 0.06169914
0.07367992 0.05978315
0.06962899 0.05787168
0.06568424 0.05596612
0.06184666 0.05406777
0.05811718 0.05217785
0.05449674 0.05029750
0.05098621 0.04842775
0.04758647 0.04656955
0.04429836 0.04472376
0.04112269 0.04289113
0.03806023 0.04107232
0.03511176 0.03926786
0.03227798 0.03747823
0.02955962 0.03570375
0.02695732 0.03394469
0.02447174 0.03220117
0.02210349 0.03047324
0.01985316 0.02876083
0.01772129 0.02706380
0.01570842 0.02538187
0.01381504 0.02371472
0.01204162 0.02206188
0.01038859 0.02042284
0.00885637 0.01879699
0.00744534 0.01718363
0.00615583 0.01558200
0.00498817 0.01399127
0.00394265 0.01241053
0.00301952 0.01083883
0.00221902 0.00927516
0.00154133 0.00771846
0.00098664 0.00616763
0.00055506 0.00462154
0.00024672 0.00307903
0.00006168 0.00153891
0.00000000 0.00000000
0.00006168 -0.00082011
0.00024672 -0.00163788
0.00055506 -0.00245098
0.00098664 -0.00325709
0.00154133 -0.00405392
0.00221902 -0.00483921
0.00301952 -0.00561072
0.00394265 -0.00636628
0.00498817 -0.00710376
0.00615583 -0.00782108
0.00744534 -0.00851623
0.00885637 -0.00918729
0.01038859 -0.00983240
0.01204162 -0.01044978
0.01381504 -0.01103776
0.01570842 -0.01159474
0.01772129 -0.01211925
0.01985316 -0.01260990
0.02210349 -0.01306543
0.02447174 -0.01348468
0.02695732 -0.01386663
0.02955962 -0.01421036
0.03227798 -0.01451508
0.03511176 -0.01478014
0.03806023 -0.01500500
0.04112269 -0.01518928
0.04429836 -0.01533270
0.04758647 -0.01543515
0.05098621 -0.01549661
0.05449674 -0.01551723
0.05811718 -0.01549728
0.06184666 -0.01543715
0.06568424 -0.01533738
0.06962899 -0.01519862
0.07367992 -0.01502165
0.07783604 -0.01480737
0.08209632 -0.01455679
0.08645971 -0.01427105
0.09092514 -0.01395137
0.09549150 -0.01359908
0.10015767 -0.01321561
0.10492249 -0.01280249
0.10978480 -0.01236130
0.11474338 -0.01189372
0.11979702 -0.01140149
0.12494447 -0.01088641
0.13018445 -0.01035032
0.13551569 -0.00979511
0.14093685 -0.00922271
0.14644661 -0.00863507
0.15204360 -0.00803415
0.15772645 -0.00742193
0.16349374 -0.00680037
0.16934407 -0.00617143
0.17527598 -0.00553706
0.18128801 -0.00489917
0.18737867 -0.00425963
0.19354647 -0.00362027
0.19978989 -0.00298287
0.20610737 -0.00234915
0.21249737 -0.00172074
0.21895831 -0.00109922
0.22548859 -0.00048609
0.23208660 0.00011727
0.23875072 0.00070953
0.24547929 0.00128950
0.25227067 0.00185606
0.25912316 0.00240822
0.26603509 0.00294508
0.27300475 0.00346588
0.28003042 0.00396994
0.28711035 0.00445671
0.29424282 0.00492578
0.30142605 0.00537681
0.30865828 0.00580960
0.31593772 0.00622407
0.32326258 0.00662024
0.33063104 0.00699822
0.33804129 0.00735826
0.34549150 0.00770068
0.35297984 0.00802591
0.36050445 0.00833445
0.36806348 0.00862691
0.37565506 0.00890396
0.38327732 0.00916633
0.39092838 0.00941485
0.39860635 0.00965035
0.40630934 0.00987376
0.41403545 0.01008601
0.42178277 0.01028808
0.42954938 0.01048098
0.43733338 0.01066571
0.44513284 0.01084328
0.45294584 0.01101472
0.46077045 0.01118103
0.46860474 0.01134319
0.47644677 0.01150216
0.48429462 0.01165885
0.49214634 0.01181414
0.50000000 0.01196887
0.50785366 0.01212381
0.51570538 0.01227967
0.52355323 0.01243709
0.53139526 0.01259664
0.53922955 0.01275883
0.54705416 0.01292406
0.55486716 0.01309267
0.56266662 0.01326491
0.57045062 0.01344092
0.57821723 0.01362078
0.58596455 0.01380446
0.59369066 0.01399187
0.60139365 0.01418278
0.60907162 0.01437692
0.61672268 0.01457392
0.62434494 0.01477332
0.63193652 0.01497458
0.63949555 0.01517710
0.64702016 0.01538020
0.65450850 0.01558312
0.66195871 0.01578506
0.66936896 0.01598517
0.67673742 0.01618252
0.68406228 0.01637616
0.69134172 0.01656512
0.69857395 0.01674836
0.70575718 0.01692486
0.71288965 0.01709356
0.71996958 0.01725339
0.72699525 0.01740331
0.73396491 0.01754227
0.74087684 0.01766922
0.74772933 0.01778316
0.75452071 0.01788310
0.76124928 0.01796811
0.76791340 0.01803728
0.77451141 0.01808975
0.78104169 0.01812472
0.78750263 0.01814147
0.79389263 0.01813932
0.80021011 0.01811767
0.80645353 0.01807599
0.81262133 0.01801383
0.81871199 0.01793083
0.82472402 0.01782671
0.83065593 0.01770127
0.83650626 0.01755440
0.84227355 0.01738610
0.84795640 0.01719642
0.85355339 0.01698554
0.85906315 0.01675371
0.86448431 0.01650128
0.86981555 0.01622866
0.87505553 0.01593639
0.88020298 0.01562506
0.88525662 0.01529535
0.89021520 0.01494803
0.89507751 0.01458392
0.89984233 0.01420394
0.90450850 0.01380907
0.90907486 0.01340032
0.91354029 0.01297881
0.91790368 0.01254568
0.92216396 0.01210212
0.92632008 0.01164938
0.93037101 0.01118874
0.93431576 0.01072150
0.93815334 0.01024901
0.94188282 0.00977263
0.94550326 0.00929374
0.94901379 0.00881373
0.95241353 0.00833400
0.95570164 0.00785594
0.95887731 0.00738096
0.96193977 0.00691045
0.96488824 0.00644577
0.96772202 0.00598828
0.97044038 0.00553931
0.97304268 0.00510019
0.97552826 0.00467217
0.97789651 0.00425650
0.98014684 0.00385439
0.98227871 0.00346700
0.98429158 0.00309545
0.98618496 0.00274079
0.98795838 0.00240406
0.98961141 0.00208621
0.99114363 0.00178814
0.99255466 0.00151072
0.99384417 0.00125472
0.99501183 0.00102088
0.99605735 0.00080985
0.99698048 0.00062223
0.99778098 0.00045854
0.99845867 0.00031925
0.99901336 0.00020475
0.99944494 0.00011536
0.99975328 0.00005133
0.99993832 0.00001284
1.00000000 0.00000000
