sample_781
1.00000000 0.00000000
0.99993832 0.00002681
0.99975328 0.00010721
0.99944494 0.00024106
0.99901336 0.00042820
0.99845867 0.00066833
0.99778098 0.00096112
0.99698048 0.00130614
0.99605735 0.00170292
0.99501183 0.00215089
0.99384417 0.00264943
0.99255466 0.00319785
0.99114363 0.00379540
0.98961141 0.00444129
0.98795838 0.00513465
0.98618496 0.00587459
0.98429158 0.00666016
0.98227871 0.00749036
0.98014684 0.00836418
0.97789651 0.00928055
0.97552826 0.01023840
0.97304268 0.01123660
0.97044038 0.01227403
0.96772202 0.01334956
0.96488824 0.01446201
0.96193977 0.01561023
0.95887731 0.01679304
0.95570164 0.01800927
0.95241353 0.01925775
0.94901379 0.02053731
0.94550326 0.02184680
0.94188282 0.02318506
0.93815334 0.02455095
0.93431576 0.02594333
0.93037101 0.02736110
0.92632008 0.02880314
0.92216396 0.03026838
0.91790368 0.03175573
0.91354029 0.03326413
0.90907486 0.03479255
0.90450850 0.03633995
0.89984233 0.03790532
0.89507751 0.03948765
0.89021520 0.04108594
0.88525662 0.04269922
0.88020298 0.04432650
0.87505553 0.04596681
0.86981555 0.04761920
0.86448431 0.04928269
0.85906315 0.05095632
0.85355339 0.05263913
0.84795640 0.05433015
0.84227355 0.05602842
0.83650626 0.05773294
0.83065593 0.05944275
0.82472402 0.06115683
0.81871199 0.06287419
0.81262133 0.06459380
0.80645353 0.06631463
0.80021011 0.06803564
0.79389263 0.06975577
0.78750263 0.07147393
0.78104169 0.07318906
0.77451141 0.07490003
0.76791340 0.07660574
0.76124928 0.07830505
0.75452071 0.07999683
0.74772933 0.08167992
0.74087684 0.08335316
0.73396491 0.08501538
0.72699525 0.08666542
0.71996958 0.08830209
0.71288965 0.08992421
0.70575718 0.09153062
0.69857395 0.09312013
0.69134172 0.09469159
0.68406228 0.09624383
0.67673742 0.09777572
0.66936896 0.09928612
0.66195871 0.10077392
0.65450850 0.10223802
0.64702016 0.10367737
0.63949555 0.10509092
0.63193652 0.10647764
0.62434494 0.10783655
0.61672268 0.10916669
0.60907162 0.11046714
0.60139365 0.11173702
0.59369066 0.11297546
0.58596455 0.11418166
0.57821723 0.11535483
0.57045062 0.11649423
0.56266662 0.11759917
0.55486716 0.11866897
0.54705416 0.11970301
0.53922955 0.12070069
0.53139526 0.12166148
0.52355323 0.12258483
0.51570538 0.12347028
0.50785366 0.12431736
0.50000000 0.12512565
0.49214634 0.12589474
0.48429462 0.12662428
0.47644677 0.12731390
0.46860474 0.12796327
0.46077045 0.12857209
0.45294584 0.12914006
0.44513284 0.12966688
0.43733338 0.13015230
0.42954938 0.13059603
0.42178277 0.13099781
0.41403545 0.13135739
0.40630934 0.13167451
0.39860635 0.13194889
0.39092838 0.13218028
0.38327732 0.13236840
0.37565506 0.13251299
0.36806348 0.13261374
0.36050445 0.13267038
0.35297984 0.13268259
0.34549150 0.13265008
0.33804129 0.13257252
0.33063104 0.13244959
0.32326258 0.13228095
0.31593772 0.13206628
0.30865828 0.13180522
0.30142605 0.13149745
0.29424282 0.13114261
0.28711035 0.13074038
0.28003042 0.13029041
0.27300475 0.12979239
0.26603509 0.12924601
0.25912316 0.12865097
0.25227067 0.12800701
0.24547929 0.12731387
0.23875072 0.12657133
0.23208660 0.12577920
0.22548859 0.12493733
0.21895831 0.12404559
0.21249737 0.12310393
0.20610737 0.12211230
0.19978989 0.12107075
0.19354647 0.11997933
0.18737867 0.11883820
0.18128801 0.11764754
0.17527598 0.11640762
0.16934407 0.11511874
0.16349374 0.11378131
0.15772645 0.11239577
0.15204360 0.11096266
0.14644661 0.10948255
0.14093685 0.10795613
0.13551569 0.10638410
0.13018445 0.10476728
0.12494447 0.10310653
0.11979702 0.10140278
0.11474338 0.09965702
0.10978480 0.09787031
0.10492249 0.09604376
0.10015767 0.09417853
0.09549150 0.09227583
0.09092514 0.09033692
0.08645971 0.08836309
0.08209632 0.08635569
0.07783604 0.08431607
0.07367992 0.08224562
0.06962899 0.08014575
0.06568424 0.07801788
0.06184666 0.07586343
0.05811718 0.07368384
0.05449674 0.07148053
0.05098621 0.06925491
0.04758647 0.06700839
0.04429836 0.06474233
0.04112269 0.06245810
0.03806023 0.06015701
0.03511176 0.05784034
0.03227798 0.05550934
0.02955962 0.05316520
0.02695732 0.05080906
0.02447174 0.04844204
0.02210349 0.04606516
0.01985316 0.04367942
0.01772129 0.04128574
0.01570842 0.03888498
0.01381504 0.03647797
0.01204162 0.03406543
0.01038859 0.03164807
0.00885637 0.02922651
0.00744534 0.02680132
0.00615583 0.02437301
0.00498817 0.02194207
0.00394265 0.01950889
0.00301952 0.01707385
0.00221902 0.01463729
0.00154133 0.01219948
0.00098664 0.00976069
0.00055506 0.00732114
0.00024672 0.00488106
0.00006168 0.00244061
0.00000000 0.00000000
0.00006168 -0.00094453
0.00024672 -0.00188676
0.00055506 -0.00282442
0.00098664 -0.00375522
0.00154133 -0.00467692
0.00221902 -0.00558728
0.00301952 -0.00648410
0.00394265 -0.00736522
0.00498817 -0.00822851
0.00615583 -0.00907192
0.00744534 -0.00989341
0.00885637 -0.01069103
0.01038859 -0.01146288
0.01204162 -0.01220715
0.01381504 -0.01292207
0.01570842 -0.01360598
0.01772129 -0.01425729
0.01985316 -0.01487449
0.02210349 -0.01545618
0.02447174 -0.01600105
0.02695732 -0.01650787
0.02955962 -0.01697553
0.03227798 -0.01740302
0.03511176 -0.01778943
0.03806023 -0.01813397
0.04112269 -0.01843594
0.04429836 -0.01869477
0.04758647 -0.01891001
0.05098621 -0.01908129
0.05449674 -0.01920838
0.05811718 -0.01929115
0.06184666 -0.01932961
0.06568424 -0.01932385
0.06962899 -0.01927408
0.07367992 -0.01918064
0.07783604 -0.01904395
0.08209632 -0.01886456
0.08645971 -0.01864312
0.09092514 -0.01838036
0.09549150 -0.01807715
0.10015767 -0.01773442
0.10492249 -0.01735321
0.10978480 -0.01693465
0.11474338 -0.01647995
0.11979702 -0.01599039
0.12494447 -0.01546736
0.13018445 -0.01491227
0.13551569 -0.01432666
0.14093685 -0.01371207
0.14644661 -0.01307014
0.15204360 -0.01240254
0.15772645 -0.01171099
0.16349374 -0.01099727
0.16934407 -0.01026315
0.17527598 -0.00951048
0.18128801 -0.00874109
0.18737867 -0.00795685
0.19354647 -0.00715964
0.19978989 -0.00635134
0.20610737 -0.00553384
0.21249737 -0.00470899
0.21895831 -0.00387868
0.22548859 -0.00304473
0.23208660 -0.00220898
0.23875072 -0.00137321
0.24547929 -0.00053918
0.25227067 0.00029138
0.25912316 0.00111681
0.26603509 0.00193548
0.27300475 0.00274581
0.28003042 0.00354628
0.28711035 0.00433545
0.29424282 0.00511193
0.30142605 0.00587439
0.30865828 0.00662158
0.31593772 0.00735233
0.32326258 0.00806555
0.33063104 0.00876020
0.33804129 0.00943536
0.34549150 0.01009017
0.35297984 0.01072386
0.36050445 0.01133574
0.36806348 0.01192521
0.37565506 0.01249174
0.38327732 0.01303492
0.39092838 0.01355437
0.39860635 0.01404985
0.40630934 0.01452116
0.41403545 0.01496820
0.42178277 0.01539094
0.42954938 0.01578942
0.43733338 0.01616378
0.44513284 0.01651420
0.45294584 0.01684094
0.46077045 0.01714432
0.46860474 0.01742472
0.47644677 0.01768258
0.48429462 0.01791838
0.49214634 0.01813268
0.50000000 0.01832603
0.50785366 0.01849907
0.51570538 0.01865245
0.52355323 0.01878685
0.53139526 0.01890297
0.53922955 0.01900154
0.54705416 0.01908330
0.55486716 0.01914901
0.56266662 0.01919943
0.57045062 0.01923530
0.57821723 0.01925738
0.58596455 0.01926643
0.59369066 0.01926316
0.60139365 0.01924831
0.60907162 0.01922257
0.61672268 0.01918660
0.62434494 0.01914106
0.63193652 0.01908656
0.63949555 0.01902368
0.64702016 0.01895296
0.65450850 0.01887491
0.66195871 0.01879001
0.66936896 0.01869866
0.67673742 0.01860126
0.68406228 0.01849814
0.69134172 0.01838959
0.69857395 0.01827587
0.70575718 0.01815716
0.71288965 0.01803364
0.71996958 0.01790541
0.72699525 0.01777255
0.73396491 0.01763510
0.74087684 0.01749304
0.74772933 0.01734632
0.75452071 0.01719489
0.76124928 0.01703861
0.76791340 0.01687736
0.77451141 0.01671097
0.78104169 0.01653926
0.78750263 0.01636202
0.79389263 0.01617904
0.80021011 0.01599008
0.80645353 0.01579491
0.81262133 0.01559329
0.81871199 0.01538499
0.82472402 0.01516977
0.83065593 0.01494741
0.83650626 0.01471772
0.84227355 0.01448049
0.84795640 0.01423556
0.85355339 0.01398280
0.85906315 0.01372208
0.86448431 0.01345334
0.86981555 0.01317653
0.87505553 0.01289166
0.88020298 0.01259875
0.88525662 0.01229789
0.89021520 0.01198922
0.89507751 0.01167292
0.89984233 0.01134922
0.90450850 0.01101839
0.90907486 0.01068078
0.91354029 0.01033677
0.91790368 0.00998681
0.92216396 0.00963137
0.92632008 0.00927102
0.93037101 0.00890634
0.93431576 0.00853798
0.93815334 0.00816663
0.94188282 0.00779303
0.94550326 0.00741796
0.94901379 0.00704223
0.95241353 0.00666671
0.95570164 0.00629229
0.95887731 0.00591988
0.96193977 0.00555043
0.96488824 0.00518490
0.96772202 0.00482428
0.97044038 0.00446957
0.97304268 0.00412175
0.97552826 0.00378185
0.97789651 0.00345085
0.98014684 0.00312975
0.98227871 0.00281953
0.98429158 0.00252115
0.98618496 0.00223556
0.98795838 0.00196366
0.98961141 0.00170632
0.99114363 0.00146440
0.99255466 0.00123869
0.99384417 0.00102994
0.99501183 0.00083885
0.99605735 0.00066607
0.99698048 0.00051218
0.99778098 0.00037772
0.99845867 0.00026315
0.99901336 0.00016886
0.99944494 0.00009518
0.99975328 0.00004236
0.99993832 0.00001060
1.00000000 0.00000000
