sample_677
1.00000000 0.00000000
0.99993832 0.00002383
0.99975328 0.00009528
0.99944494 0.00021433
0.99901336 0.00038090
0.99845867 0.00059489
0.99778098 0.00085617
0.99698048 0.00116459
0.99605735 0.00151996
0.99501183 0.00192206
0.99384417 0.00237064
0.99255466 0.00286543
0.99114363 0.00340612
0.98961141 0.00399238
0.98795838 0.00462382
0.98618496 0.00530004
0.98429158 0.00602061
0.98227871 0.00678506
0.98014684 0.00759288
0.97789651 0.00844353
0.97552826 0.00933643
0.97304268 0.01027098
0.97044038 0.01124652
0.96772202 0.01226238
0.96488824 0.01331784
0.96193977 0.01441213
0.95887731 0.01554446
0.95570164 0.01671400
0.95241353 0.01791989
0.94901379 0.01916122
0.94550326 0.02043704
0.94188282 0.02174638
0.93815334 0.02308823
0.93431576 0.02446152
0.93037101 0.02586517
0.92632008 0.02729807
0.92216396 0.02875906
0.91790368 0.03024695
0.91354029 0.03176052
0.90907486 0.03329852
0.90450850 0.03485967
0.89984233 0.03644267
0.89507751 0.03804617
0.89021520 0.03966883
0.88525662 0.04130924
0.88020298 0.04296602
0.87505553 0.04463772
0.86981555 0.04632292
0.86448431 0.04802013
0.85906315 0.04972790
0.85355339 0.05144473
0.84795640 0.05316911
0.84227355 0.05489955
0.83650626 0.05663452
0.83065593 0.05837251
0.82472402 0.06011199
0.81871199 0.06185144
0.81262133 0.06358933
0.80645353 0.06532416
0.80021011 0.06705440
0.79389263 0.06877855
0.78750263 0.07049512
0.78104169 0.07220263
0.77451141 0.07389959
0.76791340 0.07558457
0.76124928 0.07725611
0.75452071 0.07891281
0.74772933 0.08055325
0.74087684 0.08217606
0.73396491 0.08377988
0.72699525 0.08536339
0.71996958 0.08692527
0.71288965 0.08846425
0.70575718 0.08997908
0.69857395 0.09146853
0.69134172 0.09293141
0.68406228 0.09436656
0.67673742 0.09577284
0.66936896 0.09714916
0.66195871 0.09849446
0.65450850 0.09980768
0.64702016 0.10108785
0.63949555 0.10233398
0.63193652 0.10354515
0.62434494 0.10472047
0.61672268 0.10585906
0.60907162 0.10696010
0.60139365 0.10802280
0.59369066 0.10904639
0.58596455 0.11003017
0.57821723 0.11097343
0.57045062 0.11187553
0.56266662 0.11273585
0.55486716 0.11355381
0.54705416 0.11432886
0.53922955 0.11506049
0.53139526 0.11574822
0.52355323 0.11639162
0.51570538 0.11699026
0.50785366 0.11754379
0.50000000 0.11805186
0.49214634 0.11851417
0.48429462 0.11893045
0.47644677 0.11930047
0.46860474 0.11962403
0.46077045 0.11990095
0.45294584 0.12013111
0.44513284 0.12031442
0.43733338 0.12045080
0.42954938 0.12054023
0.42178277 0.12058272
0.41403545 0.12057830
0.40630934 0.12052704
0.39860635 0.12042906
0.39092838 0.12028449
0.38327732 0.12009350
0.37565506 0.11985631
0.36806348 0.11957315
0.36050445 0.11924430
0.35297984 0.11887007
0.34549150 0.11845078
0.33804129 0.11798682
0.33063104 0.11747859
0.32326258 0.11692651
0.31593772 0.11633106
0.30865828 0.11569272
0.30142605 0.11501204
0.29424282 0.11428955
0.28711035 0.11352584
0.28003042 0.11272152
0.27300475 0.11187723
0.26603509 0.11099364
0.25912316 0.11007142
0.25227067 0.10911129
0.24547929 0.10811399
0.23875072 0.10708027
0.23208660 0.10601091
0.22548859 0.10490671
0.21895831 0.10376848
0.21249737 0.10259705
0.20610737 0.10139326
0.19978989 0.10015799
0.19354647 0.09889209
0.18737867 0.09759646
0.18128801 0.09627198
0.17527598 0.09491956
0.16934407 0.09354009
0.16349374 0.09213450
0.15772645 0.09070369
0.15204360 0.08924857
0.14644661 0.08777006
0.14093685 0.08626907
0.13551569 0.08474650
0.13018445 0.08320326
0.12494447 0.08164025
0.11979702 0.08005833
0.11474338 0.07845840
0.10978480 0.07684130
0.10492249 0.07520791
0.10015767 0.07355904
0.09549150 0.07189551
0.09092514 0.07021814
0.08645971 0.06852771
0.08209632 0.06682497
0.07783604 0.06511068
0.07367992 0.06338556
0.06962899 0.06165030
0.06568424 0.05990559
0.06184666 0.05815208
0.05811718 0.05639040
0.05449674 0.05462116
0.05098621 0.05284492
0.04758647 0.05106225
0.04429836 0.04927367
0.04112269 0.04747968
0.03806023 0.04568076
0.03511176 0.04387736
0.03227798 0.04206989
0.02955962 0.04025876
0.02695732 0.03844433
0.02447174 0.03662695
0.02210349 0.03480694
0.01985316 0.03298460
0.01772129 0.03116020
0.01570842 0.02933399
0.01381504 0.02750620
0.01204162 0.02567704
0.01038859 0.02384669
0.00885637 0.02201532
0.00744534 0.02018309
0.00615583 0.01835012
0.00498817 0.01651654
0.00394265 0.01468244
0.00301952 0.01284792
0.00221902 0.01101307
0.00154133 0.00917793
0.00098664 0.00734258
0.00055506 0.00550707
0.00024672 0.00367144
0.00006168 0.00183574
0.00000000 0.00000000
0.00006168 -0.00033822
0.00024672 -0.00067648
0.00055506 -0.00101478
0.00098664 -0.00135316
0.00154133 -0.00169162
0.00221902 -0.00203015
0.00301952 -0.00236872
0.00394265 -0.00270728
0.00498817 -0.00304577
0.00615583 -0.00338407
0.00744534 -0.00372205
0.00885637 -0.00405955
0.01038859 -0.00439637
0.01204162 -0.00473226
0.01381504 -0.00506695
0.01570842 -0.00540011
0.01772129 -0.00573139
0.01985316 -0.00606039
0.02210349 -0.00638665
0.02447174 -0.00670970
0.02695732 -0.00702900
0.02955962 -0.00734398
0.03227798 -0.00765404
0.03511176 -0.00795853
0.03806023 -0.00825676
0.04112269 -0.00854802
0.04429836 -0.00883157
0.04758647 -0.00910663
0.05098621 -0.00937239
0.05449674 -0.00962804
0.05811718 -0.00987274
0.06184666 -0.01010563
0.06568424 -0.01032585
0.06962899 -0.01053254
0.07367992 -0.01072483
0.07783604 -0.01090184
0.08209632 -0.01106274
0.08645971 -0.01120667
0.09092514 -0.01133281
0.09549150 -0.01144037
0.10015767 -0.01152856
0.10492249 -0.01159665
0.10978480 -0.01164394
0.11474338 -0.01166976
0.11979702 -0.01167349
0.12494447 -0.01165458
0.13018445 -0.01161250
0.13551569 -0.01154680
0.14093685 -0.01145708
0.14644661 -0.01134301
0.15204360 -0.01120432
0.15772645 -0.01104082
0.16349374 -0.01085238
0.16934407 -0.01063893
0.17527598 -0.01040051
0.18128801 -0.01013719
0.18737867 -0.00984914
0.19354647 -0.00953660
0.19978989 -0.00919989
0.20610737 -0.00883939
0.21249737 -0.00845556
0.21895831 -0.00804893
0.22548859 -0.00762010
0.23208660 -0.00716972
0.23875072 -0.00669853
0.24547929 -0.00620732
0.25227067 -0.00569693
0.25912316 -0.00516826
0.26603509 -0.00462225
0.27300475 -0.00405991
0.28003042 -0.00348227
0.28711035 -0.00289040
0.29424282 -0.00228540
0.30142605 -0.00166841
0.30865828 -0.00104059
0.31593772 -0.00040311
0.32326258 0.00024285
0.33063104 0.00089610
0.33804129 0.00155543
0.34549150 0.00221966
0.35297984 0.00288759
0.36050445 0.00355804
0.36806348 0.00422987
0.37565506 0.00490191
0.38327732 0.00557307
0.39092838 0.00624224
0.39860635 0.00690837
0.40630934 0.00757043
0.41403545 0.00822744
0.42178277 0.00887846
0.42954938 0.00952256
0.43733338 0.01015890
0.44513284 0.01078665
0.45294584 0.01140506
0.46077045 0.01201339
0.46860474 0.01261098
0.47644677 0.01319719
0.48429462 0.01377146
0.49214634 0.01433326
0.50000000 0.01488209
0.50785366 0.01541753
0.51570538 0.01593918
0.52355323 0.01644668
0.53139526 0.01693974
0.53922955 0.01741806
0.54705416 0.01788142
0.55486716 0.01832960
0.56266662 0.01876243
0.57045062 0.01917976
0.57821723 0.01958146
0.58596455 0.01996743
0.59369066 0.02033757
0.60139365 0.02069181
0.60907162 0.02103009
0.61672268 0.02135235
0.62434494 0.02165853
0.63193652 0.02194859
0.63949555 0.02222248
0.64702016 0.02248014
0.65450850 0.02272151
0.66195871 0.02294653
0.66936896 0.02315512
0.67673742 0.02334718
0.68406228 0.02352263
0.69134172 0.02368134
0.69857395 0.02382319
0.70575718 0.02394804
0.71288965 0.02405572
0.71996958 0.02414608
0.72699525 0.02421892
0.73396491 0.02427405
0.74087684 0.02431126
0.74772933 0.02433035
0.75452071 0.02433108
0.76124928 0.02431323
0.76791340 0.02427656
0.77451141 0.02422087
0.78104169 0.02414591
0.78750263 0.02405148
0.79389263 0.02393737
0.80021011 0.02380339
0.80645353 0.02364936
0.81262133 0.02347516
0.81871199 0.02328064
0.82472402 0.02306573
0.83065593 0.02283037
0.83650626 0.02257454
0.84227355 0.02229828
0.84795640 0.02200166
0.85355339 0.02168480
0.85906315 0.02134790
0.86448431 0.02099118
0.86981555 0.02061496
0.87505553 0.02021960
0.88020298 0.01980552
0.88525662 0.01937323
0.89021520 0.01892331
0.89507751 0.01845639
0.89984233 0.01797319
0.90450850 0.01747450
0.90907486 0.01696119
0.91354029 0.01643419
0.91790368 0.01589451
0.92216396 0.01534322
0.92632008 0.01478150
0.93037101 0.01421053
0.93431576 0.01363162
0.93815334 0.01304609
0.94188282 0.01245536
0.94550326 0.01186087
0.94901379 0.01126411
0.95241353 0.01066665
0.95570164 0.01007005
0.95887731 0.00947594
0.96193977 0.00888596
0.96488824 0.00830176
0.96772202 0.00772502
0.97044038 0.00715742
0.97304268 0.00660064
0.97552826 0.00605636
0.97789651 0.00552622
0.98014684 0.00501188
0.98227871 0.00451492
0.98429158 0.00403693
0.98618496 0.00357942
0.98795838 0.00314387
0.98961141 0.00273169
0.99114363 0.00234423
0.99255466 0.00198277
0.99384417 0.00164851
0.99501183 0.00134256
0.99605735 0.00106596
0.99698048 0.00081964
0.99778098 0.00060443
0.99845867 0.00042107
0.99901336 0.00027018
0.99944494 0.00015228
0.99975328 0.00006778
0.99993832 0.00001696
1.00000000 0.00000000
