sample_135
1.00000000 0.00000000
0.99993832 0.00002865
0.99975328 0.00011453
0.99944494 0.00025750
0.99901336 0.00045731
0.99845867 0.00071364
0.99778098 0.00102603
0.99698048 0.00139397
0.99605735 0.00181684
0.99501183 0.00229392
0.99384417 0.00282442
0.99255466 0.00340746
0.99114363 0.00404208
0.98961141 0.00472725
0.98795838 0.00546186
0.98618496 0.00624473
0.98429158 0.00707462
0.98227871 0.00795021
0.98014684 0.00887016
0.97789651 0.00983305
0.97552826 0.01083743
0.97304268 0.01188179
0.97044038 0.01296461
0.96772202 0.01408432
0.96488824 0.01523932
0.96193977 0.01642801
0.95887731 0.01764877
0.95570164 0.01889995
0.95241353 0.02017991
0.94901379 0.02148703
0.94550326 0.02281965
0.94188282 0.02417617
0.93815334 0.02555496
0.93431576 0.02695444
0.93037101 0.02837304
0.92632008 0.02980923
0.92216396 0.03126148
0.91790368 0.03272833
0.91354029 0.03420835
0.90907486 0.03570014
0.90450850 0.03720233
0.89984233 0.03871364
0.89507751 0.04023280
0.89021520 0.04175860
0.88525662 0.04328988
0.88020298 0.04482552
0.87505553 0.04636449
0.86981555 0.04790576
0.86448431 0.04944838
0.85906315 0.05099145
0.85355339 0.05253411
0.84795640 0.05407556
0.84227355 0.05561504
0.83650626 0.05715183
0.83065593 0.05868527
0.82472402 0.06021471
0.81871199 0.06173957
0.81262133 0.06325929
0.80645353 0.06477332
0.80021011 0.06628119
0.79389263 0.06778239
0.78750263 0.06927648
0.78104169 0.07076302
0.77451141 0.07224157
0.76791340 0.07371172
0.76124928 0.07517305
0.75452071 0.07662514
0.74772933 0.07806758
0.74087684 0.07949995
0.73396491 0.08092180
0.72699525 0.08233268
0.71996958 0.08373214
0.71288965 0.08511968
0.70575718 0.08649479
0.69857395 0.08785693
0.69134172 0.08920553
0.68406228 0.09054000
0.67673742 0.09185971
0.66936896 0.09316399
0.66195871 0.09445215
0.65450850 0.09572344
0.64702016 0.09697709
0.63949555 0.09821231
0.63193652 0.09942824
0.62434494 0.10062400
0.61672268 0.10179868
0.60907162 0.10295133
0.60139365 0.10408098
0.59369066 0.10518663
0.58596455 0.10626723
0.57821723 0.10732174
0.57045062 0.10834909
0.56266662 0.10934818
0.55486716 0.11031791
0.54705416 0.11125718
0.53922955 0.11216486
0.53139526 0.11303984
0.52355323 0.11388101
0.51570538 0.11468728
0.50785366 0.11545755
0.50000000 0.11619075
0.49214634 0.11688584
0.48429462 0.11754180
0.47644677 0.11815766
0.46860474 0.11873245
0.46077045 0.11926528
0.45294584 0.11975529
0.44513284 0.12020166
0.43733338 0.12060364
0.42954938 0.12096053
0.42178277 0.12127170
0.41403545 0.12153655
0.40630934 0.12175460
0.39860635 0.12192538
0.39092838 0.12204854
0.38327732 0.12212376
0.37565506 0.12215082
0.36806348 0.12212956
0.36050445 0.12205990
0.35297984 0.12194181
0.34549150 0.12177536
0.33804129 0.12156068
0.33063104 0.12129797
0.32326258 0.12098748
0.31593772 0.12062956
0.30865828 0.12022458
0.30142605 0.11977301
0.29424282 0.11927534
0.28711035 0.11873212
0.28003042 0.11814398
0.27300475 0.11751154
0.26603509 0.11683550
0.25912316 0.11611659
0.25227067 0.11535555
0.24547929 0.11455316
0.23875072 0.11371022
0.23208660 0.11282754
0.22548859 0.11190594
0.21895831 0.11094627
0.21249737 0.10994934
0.20610737 0.10891599
0.19978989 0.10784704
0.19354647 0.10674331
0.18737867 0.10560558
0.18128801 0.10443464
0.17527598 0.10323124
0.16934407 0.10199611
0.16349374 0.10072995
0.15772645 0.09943343
0.15204360 0.09810720
0.14644661 0.09675186
0.14093685 0.09536798
0.13551569 0.09395610
0.13018445 0.09251673
0.12494447 0.09105032
0.11979702 0.08955731
0.11474338 0.08803810
0.10978480 0.08649305
0.10492249 0.08492249
0.10015767 0.08332674
0.09549150 0.08170607
0.09092514 0.08006074
0.08645971 0.07839097
0.08209632 0.07669700
0.07783604 0.07497901
0.07367992 0.07323721
0.06962899 0.07147178
0.06568424 0.06968290
0.06184666 0.06787075
0.05811718 0.06603553
0.05449674 0.06417744
0.05098621 0.06229668
0.04758647 0.06039348
0.04429836 0.05846810
0.04112269 0.05652081
0.03806023 0.05455191
0.03511176 0.05256173
0.03227798 0.05055064
0.02955962 0.04851905
0.02695732 0.04646740
0.02447174 0.04439617
0.02210349 0.04230590
0.01985316 0.04019715
0.01772129 0.03807055
0.01570842 0.03592677
0.01381504 0.03376650
0.01204162 0.03159052
0.01038859 0.02939963
0.00885637 0.02719468
0.00744534 0.02497655
0.00615583 0.02274618
0.00498817 0.02050456
0.00394265 0.01825268
0.00301952 0.01599160
0.00221902 0.01372240
0.00154133 0.01144617
0.00098664 0.00916406
0.00055506 0.00687721
0.00024672 0.00458680
0.00006168 0.00229400
0.00000000 0.00000000
0.00006168 -0.00063925
0.00024672 -0.00127772
0.00055506 -0.00191463
0.00098664 -0.00254923
0.00154133 -0.00318075
0.00221902 -0.00380843
0.00301952 -0.00443155
0.00394265 -0.00504937
0.00498817 -0.00566118
0.00615583 -0.00626631
0.00744534 -0.00686407
0.00885637 -0.00745383
0.01038859 -0.00803496
0.01204162 -0.00860686
0.01381504 -0.00916896
0.01570842 -0.00972071
0.01772129 -0.01026158
0.01985316 -0.01079108
0.02210349 -0.01130873
0.02447174 -0.01181409
0.02695732 -0.01230673
0.02955962 -0.01278626
0.03227798 -0.01325229
0.03511176 -0.01370446
0.03806023 -0.01414244
0.04112269 -0.01456591
0.04429836 -0.01497455
0.04758647 -0.01536809
0.05098621 -0.01574623
0.05449674 -0.01610870
0.05811718 -0.01645525
0.06184666 -0.01678561
0.06568424 -0.01709952
0.06962899 -0.01739674
0.07367992 -0.01767700
0.07783604 -0.01794005
0.08209632 -0.01818562
0.08645971 -0.01841346
0.09092514 -0.01862327
0.09549150 -0.01881478
0.10015767 -0.01898771
0.10492249 -0.01914173
0.10978480 -0.01927656
0.11474338 -0.01939185
0.11979702 -0.01948730
0.12494447 -0.01956255
0.13018445 -0.01961726
0.13551569 -0.01965108
0.14093685 -0.01966366
0.14644661 -0.01965462
0.15204360 -0.01962363
0.15772645 -0.01957030
0.16349374 -0.01949430
0.16934407 -0.01939528
0.17527598 -0.01927289
0.18128801 -0.01912682
0.18737867 -0.01895677
0.19354647 -0.01876245
0.19978989 -0.01854361
0.20610737 -0.01830001
0.21249737 -0.01803147
0.21895831 -0.01773783
0.22548859 -0.01741896
0.23208660 -0.01707480
0.23875072 -0.01670533
0.24547929 -0.01631057
0.25227067 -0.01589060
0.25912316 -0.01544558
0.26603509 -0.01497570
0.27300475 -0.01448123
0.28003042 -0.01396251
0.28711035 -0.01341995
0.29424282 -0.01285401
0.30142605 -0.01226525
0.30865828 -0.01165428
0.31593772 -0.01102180
0.32326258 -0.01036856
0.33063104 -0.00969541
0.33804129 -0.00900326
0.34549150 -0.00829307
0.35297984 -0.00756591
0.36050445 -0.00682287
0.36806348 -0.00606515
0.37565506 -0.00529397
0.38327732 -0.00451063
0.39092838 -0.00371648
0.39860635 -0.00291290
0.40630934 -0.00210135
0.41403545 -0.00128329
0.42178277 -0.00046025
0.42954938 0.00036625
0.43733338 0.00119464
0.44513284 0.00202333
0.45294584 0.00285073
0.46077045 0.00367526
0.46860474 0.00449531
0.47644677 0.00530930
0.48429462 0.00611565
0.49214634 0.00691282
0.50000000 0.00769925
0.50785366 0.00847347
0.51570538 0.00923401
0.52355323 0.00997945
0.53139526 0.01070841
0.53922955 0.01141957
0.54705416 0.01211168
0.55486716 0.01278351
0.56266662 0.01343394
0.57045062 0.01406190
0.57821723 0.01466637
0.58596455 0.01524643
0.59369066 0.01580123
0.60139365 0.01633000
0.60907162 0.01683202
0.61672268 0.01730670
0.62434494 0.01775348
0.63193652 0.01817192
0.63949555 0.01856163
0.64702016 0.01892231
0.65450850 0.01925374
0.66195871 0.01955578
0.66936896 0.01982836
0.67673742 0.02007148
0.68406228 0.02028520
0.69134172 0.02046968
0.69857395 0.02062511
0.70575718 0.02075176
0.71288965 0.02084996
0.71996958 0.02092009
0.72699525 0.02096257
0.73396491 0.02097789
0.74087684 0.02096656
0.74772933 0.02092917
0.75452071 0.02086631
0.76124928 0.02077862
0.76791340 0.02066676
0.77451141 0.02053144
0.78104169 0.02037338
0.78750263 0.02019331
0.79389263 0.01999200
0.80021011 0.01977023
0.80645353 0.01952878
0.81262133 0.01926846
0.81871199 0.01899009
0.82472402 0.01869447
0.83065593 0.01838244
0.83650626 0.01805482
0.84227355 0.01771244
0.84795640 0.01735614
0.85355339 0.01698675
0.85906315 0.01660511
0.86448431 0.01621206
0.86981555 0.01580843
0.87505553 0.01539505
0.88020298 0.01497277
0.88525662 0.01454241
0.89021520 0.01410481
0.89507751 0.01366080
0.89984233 0.01321122
0.90450850 0.01275691
0.90907486 0.01229869
0.91354029 0.01183741
0.91790368 0.01137390
0.92216396 0.01090901
0.92632008 0.01044357
0.93037101 0.00997842
0.93431576 0.00951441
0.93815334 0.00905239
0.94188282 0.00859318
0.94550326 0.00813766
0.94901379 0.00768664
0.95241353 0.00724098
0.95570164 0.00680153
0.95887731 0.00636910
0.96193977 0.00594454
0.96488824 0.00552868
0.96772202 0.00512232
0.97044038 0.00472628
0.97304268 0.00434136
0.97552826 0.00396833
0.97789651 0.00360797
0.98014684 0.00326103
0.98227871 0.00292823
0.98429158 0.00261028
0.98618496 0.00230787
0.98795838 0.00202166
0.98961141 0.00175227
0.99114363 0.00150029
0.99255466 0.00126629
0.99384417 0.00105080
0.99501183 0.00085430
0.99605735 0.00067724
0.99698048 0.00052004
0.99778098 0.00038304
0.99845867 0.00026657
0.99901336 0.00017091
0.99944494 0.00009627
0.99975328 0.00004283
0.99993832 0.00001072
1.00000000 0.00000000
