sample_1060
1.00000000 0.00000000
0.99993832 0.00002731
0.99975328 0.00010921
0.99944494 0.00024556
0.99901336 0.00043618
0.99845867 0.00068076
0.99778098 0.00097896
0.99698048 0.00133033
0.99605735 0.00173434
0.99501183 0.00219042
0.99384417 0.00269788
0.99255466 0.00325598
0.99114363 0.00386392
0.98961141 0.00452082
0.98795838 0.00522573
0.98618496 0.00597764
0.98429158 0.00677549
0.98227871 0.00761816
0.98014684 0.00850446
0.97789651 0.00943318
0.97552826 0.01040303
0.97304268 0.01141269
0.97044038 0.01246081
0.96772202 0.01354598
0.96488824 0.01466679
0.96193977 0.01582176
0.95887731 0.01700942
0.95570164 0.01822824
0.95241353 0.01947672
0.94901379 0.02075330
0.94550326 0.02205644
0.94188282 0.02338456
0.93815334 0.02473611
0.93431576 0.02610952
0.93037101 0.02750323
0.92632008 0.02891567
0.92216396 0.03034530
0.91790368 0.03179058
0.91354029 0.03324998
0.90907486 0.03472201
0.90450850 0.03620518
0.89984233 0.03769803
0.89507751 0.03919911
0.89021520 0.04070703
0.88525662 0.04222039
0.88020298 0.04373786
0.87505553 0.04525811
0.86981555 0.04677987
0.86448431 0.04830188
0.85906315 0.04982294
0.85355339 0.05134187
0.84795640 0.05285754
0.84227355 0.05436886
0.83650626 0.05587476
0.83065593 0.05737423
0.82472402 0.05886630
0.81871199 0.06035002
0.81262133 0.06182449
0.80645353 0.06328886
0.80021011 0.06474229
0.79389263 0.06618401
0.78750263 0.06761326
0.78104169 0.06902932
0.77451141 0.07043151
0.76791340 0.07181919
0.76124928 0.07319174
0.75452071 0.07454856
0.74772933 0.07588909
0.74087684 0.07721281
0.73396491 0.07851920
0.72699525 0.07980777
0.71996958 0.08107806
0.71288965 0.08232962
0.70575718 0.08356202
0.69857395 0.08477485
0.69134172 0.08596771
0.68406228 0.08714021
0.67673742 0.08829196
0.66936896 0.08942261
0.66195871 0.09053178
0.65450850 0.09161912
0.64702016 0.09268427
0.63949555 0.09372687
0.63193652 0.09474656
0.62434494 0.09574299
0.61672268 0.09671580
0.60907162 0.09766462
0.60139365 0.09858908
0.59369066 0.09948880
0.58596455 0.10036340
0.57821723 0.10121248
0.57045062 0.10203564
0.56266662 0.10283248
0.55486716 0.10360256
0.54705416 0.10434546
0.53922955 0.10506074
0.53139526 0.10574793
0.52355323 0.10640659
0.51570538 0.10703623
0.50785366 0.10763638
0.50000000 0.10820655
0.49214634 0.10874624
0.48429462 0.10925493
0.47644677 0.10973213
0.46860474 0.11017732
0.46077045 0.11058996
0.45294584 0.11096955
0.44513284 0.11131555
0.43733338 0.11162745
0.42954938 0.11190471
0.42178277 0.11214683
0.41403545 0.11235328
0.40630934 0.11252357
0.39860635 0.11265720
0.39092838 0.11275368
0.38327732 0.11281254
0.37565506 0.11283333
0.36806348 0.11281560
0.36050445 0.11275894
0.35297984 0.11266295
0.34549150 0.11252726
0.33804129 0.11235151
0.33063104 0.11213539
0.32326258 0.11187860
0.31593772 0.11158088
0.30865828 0.11124201
0.30142605 0.11086178
0.29424282 0.11044005
0.28711035 0.10997669
0.28003042 0.10947163
0.27300475 0.10892482
0.26603509 0.10833626
0.25912316 0.10770600
0.25227067 0.10703413
0.24547929 0.10632077
0.23875072 0.10556611
0.23208660 0.10477036
0.22548859 0.10393379
0.21895831 0.10305671
0.21249737 0.10213947
0.20610737 0.10118247
0.19978989 0.10018617
0.19354647 0.09915104
0.18737867 0.09807762
0.18128801 0.09696647
0.17527598 0.09581822
0.16934407 0.09463351
0.16349374 0.09341302
0.15772645 0.09215750
0.15204360 0.09086768
0.14644661 0.08954437
0.14093685 0.08818838
0.13551569 0.08680056
0.13018445 0.08538179
0.12494447 0.08393296
0.11979702 0.08245499
0.11474338 0.08094881
0.10978480 0.07941537
0.10492249 0.07785565
0.10015767 0.07627060
0.09549150 0.07466121
0.09092514 0.07302847
0.08645971 0.07137335
0.08209632 0.06969686
0.07783604 0.06799995
0.07367992 0.06628362
0.06962899 0.06454883
0.06568424 0.06279652
0.06184666 0.06102765
0.05811718 0.05924313
0.05449674 0.05744387
0.05098621 0.05563076
0.04758647 0.05380465
0.04429836 0.05196640
0.04112269 0.05011680
0.03806023 0.04825664
0.03511176 0.04638669
0.03227798 0.04450766
0.02955962 0.04262026
0.02695732 0.04072514
0.02447174 0.03882295
0.02210349 0.03691429
0.01985316 0.03499972
0.01772129 0.03307977
0.01570842 0.03115497
0.01381504 0.02922577
0.01204162 0.02729263
0.01038859 0.02535595
0.00885637 0.02341612
0.00744534 0.02147351
0.00615583 0.01952843
0.00498817 0.01758119
0.00394265 0.01563209
0.00301952 0.01368137
0.00221902 0.01172929
0.00154133 0.00977608
0.00098664 0.00782194
0.00055506 0.00586708
0.00024672 0.00391168
0.00006168 0.00195593
0.00000000 0.00000000
0.00006168 -0.00074076
0.00024672 -0.00148001
0.00055506 -0.00221623
0.00098664 -0.00294793
0.00154133 -0.00367363
0.00221902 -0.00439188
0.00301952 -0.00510126
0.00394265 -0.00580039
0.00498817 -0.00648792
0.00615583 -0.00716257
0.00744534 -0.00782308
0.00885637 -0.00846827
0.01038859 -0.00909703
0.01204162 -0.00970828
0.01381504 -0.01030104
0.01570842 -0.01087439
0.01772129 -0.01142746
0.01985316 -0.01195950
0.02210349 -0.01246978
0.02447174 -0.01295770
0.02695732 -0.01342269
0.02955962 -0.01386428
0.03227798 -0.01428207
0.03511176 -0.01467573
0.03806023 -0.01504500
0.04112269 -0.01538970
0.04429836 -0.01570971
0.04758647 -0.01600497
0.05098621 -0.01627547
0.05449674 -0.01652129
0.05811718 -0.01674252
0.06184666 -0.01693935
0.06568424 -0.01711197
0.06962899 -0.01726062
0.07367992 -0.01738561
0.07783604 -0.01748723
0.08209632 -0.01756583
0.08645971 -0.01762179
0.09092514 -0.01765547
0.09549150 -0.01766729
0.10015767 -0.01765766
0.10492249 -0.01762698
0.10978480 -0.01757568
0.11474338 -0.01750418
0.11979702 -0.01741289
0.12494447 -0.01730223
0.13018445 -0.01717260
0.13551569 -0.01702438
0.14093685 -0.01685796
0.14644661 -0.01667371
0.15204360 -0.01647196
0.15772645 -0.01625307
0.16349374 -0.01601735
0.16934407 -0.01576510
0.17527598 -0.01549663
0.18128801 -0.01521219
0.18737867 -0.01491207
0.19354647 -0.01459651
0.19978989 -0.01426576
0.20610737 -0.01392004
0.21249737 -0.01355961
0.21895831 -0.01318467
0.22548859 -0.01279546
0.23208660 -0.01239221
0.23875072 -0.01197516
0.24547929 -0.01154454
0.25227067 -0.01110060
0.25912316 -0.01064362
0.26603509 -0.01017387
0.27300475 -0.00969165
0.28003042 -0.00919728
0.28711035 -0.00869112
0.29424282 -0.00817352
0.30142605 -0.00764488
0.30865828 -0.00710563
0.31593772 -0.00655623
0.32326258 -0.00599717
0.33063104 -0.00542896
0.33804129 -0.00485216
0.34549150 -0.00426735
0.35297984 -0.00367516
0.36050445 -0.00307624
0.36806348 -0.00247127
0.37565506 -0.00186097
0.38327732 -0.00124610
0.39092838 -0.00062741
0.39860635 -0.00000572
0.40630934 0.00061816
0.41403545 0.00124337
0.42178277 0.00186906
0.42954938 0.00249434
0.43733338 0.00311831
0.44513284 0.00374008
0.45294584 0.00435874
0.46077045 0.00497336
0.46860474 0.00558305
0.47644677 0.00618689
0.48429462 0.00678399
0.49214634 0.00737344
0.50000000 0.00795439
0.50785366 0.00852597
0.51570538 0.00908734
0.52355323 0.00963770
0.53139526 0.01017625
0.53922955 0.01070225
0.54705416 0.01121497
0.55486716 0.01171371
0.56266662 0.01219783
0.57045062 0.01266670
0.57821723 0.01311975
0.58596455 0.01355645
0.59369066 0.01397629
0.60139365 0.01437881
0.60907162 0.01476361
0.61672268 0.01513032
0.62434494 0.01547859
0.63193652 0.01580815
0.63949555 0.01611874
0.64702016 0.01641016
0.65450850 0.01668222
0.66195871 0.01693480
0.66936896 0.01716779
0.67673742 0.01738112
0.68406228 0.01757476
0.69134172 0.01774870
0.69857395 0.01790297
0.70575718 0.01803761
0.71288965 0.01815269
0.71996958 0.01824830
0.72699525 0.01832456
0.73396491 0.01838160
0.74087684 0.01841957
0.74772933 0.01843863
0.75452071 0.01843896
0.76124928 0.01842076
0.76791340 0.01838421
0.77451141 0.01832954
0.78104169 0.01825696
0.78750263 0.01816672
0.79389263 0.01805904
0.80021011 0.01793418
0.80645353 0.01779240
0.81262133 0.01763397
0.81871199 0.01745917
0.82472402 0.01726829
0.83065593 0.01706164
0.83650626 0.01683953
0.84227355 0.01660229
0.84795640 0.01635027
0.85355339 0.01608385
0.85906315 0.01580340
0.86448431 0.01550933
0.86981555 0.01520206
0.87505553 0.01488207
0.88020298 0.01454982
0.88525662 0.01420582
0.89021520 0.01385060
0.89507751 0.01348475
0.89984233 0.01310885
0.90450850 0.01272355
0.90907486 0.01232950
0.91354029 0.01192741
0.91790368 0.01151803
0.92216396 0.01110211
0.92632008 0.01068047
0.93037101 0.01025395
0.93431576 0.00982343
0.93815334 0.00938983
0.94188282 0.00895407
0.94550326 0.00851714
0.94901379 0.00808004
0.95241353 0.00764379
0.95570164 0.00720943
0.95887731 0.00677805
0.96193977 0.00635072
0.96488824 0.00592855
0.96772202 0.00551264
0.97044038 0.00510411
0.97304268 0.00470406
0.97552826 0.00431362
0.97789651 0.00393388
0.98014684 0.00356594
0.98227871 0.00321087
0.98429158 0.00286971
0.98618496 0.00254349
0.98795838 0.00223319
0.98961141 0.00193978
0.99114363 0.00166416
0.99255466 0.00140719
0.99384417 0.00116968
0.99501183 0.00095241
0.99605735 0.00075605
0.99698048 0.00058125
0.99778098 0.00042858
0.99845867 0.00029853
0.99901336 0.00019154
0.99944494 0.00010795
0.99975328 0.00004805
0.99993832 0.00001202
1.00000000 0.00000000
