sample_047
1.00000000 0.00000000
0.99993832 0.00002128
0.99975328 0.00008512
0.99944494 0.00019154
0.99901336 0.00034054
0.99845867 0.00053215
0.99778098 0.00076639
0.99698048 0.00104328
0.99605735 0.00136286
0.99501183 0.00172516
0.99384417 0.00213019
0.99255466 0.00257798
0.99114363 0.00306854
0.98961141 0.00360189
0.98795838 0.00417800
0.98618496 0.00479686
0.98429158 0.00545843
0.98227871 0.00616265
0.98014684 0.00690945
0.97789651 0.00769870
0.97552826 0.00853028
0.97304268 0.00940401
0.97044038 0.01031970
0.96772202 0.01127710
0.96488824 0.01227593
0.96193977 0.01331587
0.95887731 0.01439656
0.95570164 0.01551759
0.95241353 0.01667848
0.94901379 0.01787874
0.94550326 0.01911781
0.94188282 0.02039506
0.93815334 0.02170984
0.93431576 0.02306143
0.93037101 0.02444906
0.92632008 0.02587190
0.92216396 0.02732907
0.91790368 0.02881964
0.91354029 0.03034263
0.90907486 0.03189701
0.90450850 0.03348170
0.89984233 0.03509556
0.89507751 0.03673742
0.89021520 0.03840606
0.88525662 0.04010023
0.88020298 0.04181862
0.87505553 0.04355990
0.86981555 0.04532271
0.86448431 0.04710565
0.85906315 0.04890730
0.85355339 0.05072620
0.84795640 0.05256089
0.84227355 0.05440988
0.83650626 0.05627167
0.83065593 0.05814476
0.82472402 0.06002761
0.81871199 0.06191871
0.81262133 0.06381652
0.80645353 0.06571952
0.80021011 0.06762618
0.79389263 0.06953498
0.78750263 0.07144442
0.78104169 0.07335299
0.77451141 0.07525919
0.76791340 0.07716157
0.76124928 0.07905864
0.75452071 0.08094897
0.74772933 0.08283114
0.74087684 0.08470373
0.73396491 0.08656536
0.72699525 0.08841465
0.71996958 0.09025026
0.71288965 0.09207085
0.70575718 0.09387512
0.69857395 0.09566177
0.69134172 0.09742954
0.68406228 0.09917717
0.67673742 0.10090342
0.66936896 0.10260707
0.66195871 0.10428693
0.65450850 0.10594180
0.64702016 0.10757050
0.63949555 0.10917188
0.63193652 0.11074478
0.62434494 0.11228807
0.61672268 0.11380061
0.60907162 0.11528128
0.60139365 0.11672897
0.59369066 0.11814257
0.58596455 0.11952098
0.57821723 0.12086310
0.57045062 0.12216785
0.56266662 0.12343415
0.55486716 0.12466090
0.54705416 0.12584706
0.53922955 0.12699154
0.53139526 0.12809328
0.52355323 0.12915125
0.51570538 0.13016439
0.50785366 0.13113168
0.50000000 0.13205209
0.49214634 0.13292463
0.48429462 0.13374828
0.47644677 0.13452209
0.46860474 0.13524511
0.46077045 0.13591639
0.45294584 0.13653503
0.44513284 0.13710016
0.43733338 0.13761093
0.42954938 0.13806651
0.42178277 0.13846615
0.41403545 0.13880909
0.40630934 0.13909464
0.39860635 0.13932215
0.39092838 0.13949103
0.38327732 0.13960073
0.37565506 0.13965074
0.36806348 0.13964065
0.36050445 0.13957007
0.35297984 0.13943870
0.34549150 0.13924629
0.33804129 0.13899267
0.33063104 0.13867773
0.32326258 0.13830144
0.31593772 0.13786384
0.30865828 0.13736505
0.30142605 0.13680526
0.29424282 0.13618473
0.28711035 0.13550382
0.28003042 0.13476295
0.27300475 0.13396263
0.26603509 0.13310342
0.25912316 0.13218600
0.25227067 0.13121108
0.24547929 0.13017948
0.23875072 0.12909206
0.23208660 0.12794978
0.22548859 0.12675366
0.21895831 0.12550476
0.21249737 0.12420423
0.20610737 0.12285327
0.19978989 0.12145314
0.19354647 0.12000515
0.18737867 0.11851064
0.18128801 0.11697102
0.17527598 0.11538773
0.16934407 0.11376225
0.16349374 0.11209607
0.15772645 0.11039074
0.15204360 0.10864780
0.14644661 0.10686883
0.14093685 0.10505541
0.13551569 0.10320914
0.13018445 0.10133161
0.12494447 0.09942440
0.11979702 0.09748912
0.11474338 0.09552734
0.10978480 0.09354061
0.10492249 0.09153049
0.10015767 0.08949849
0.09549150 0.08744610
0.09092514 0.08537479
0.08645971 0.08328598
0.08209632 0.08118106
0.07783604 0.07906139
0.07367992 0.07692827
0.06962899 0.07478295
0.06568424 0.07262664
0.06184666 0.07046051
0.05811718 0.06828566
0.05449674 0.06610314
0.05098621 0.06391395
0.04758647 0.06171902
0.04429836 0.05951925
0.04112269 0.05731544
0.03806023 0.05510837
0.03511176 0.05289873
0.03227798 0.05068719
0.02955962 0.04847431
0.02695732 0.04626065
0.02447174 0.04404666
0.02210349 0.04183278
0.01985316 0.03961936
0.01772129 0.03740671
0.01570842 0.03519511
0.01381504 0.03298475
0.01204162 0.03077580
0.01038859 0.02856839
0.00885637 0.02636259
0.00744534 0.02415843
0.00615583 0.02195592
0.00498817 0.01975502
0.00394265 0.01755566
0.00301952 0.01535774
0.00221902 0.01316115
0.00154133 0.01096573
0.00098664 0.00877133
0.00055506 0.00657775
0.00024672 0.00438481
0.00006168 0.00219230
0.00000000 0.00000000
0.00006168 -0.00107052
0.00024672 -0.00213959
0.00055506 -0.00320578
0.00098664 -0.00426765
0.00154133 -0.00532377
0.00221902 -0.00637272
0.00301952 -0.00741308
0.00394265 -0.00844346
0.00498817 -0.00946246
0.00615583 -0.01046872
0.00744534 -0.01146088
0.00885637 -0.01243760
0.01038859 -0.01339759
0.01204162 -0.01433954
0.01381504 -0.01526220
0.01570842 -0.01616434
0.01772129 -0.01704474
0.01985316 -0.01790224
0.02210349 -0.01873569
0.02447174 -0.01954400
0.02695732 -0.02032609
0.02955962 -0.02108095
0.03227798 -0.02180758
0.03511176 -0.02250503
0.03806023 -0.02317242
0.04112269 -0.02380889
0.04429836 -0.02441364
0.04758647 -0.02498590
0.05098621 -0.02552497
0.05449674 -0.02603020
0.05811718 -0.02650098
0.06184666 -0.02693678
0.06568424 -0.02733710
0.06962899 -0.02770151
0.07367992 -0.02802961
0.07783604 -0.02832111
0.08209632 -0.02857573
0.08645971 -0.02879327
0.09092514 -0.02897358
0.09549150 -0.02911658
0.10015767 -0.02922223
0.10492249 -0.02929058
0.10978480 -0.02932170
0.11474338 -0.02931575
0.11979702 -0.02927292
0.12494447 -0.02919348
0.13018445 -0.02907774
0.13551569 -0.02892608
0.14093685 -0.02873890
0.14644661 -0.02851669
0.15204360 -0.02825997
0.15772645 -0.02796931
0.16349374 -0.02764533
0.16934407 -0.02728869
0.17527598 -0.02690011
0.18128801 -0.02648031
0.18737867 -0.02603010
0.19354647 -0.02555030
0.19978989 -0.02504175
0.20610737 -0.02450535
0.21249737 -0.02394202
0.21895831 -0.02335270
0.22548859 -0.02273836
0.23208660 -0.02210000
0.23875072 -0.02143862
0.24547929 -0.02075525
0.25227067 -0.02005095
0.25912316 -0.01932676
0.26603509 -0.01858376
0.27300475 -0.01782303
0.28003042 -0.01704565
0.28711035 -0.01625270
0.29424282 -0.01544528
0.30142605 -0.01462448
0.30865828 -0.01379139
0.31593772 -0.01294710
0.32326258 -0.01209269
0.33063104 -0.01122923
0.33804129 -0.01035780
0.34549150 -0.00947947
0.35297984 -0.00859527
0.36050445 -0.00770626
0.36806348 -0.00681347
0.37565506 -0.00591791
0.38327732 -0.00502060
0.39092838 -0.00412253
0.39860635 -0.00322467
0.40630934 -0.00232800
0.41403545 -0.00143348
0.42178277 -0.00054203
0.42954938 0.00034540
0.43733338 0.00122792
0.44513284 0.00210463
0.45294584 0.00297463
0.46077045 0.00383706
0.46860474 0.00469106
0.47644677 0.00553580
0.48429462 0.00637043
0.49214634 0.00719414
0.50000000 0.00800613
0.50785366 0.00880560
0.51570538 0.00959178
0.52355323 0.01036389
0.53139526 0.01112120
0.53922955 0.01186294
0.54705416 0.01258840
0.55486716 0.01329686
0.56266662 0.01398762
0.57045062 0.01465999
0.57821723 0.01531329
0.58596455 0.01594686
0.59369066 0.01656006
0.60139365 0.01715225
0.60907162 0.01772284
0.61672268 0.01827121
0.62434494 0.01879680
0.63193652 0.01929905
0.63949555 0.01977742
0.64702016 0.02023140
0.65450850 0.02066050
0.66195871 0.02106426
0.66936896 0.02144223
0.67673742 0.02179401
0.68406228 0.02211922
0.69134172 0.02241750
0.69857395 0.02268853
0.70575718 0.02293204
0.71288965 0.02314777
0.71996958 0.02333552
0.72699525 0.02349510
0.73396491 0.02362640
0.74087684 0.02372931
0.74772933 0.02380380
0.75452071 0.02384986
0.76124928 0.02386753
0.76791340 0.02385690
0.77451141 0.02381812
0.78104169 0.02375138
0.78750263 0.02365690
0.79389263 0.02353498
0.80021011 0.02338595
0.80645353 0.02321022
0.81262133 0.02300821
0.81871199 0.02278044
0.82472402 0.02252743
0.83065593 0.02224980
0.83650626 0.02194818
0.84227355 0.02162329
0.84795640 0.02127588
0.85355339 0.02090673
0.85906315 0.02051670
0.86448431 0.02010669
0.86981555 0.01967763
0.87505553 0.01923050
0.88020298 0.01876634
0.88525662 0.01828621
0.89021520 0.01779120
0.89507751 0.01728246
0.89984233 0.01676117
0.90450850 0.01622851
0.90907486 0.01568574
0.91354029 0.01513409
0.91790368 0.01457486
0.92216396 0.01400935
0.92632008 0.01343886
0.93037101 0.01286473
0.93431576 0.01228830
0.93815334 0.01171092
0.94188282 0.01113394
0.94550326 0.01055872
0.94901379 0.00998661
0.95241353 0.00941894
0.95570164 0.00885707
0.95887731 0.00830232
0.96193977 0.00775598
0.96488824 0.00721937
0.96772202 0.00669373
0.97044038 0.00618033
0.97304268 0.00568037
0.97552826 0.00519504
0.97789651 0.00472548
0.98014684 0.00427282
0.98227871 0.00383814
0.98429158 0.00342245
0.98618496 0.00302675
0.98795838 0.00265198
0.98961141 0.00229903
0.99114363 0.00196874
0.99255466 0.00166190
0.99384417 0.00137923
0.99501183 0.00112141
0.99605735 0.00088906
0.99698048 0.00068272
0.99778098 0.00050289
0.99845867 0.00034999
0.99901336 0.00022440
0.99944494 0.00012640
0.99975328 0.00005624
0.99993832 0.00001407
1.00000000 0.00000000
