sample_1361
1.00000000 0.00000000
0.99993832 0.00002547
0.99975328 0.00010185
0.99944494 0.00022906
0.99901336 0.00040697
0.99845867 0.00063539
0.99778098 0.00091409
0.99698048 0.00124277
0.99605735 0.00162111
0.99501183 0.00204872
0.99384417 0.00252515
0.99255466 0.00304995
0.99114363 0.00362257
0.98961141 0.00424247
0.98795838 0.00490902
0.98618496 0.00562160
0.98429158 0.00637953
0.98227871 0.00718209
0.98014684 0.00802853
0.97789651 0.00891809
0.97552826 0.00984997
0.97304268 0.01082334
0.97044038 0.01183735
0.96772202 0.01289113
0.96488824 0.01398381
0.96193977 0.01511448
0.95887731 0.01628222
0.95570164 0.01748611
0.95241353 0.01872520
0.94901379 0.01999856
0.94550326 0.02130522
0.94188282 0.02264423
0.93815334 0.02401461
0.93431576 0.02541542
0.93037101 0.02684566
0.92632008 0.02830438
0.92216396 0.02979059
0.91790368 0.03130333
0.91354029 0.03284161
0.90907486 0.03440447
0.90450850 0.03599093
0.89984233 0.03760000
0.89507751 0.03923072
0.89021520 0.04088211
0.88525662 0.04255318
0.88020298 0.04424294
0.87505553 0.04595042
0.86981555 0.04767461
0.86448431 0.04941452
0.85906315 0.05116914
0.85355339 0.05293745
0.84795640 0.05471844
0.84227355 0.05651105
0.83650626 0.05831426
0.83065593 0.06012699
0.82472402 0.06194818
0.81871199 0.06377673
0.81262133 0.06561153
0.80645353 0.06745146
0.80021011 0.06929538
0.79389263 0.07114212
0.78750263 0.07299050
0.78104169 0.07483931
0.77451141 0.07668733
0.76791340 0.07853331
0.76124928 0.08037598
0.75452071 0.08221406
0.74772933 0.08404621
0.74087684 0.08587113
0.73396491 0.08768744
0.72699525 0.08949377
0.71996958 0.09128874
0.71288965 0.09307092
0.70575718 0.09483888
0.69857395 0.09659119
0.69134172 0.09832638
0.68406228 0.10004299
0.67673742 0.10173953
0.66936896 0.10341451
0.66195871 0.10506643
0.65450850 0.10669381
0.64702016 0.10829513
0.63949555 0.10986891
0.63193652 0.11141363
0.62434494 0.11292782
0.61672268 0.11441000
0.60907162 0.11585870
0.60139365 0.11727247
0.59369066 0.11864987
0.58596455 0.11998950
0.57821723 0.12128996
0.57045062 0.12254989
0.56266662 0.12376797
0.55486716 0.12494288
0.54705416 0.12607338
0.53922955 0.12715823
0.53139526 0.12819624
0.52355323 0.12918627
0.51570538 0.13012723
0.50785366 0.13101806
0.50000000 0.13185777
0.49214634 0.13264540
0.48429462 0.13338007
0.47644677 0.13406093
0.46860474 0.13468720
0.46077045 0.13525817
0.45294584 0.13577315
0.44513284 0.13623156
0.43733338 0.13663285
0.42954938 0.13697655
0.42178277 0.13726224
0.41403545 0.13748956
0.40630934 0.13765824
0.39860635 0.13776804
0.39092838 0.13781882
0.38327732 0.13781048
0.37565506 0.13774298
0.36806348 0.13761637
0.36050445 0.13743073
0.35297984 0.13718622
0.34549150 0.13688307
0.33804129 0.13652155
0.33063104 0.13610200
0.32326258 0.13562482
0.31593772 0.13509046
0.30865828 0.13449943
0.30142605 0.13385229
0.29424282 0.13314965
0.28711035 0.13239219
0.28003042 0.13158061
0.27300475 0.13071567
0.26603509 0.12979818
0.25912316 0.12882899
0.25227067 0.12780899
0.24547929 0.12673911
0.23875072 0.12562031
0.23208660 0.12445360
0.22548859 0.12324001
0.21895831 0.12198061
0.21249737 0.12067648
0.20610737 0.11932874
0.19978989 0.11793855
0.19354647 0.11650706
0.18737867 0.11503546
0.18128801 0.11352495
0.17527598 0.11197674
0.16934407 0.11039206
0.16349374 0.10877215
0.15772645 0.10711825
0.15204360 0.10543161
0.14644661 0.10371349
0.14093685 0.10196513
0.13551569 0.10018779
0.13018445 0.09838272
0.12494447 0.09655115
0.11979702 0.09469431
0.11474338 0.09281343
0.10978480 0.09090972
0.10492249 0.08898436
0.10015767 0.08703852
0.09549150 0.08507338
0.09092514 0.08309004
0.08645971 0.08108964
0.08209632 0.07907324
0.07783604 0.07704191
0.07367992 0.07499668
0.06962899 0.07293854
0.06568424 0.07086846
0.06184666 0.06878738
0.05811718 0.06669618
0.05449674 0.06459574
0.05098621 0.06248688
0.04758647 0.06037038
0.04429836 0.05824700
0.04112269 0.05611745
0.03806023 0.05398240
0.03511176 0.05184247
0.03227798 0.04969827
0.02955962 0.04755033
0.02695732 0.04539917
0.02447174 0.04324527
0.02210349 0.04108904
0.01985316 0.03893088
0.01772129 0.03677116
0.01570842 0.03461017
0.01381504 0.03244821
0.01204162 0.03028552
0.01038859 0.02812231
0.00885637 0.02595877
0.00744534 0.02379504
0.00615583 0.02163124
0.00498817 0.01946747
0.00394265 0.01730379
0.00301952 0.01514027
0.00221902 0.01297692
0.00154133 0.01081374
0.00098664 0.00865075
0.00055506 0.00648791
0.00024672 0.00432520
0.00006168 0.00216258
0.00000000 0.00000000
0.00006168 -0.00078256
0.00024672 -0.00156353
0.00055506 -0.00234130
0.00098664 -0.00311431
0.00154133 -0.00388098
0.00221902 -0.00463978
0.00301952 -0.00538917
0.00394265 -0.00612769
0.00498817 -0.00685387
0.00615583 -0.00756630
0.00744534 -0.00826362
0.00885637 -0.00894451
0.01038859 -0.00960772
0.01204162 -0.01025203
0.01381504 -0.01087630
0.01570842 -0.01147945
0.01772129 -0.01206048
0.01985316 -0.01261844
0.02210349 -0.01315247
0.02447174 -0.01366177
0.02695732 -0.01414563
0.02955962 -0.01460343
0.03227798 -0.01503459
0.03511176 -0.01543867
0.03806023 -0.01581526
0.04112269 -0.01616405
0.04429836 -0.01648484
0.04758647 -0.01677746
0.05098621 -0.01704187
0.05449674 -0.01727808
0.05811718 -0.01748619
0.06184666 -0.01766638
0.06568424 -0.01781888
0.06962899 -0.01794403
0.07367992 -0.01804221
0.07783604 -0.01811388
0.08209632 -0.01815955
0.08645971 -0.01817981
0.09092514 -0.01817527
0.09549150 -0.01814663
0.10015767 -0.01809462
0.10492249 -0.01801999
0.10978480 -0.01792356
0.11474338 -0.01780617
0.11979702 -0.01766867
0.12494447 -0.01751196
0.13018445 -0.01733694
0.13551569 -0.01714452
0.14093685 -0.01693563
0.14644661 -0.01671118
0.15204360 -0.01647209
0.15772645 -0.01621927
0.16349374 -0.01595362
0.16934407 -0.01567602
0.17527598 -0.01538731
0.18128801 -0.01508832
0.18737867 -0.01477985
0.19354647 -0.01446267
0.19978989 -0.01413749
0.20610737 -0.01380500
0.21249737 -0.01346583
0.21895831 -0.01312058
0.22548859 -0.01276979
0.23208660 -0.01241395
0.23875072 -0.01205350
0.24547929 -0.01168883
0.25227067 -0.01132028
0.25912316 -0.01094814
0.26603509 -0.01057263
0.27300475 -0.01019394
0.28003042 -0.00981219
0.28711035 -0.00942748
0.29424282 -0.00903983
0.30142605 -0.00864925
0.30865828 -0.00825568
0.31593772 -0.00785904
0.32326258 -0.00745921
0.33063104 -0.00705604
0.33804129 -0.00664935
0.34549150 -0.00623895
0.35297984 -0.00582463
0.36050445 -0.00540615
0.36806348 -0.00498329
0.37565506 -0.00455579
0.38327732 -0.00412344
0.39092838 -0.00368599
0.39860635 -0.00324324
0.40630934 -0.00279499
0.41403545 -0.00234105
0.42178277 -0.00188128
0.42954938 -0.00141556
0.43733338 -0.00094381
0.44513284 -0.00046598
0.45294584 0.00001791
0.46077045 0.00050783
0.46860474 0.00100368
0.47644677 0.00150529
0.48429462 0.00201246
0.49214634 0.00252492
0.50000000 0.00304235
0.50785366 0.00356435
0.51570538 0.00409047
0.52355323 0.00462020
0.53139526 0.00515297
0.53922955 0.00568814
0.54705416 0.00622501
0.55486716 0.00676283
0.56266662 0.00730079
0.57045062 0.00783802
0.57821723 0.00837362
0.58596455 0.00890661
0.59369066 0.00943599
0.60139365 0.00996072
0.60907162 0.01047972
0.61672268 0.01099188
0.62434494 0.01149607
0.63193652 0.01199113
0.63949555 0.01247591
0.64702016 0.01294922
0.65450850 0.01340990
0.66195871 0.01385677
0.66936896 0.01428868
0.67673742 0.01470449
0.68406228 0.01510307
0.69134172 0.01548333
0.69857395 0.01584424
0.70575718 0.01618476
0.71288965 0.01650394
0.71996958 0.01680086
0.72699525 0.01707467
0.73396491 0.01732456
0.74087684 0.01754982
0.74772933 0.01774978
0.75452071 0.01792387
0.76124928 0.01807158
0.76791340 0.01819248
0.77451141 0.01828625
0.78104169 0.01835262
0.78750263 0.01839143
0.79389263 0.01840260
0.80021011 0.01838615
0.80645353 0.01834218
0.81262133 0.01827088
0.81871199 0.01817253
0.82472402 0.01804750
0.83065593 0.01789624
0.83650626 0.01771929
0.84227355 0.01751727
0.84795640 0.01729088
0.85355339 0.01704089
0.85906315 0.01676816
0.86448431 0.01647358
0.86981555 0.01615814
0.87505553 0.01582288
0.88020298 0.01546890
0.88525662 0.01509733
0.89021520 0.01470936
0.89507751 0.01430624
0.89984233 0.01388921
0.90450850 0.01345959
0.90907486 0.01301869
0.91354029 0.01256785
0.91790368 0.01210844
0.92216396 0.01164182
0.92632008 0.01116937
0.93037101 0.01069246
0.93431576 0.01021247
0.93815334 0.00973075
0.94188282 0.00924866
0.94550326 0.00876753
0.94901379 0.00828867
0.95241353 0.00781338
0.95570164 0.00734292
0.95887731 0.00687852
0.96193977 0.00642138
0.96488824 0.00597267
0.96772202 0.00553352
0.97044038 0.00510500
0.97304268 0.00468817
0.97552826 0.00428404
0.97789651 0.00389355
0.98014684 0.00351763
0.98227871 0.00315714
0.98429158 0.00281290
0.98618496 0.00248568
0.98795838 0.00217621
0.98961141 0.00188518
0.99114363 0.00161319
0.99255466 0.00136085
0.99384417 0.00112868
0.99501183 0.00091716
0.99605735 0.00072674
0.99698048 0.00055781
0.99778098 0.00041071
0.99845867 0.00028574
0.99901336 0.00018315
0.99944494 0.00010314
0.99975328 0.00004588
0.99993832 0.00001148
1.00000000 0.00000000
