sample_1200
1.00000000 0.00000000
0.99993832 0.00002759
0.99975328 0.00011033
0.99944494 0.00024806
0.99901336 0.00044058
0.99845867 0.00068755
0.99778098 0.00098859
0.99698048 0.00134319
0.99605735 0.00175080
0.99501183 0.00221075
0.99384417 0.00272231
0.99255466 0.00328468
0.99114363 0.00389698
0.98961141 0.00455827
0.98795838 0.00526754
0.98618496 0.00602372
0.98429158 0.00682569
0.98227871 0.00767228
0.98014684 0.00856228
0.97789651 0.00949443
0.97552826 0.01046744
0.97304268 0.01147999
0.97044038 0.01253075
0.96772202 0.01361834
0.96488824 0.01474140
0.96193977 0.01589853
0.95887731 0.01708835
0.95570164 0.01830948
0.95241353 0.01956051
0.94901379 0.02084009
0.94550326 0.02214685
0.94188282 0.02347945
0.93815334 0.02483656
0.93431576 0.02621688
0.93037101 0.02761916
0.92632008 0.02904213
0.92216396 0.03048460
0.91790368 0.03194539
0.91354029 0.03342335
0.90907486 0.03491739
0.90450850 0.03642643
0.89984233 0.03794945
0.89507751 0.03948546
0.89021520 0.04103350
0.88525662 0.04259264
0.88020298 0.04416202
0.87505553 0.04574077
0.86981555 0.04732808
0.86448431 0.04892315
0.85906315 0.05052523
0.85355339 0.05213358
0.84795640 0.05374748
0.84227355 0.05536622
0.83650626 0.05698914
0.83065593 0.05861554
0.82472402 0.06024477
0.81871199 0.06187617
0.81262133 0.06350906
0.80645353 0.06514279
0.80021011 0.06677667
0.79389263 0.06841003
0.78750263 0.07004215
0.78104169 0.07167232
0.77451141 0.07329980
0.76791340 0.07492380
0.76124928 0.07654354
0.75452071 0.07815819
0.74772933 0.07976687
0.74087684 0.08136869
0.73396491 0.08296270
0.72699525 0.08454793
0.71996958 0.08612335
0.71288965 0.08768790
0.70575718 0.08924047
0.69857395 0.09077992
0.69134172 0.09230506
0.68406228 0.09381464
0.67673742 0.09530740
0.66936896 0.09678203
0.66195871 0.09823718
0.65450850 0.09967146
0.64702016 0.10108348
0.63949555 0.10247178
0.63193652 0.10383490
0.62434494 0.10517137
0.61672268 0.10647969
0.60907162 0.10775833
0.60139365 0.10900580
0.59369066 0.11022057
0.58596455 0.11140114
0.57821723 0.11254601
0.57045062 0.11365368
0.56266662 0.11472270
0.55486716 0.11575164
0.54705416 0.11673910
0.53922955 0.11768371
0.53139526 0.11858416
0.52355323 0.11943918
0.51570538 0.12024758
0.50785366 0.12100819
0.50000000 0.12171995
0.49214634 0.12238186
0.48429462 0.12299297
0.47644677 0.12355244
0.46860474 0.12405950
0.46077045 0.12451349
0.45294584 0.12491382
0.44513284 0.12525999
0.43733338 0.12555161
0.42954938 0.12578838
0.42178277 0.12597011
0.41403545 0.12609669
0.40630934 0.12616813
0.39860635 0.12618451
0.39092838 0.12614604
0.38327732 0.12605301
0.37565506 0.12590579
0.36806348 0.12570488
0.36050445 0.12545083
0.35297984 0.12514429
0.34549150 0.12478599
0.33804129 0.12437674
0.33063104 0.12391741
0.32326258 0.12340895
0.31593772 0.12285235
0.30865828 0.12224868
0.30142605 0.12159904
0.29424282 0.12090457
0.28711035 0.12016646
0.28003042 0.11938592
0.27300475 0.11856418
0.26603509 0.11770248
0.25912316 0.11680209
0.25227067 0.11586424
0.24547929 0.11489021
0.23875072 0.11388121
0.23208660 0.11283848
0.22548859 0.11176321
0.21895831 0.11065656
0.21249737 0.10951967
0.20610737 0.10835361
0.19978989 0.10715945
0.19354647 0.10593816
0.18737867 0.10469069
0.18128801 0.10341792
0.17527598 0.10212067
0.16934407 0.10079971
0.16349374 0.09945574
0.15772645 0.09808938
0.15204360 0.09670120
0.14644661 0.09529169
0.14093685 0.09386131
0.13551569 0.09241041
0.13018445 0.09093930
0.12494447 0.08944823
0.11979702 0.08793739
0.11474338 0.08640691
0.10978480 0.08485686
0.10492249 0.08328729
0.10015767 0.08169818
0.09549150 0.08008949
0.09092514 0.07846112
0.08645971 0.07681296
0.08209632 0.07514489
0.07783604 0.07345675
0.07367992 0.07174837
0.06962899 0.07001959
0.06568424 0.06827023
0.06184666 0.06650014
0.05811718 0.06470916
0.05449674 0.06289716
0.05098621 0.06106403
0.04758647 0.05920969
0.04429836 0.05733411
0.04112269 0.05543727
0.03806023 0.05351922
0.03511176 0.05158005
0.03227798 0.04961990
0.02955962 0.04763896
0.02695732 0.04563750
0.02447174 0.04361583
0.02210349 0.04157435
0.01985316 0.03951349
0.01772129 0.03743378
0.01570842 0.03533580
0.01381504 0.03322020
0.01204162 0.03108769
0.01038859 0.02893907
0.00885637 0.02677517
0.00744534 0.02459692
0.00615583 0.02240526
0.00498817 0.02020124
0.00394265 0.01798593
0.00301952 0.01576045
0.00221902 0.01352597
0.00154133 0.01128370
0.00098664 0.00903489
0.00055506 0.00678081
0.00024672 0.00452276
0.00006168 0.00226205
0.00000000 0.00000000
0.00006168 -0.00032673
0.00024672 -0.00065261
0.00055506 -0.00097676
0.00098664 -0.00129832
0.00154133 -0.00161646
0.00221902 -0.00193031
0.00301952 -0.00223904
0.00394265 -0.00254182
0.00498817 -0.00283784
0.00615583 -0.00312628
0.00744534 -0.00340636
0.00885637 -0.00367730
0.01038859 -0.00393835
0.01204162 -0.00418875
0.01381504 -0.00442781
0.01570842 -0.00465482
0.01772129 -0.00486911
0.01985316 -0.00507004
0.02210349 -0.00525700
0.02447174 -0.00542940
0.02695732 -0.00558667
0.02955962 -0.00572831
0.03227798 -0.00585381
0.03511176 -0.00596274
0.03806023 -0.00605466
0.04112269 -0.00612922
0.04429836 -0.00618607
0.04758647 -0.00622492
0.05098621 -0.00624552
0.05449674 -0.00624767
0.05811718 -0.00623119
0.06184666 -0.00619599
0.06568424 -0.00614198
0.06962899 -0.00606915
0.07367992 -0.00597753
0.07783604 -0.00586720
0.08209632 -0.00573828
0.08645971 -0.00559095
0.09092514 -0.00542543
0.09549150 -0.00524200
0.10015767 -0.00504098
0.10492249 -0.00482273
0.10978480 -0.00458767
0.11474338 -0.00433628
0.11979702 -0.00406904
0.12494447 -0.00378652
0.13018445 -0.00348930
0.13551569 -0.00317802
0.14093685 -0.00285335
0.14644661 -0.00251599
0.15204360 -0.00216667
0.15772645 -0.00180617
0.16349374 -0.00143528
0.16934407 -0.00105482
0.17527598 -0.00066564
0.18128801 -0.00026860
0.18737867 0.00013543
0.19354647 0.00054555
0.19978989 0.00096088
0.20610737 0.00138050
0.21249737 0.00180353
0.21895831 0.00222904
0.22548859 0.00265616
0.23208660 0.00308400
0.23875072 0.00351169
0.24547929 0.00393837
0.25227067 0.00436321
0.25912316 0.00478541
0.26603509 0.00520418
0.27300475 0.00561877
0.28003042 0.00602847
0.28711035 0.00643260
0.29424282 0.00683052
0.30142605 0.00722163
0.30865828 0.00760538
0.31593772 0.00798126
0.32326258 0.00834882
0.33063104 0.00870764
0.33804129 0.00905738
0.34549150 0.00939771
0.35297984 0.00972840
0.36050445 0.01004923
0.36806348 0.01036007
0.37565506 0.01066081
0.38327732 0.01095141
0.39092838 0.01123189
0.39860635 0.01150230
0.40630934 0.01176274
0.41403545 0.01201336
0.42178277 0.01225437
0.42954938 0.01248599
0.43733338 0.01270851
0.44513284 0.01292224
0.45294584 0.01312751
0.46077045 0.01332471
0.46860474 0.01351422
0.47644677 0.01369647
0.48429462 0.01387189
0.49214634 0.01404094
0.50000000 0.01420407
0.50785366 0.01436174
0.51570538 0.01451442
0.52355323 0.01466256
0.53139526 0.01480663
0.53922955 0.01494704
0.54705416 0.01508423
0.55486716 0.01521859
0.56266662 0.01535049
0.57045062 0.01548028
0.57821723 0.01560827
0.58596455 0.01573473
0.59369066 0.01585989
0.60139365 0.01598396
0.60907162 0.01610706
0.61672268 0.01622931
0.62434494 0.01635076
0.63193652 0.01647139
0.63949555 0.01659115
0.64702016 0.01670993
0.65450850 0.01682758
0.66195871 0.01694386
0.66936896 0.01705852
0.67673742 0.01717123
0.68406228 0.01728160
0.69134172 0.01738921
0.69857395 0.01749359
0.70575718 0.01759422
0.71288965 0.01769052
0.71996958 0.01778190
0.72699525 0.01786771
0.73396491 0.01794727
0.74087684 0.01801989
0.74772933 0.01808483
0.75452071 0.01814134
0.76124928 0.01818867
0.76791340 0.01822604
0.77451141 0.01825268
0.78104169 0.01826782
0.78750263 0.01827068
0.79389263 0.01826053
0.80021011 0.01823662
0.80645353 0.01819825
0.81262133 0.01814474
0.81871199 0.01807546
0.82472402 0.01798980
0.83065593 0.01788722
0.83650626 0.01776722
0.84227355 0.01762936
0.84795640 0.01747327
0.85355339 0.01729865
0.85906315 0.01710525
0.86448431 0.01689293
0.86981555 0.01666160
0.87505553 0.01641127
0.88020298 0.01614202
0.88525662 0.01585404
0.89021520 0.01554760
0.89507751 0.01522305
0.89984233 0.01488084
0.90450850 0.01452151
0.90907486 0.01414570
0.91354029 0.01375412
0.91790368 0.01334760
0.92216396 0.01292703
0.92632008 0.01249339
0.93037101 0.01204775
0.93431576 0.01159126
0.93815334 0.01112514
0.94188282 0.01065067
0.94550326 0.01016921
0.94901379 0.00968217
0.95241353 0.00919101
0.95570164 0.00869726
0.95887731 0.00820247
0.96193977 0.00770822
0.96488824 0.00721615
0.96772202 0.00672787
0.97044038 0.00624505
0.97304268 0.00576934
0.97552826 0.00530239
0.97789651 0.00484584
0.98014684 0.00440131
0.98227871 0.00397041
0.98429158 0.00355468
0.98618496 0.00315565
0.98795838 0.00277480
0.98961141 0.00241353
0.99114363 0.00207319
0.99255466 0.00175507
0.99384417 0.00146037
0.99501183 0.00119020
0.99605735 0.00094560
0.99698048 0.00072750
0.99778098 0.00053675
0.99845867 0.00037407
0.99901336 0.00024011
0.99944494 0.00013537
0.99975328 0.00006026
0.99993832 0.00001508
1.00000000 0.00000000
