sample_415
1.00000000 0.00000000
0.99993832 0.00002120
0.99975328 0.00008481
0.99944494 0.00019080
0.99901336 0.00033915
0.99845867 0.00052983
0.99778098 0.00076279
0.99698048 0.00103798
0.99605735 0.00135533
0.99501183 0.00171476
0.99384417 0.00211616
0.99255466 0.00255943
0.99114363 0.00304442
0.98961141 0.00357098
0.98795838 0.00413893
0.98618496 0.00474808
0.98429158 0.00539819
0.98227871 0.00608901
0.98014684 0.00682025
0.97789651 0.00759160
0.97552826 0.00840270
0.97304268 0.00925318
0.97044038 0.01014260
0.96772202 0.01107051
0.96488824 0.01203641
0.96193977 0.01303976
0.95887731 0.01407997
0.95570164 0.01515644
0.95241353 0.01626849
0.94901379 0.01741541
0.94550326 0.01859646
0.94188282 0.01981085
0.93815334 0.02105774
0.93431576 0.02233626
0.93037101 0.02364549
0.92632008 0.02498450
0.92216396 0.02635228
0.91790368 0.02774781
0.91354029 0.02917005
0.90907486 0.03061788
0.90450850 0.03209021
0.89984233 0.03358589
0.89507751 0.03510374
0.89021520 0.03664258
0.88525662 0.03820119
0.88020298 0.03977836
0.87505553 0.04137284
0.86981555 0.04298337
0.86448431 0.04460871
0.85906315 0.04624758
0.85355339 0.04789873
0.84795640 0.04956088
0.84227355 0.05123276
0.83650626 0.05291311
0.83065593 0.05460069
0.82472402 0.05629423
0.81871199 0.05799250
0.81262133 0.05969428
0.80645353 0.06139833
0.80021011 0.06310346
0.79389263 0.06480849
0.78750263 0.06651221
0.78104169 0.06821349
0.77451141 0.06991115
0.76791340 0.07160407
0.76124928 0.07329111
0.75452071 0.07497117
0.74772933 0.07664314
0.74087684 0.07830591
0.73396491 0.07995841
0.72699525 0.08159954
0.71996958 0.08322823
0.71288965 0.08484341
0.70575718 0.08644399
0.69857395 0.08802889
0.69134172 0.08959703
0.68406228 0.09114731
0.67673742 0.09267865
0.66936896 0.09418993
0.66195871 0.09568004
0.65450850 0.09714783
0.64702016 0.09859216
0.63949555 0.10001186
0.63193652 0.10140576
0.62434494 0.10277265
0.61672268 0.10411131
0.60907162 0.10542050
0.60139365 0.10669898
0.59369066 0.10794546
0.58596455 0.10915866
0.57821723 0.11033727
0.57045062 0.11147997
0.56266662 0.11258542
0.55486716 0.11365229
0.54705416 0.11467923
0.53922955 0.11566487
0.53139526 0.11660788
0.52355323 0.11750689
0.51570538 0.11836058
0.50785366 0.11916760
0.50000000 0.11992664
0.49214634 0.12063641
0.48429462 0.12129565
0.47644677 0.12190313
0.46860474 0.12245764
0.46077045 0.12295804
0.45294584 0.12340322
0.44513284 0.12379214
0.43733338 0.12412381
0.42954938 0.12439730
0.42178277 0.12461176
0.41403545 0.12476642
0.40630934 0.12486059
0.39860635 0.12489365
0.39092838 0.12486509
0.38327732 0.12477448
0.37565506 0.12462151
0.36806348 0.12440595
0.36050445 0.12412768
0.35297984 0.12378670
0.34549150 0.12338311
0.33804129 0.12291712
0.33063104 0.12238905
0.32326258 0.12179935
0.31593772 0.12114857
0.30865828 0.12043736
0.30142605 0.11966650
0.29424282 0.11883689
0.28711035 0.11794950
0.28003042 0.11700543
0.27300475 0.11600587
0.26603509 0.11495213
0.25912316 0.11384559
0.25227067 0.11268771
0.24547929 0.11148005
0.23875072 0.11022425
0.23208660 0.10892202
0.22548859 0.10757511
0.21895831 0.10618535
0.21249737 0.10475463
0.20610737 0.10328486
0.19978989 0.10177800
0.19354647 0.10023604
0.18737867 0.09866100
0.18128801 0.09705488
0.17527598 0.09541973
0.16934407 0.09375758
0.16349374 0.09207045
0.15772645 0.09036035
0.15204360 0.08862927
0.14644661 0.08687918
0.14093685 0.08511200
0.13551569 0.08332961
0.13018445 0.08153386
0.12494447 0.07972653
0.11979702 0.07790937
0.11474338 0.07608404
0.10978480 0.07425215
0.10492249 0.07241524
0.10015767 0.07057477
0.09549150 0.06873214
0.09092514 0.06688866
0.08645971 0.06504557
0.08209632 0.06320402
0.07783604 0.06136509
0.07367992 0.05952976
0.06962899 0.05769895
0.06568424 0.05587347
0.06184666 0.05405408
0.05811718 0.05224144
0.05449674 0.05043612
0.05098621 0.04863865
0.04758647 0.04684944
0.04429836 0.04506885
0.04112269 0.04329717
0.03806023 0.04153462
0.03511176 0.03978133
0.03227798 0.03803740
0.02955962 0.03630285
0.02695732 0.03457765
0.02447174 0.03286171
0.02210349 0.03115489
0.01985316 0.02945701
0.01772129 0.02776783
0.01570842 0.02608708
0.01381504 0.02441444
0.01204162 0.02274957
0.01038859 0.02109209
0.00885637 0.01944159
0.00744534 0.01779763
0.00615583 0.01615973
0.00498817 0.01452743
0.00394265 0.01290021
0.00301952 0.01127754
0.00221902 0.00965890
0.00154133 0.00804373
0.00098664 0.00643147
0.00055506 0.00482155
0.00024672 0.00321339
0.00006168 0.00160640
0.00000000 0.00000000
0.00006168 -0.00036142
0.00024672 -0.00072243
0.00055506 -0.00108262
0.00098664 -0.00144158
0.00154133 -0.00179889
0.00221902 -0.00215412
0.00301952 -0.00250682
0.00394265 -0.00285655
0.00498817 -0.00320285
0.00615583 -0.00354524
0.00744534 -0.00388322
0.00885637 -0.00421628
0.01038859 -0.00454391
0.01204162 -0.00486555
0.01381504 -0.00518064
0.01570842 -0.00548862
0.01772129 -0.00578889
0.01985316 -0.00608084
0.02210349 -0.00636385
0.02447174 -0.00663730
0.02695732 -0.00690054
0.02955962 -0.00715292
0.03227798 -0.00739379
0.03511176 -0.00762250
0.03806023 -0.00783839
0.04112269 -0.00804080
0.04429836 -0.00822910
0.04758647 -0.00840265
0.05098621 -0.00856083
0.05449674 -0.00870305
0.05811718 -0.00882872
0.06184666 -0.00893728
0.06568424 -0.00902823
0.06962899 -0.00910106
0.07367992 -0.00915532
0.07783604 -0.00919060
0.08209632 -0.00920653
0.08645971 -0.00920278
0.09092514 -0.00917909
0.09549150 -0.00913523
0.10015767 -0.00907103
0.10492249 -0.00898639
0.10978480 -0.00888126
0.11474338 -0.00875564
0.11979702 -0.00860960
0.12494447 -0.00844328
0.13018445 -0.00825687
0.13551569 -0.00805062
0.14093685 -0.00782486
0.14644661 -0.00757996
0.15204360 -0.00731635
0.15772645 -0.00703453
0.16349374 -0.00673505
0.16934407 -0.00641850
0.17527598 -0.00608553
0.18128801 -0.00573685
0.18737867 -0.00537318
0.19354647 -0.00499531
0.19978989 -0.00460405
0.20610737 -0.00420024
0.21249737 -0.00378475
0.21895831 -0.00335846
0.22548859 -0.00292230
0.23208660 -0.00247718
0.23875072 -0.00202402
0.24547929 -0.00156376
0.25227067 -0.00109733
0.25912316 -0.00062564
0.26603509 -0.00014961
0.27300475 0.00032987
0.28003042 0.00081192
0.28711035 0.00129569
0.29424282 0.00178035
0.30142605 0.00226512
0.30865828 0.00274923
0.31593772 0.00323196
0.32326258 0.00371262
0.33063104 0.00419057
0.33804129 0.00466521
0.34549150 0.00513597
0.35297984 0.00560235
0.36050445 0.00606388
0.36806348 0.00652012
0.37565506 0.00697071
0.38327732 0.00741529
0.39092838 0.00785359
0.39860635 0.00828534
0.40630934 0.00871034
0.41403545 0.00912839
0.42178277 0.00953937
0.42954938 0.00994316
0.43733338 0.01033967
0.44513284 0.01072884
0.45294584 0.01111065
0.46077045 0.01148507
0.46860474 0.01185210
0.47644677 0.01221175
0.48429462 0.01256403
0.49214634 0.01290897
0.50000000 0.01324659
0.50785366 0.01357690
0.51570538 0.01389990
0.52355323 0.01421562
0.53139526 0.01452402
0.53922955 0.01482508
0.54705416 0.01511876
0.55486716 0.01540498
0.56266662 0.01568366
0.57045062 0.01595468
0.57821723 0.01621790
0.58596455 0.01647315
0.59369066 0.01672023
0.60139365 0.01695892
0.60907162 0.01718897
0.61672268 0.01741010
0.62434494 0.01762199
0.63193652 0.01782432
0.63949555 0.01801674
0.64702016 0.01819885
0.65450850 0.01837027
0.66195871 0.01853056
0.66936896 0.01867931
0.67673742 0.01881607
0.68406228 0.01894037
0.69134172 0.01905176
0.69857395 0.01914979
0.70575718 0.01923398
0.71288965 0.01930388
0.71996958 0.01935905
0.72699525 0.01939905
0.73396491 0.01942347
0.74087684 0.01943191
0.74772933 0.01942400
0.75452071 0.01939940
0.76124928 0.01935781
0.76791340 0.01929894
0.77451141 0.01922256
0.78104169 0.01912847
0.78750263 0.01901654
0.79389263 0.01888666
0.80021011 0.01873878
0.80645353 0.01857290
0.81262133 0.01838907
0.81871199 0.01818741
0.82472402 0.01796807
0.83065593 0.01773129
0.83650626 0.01747735
0.84227355 0.01720658
0.84795640 0.01691937
0.85355339 0.01661618
0.85906315 0.01629752
0.86448431 0.01596395
0.86981555 0.01561608
0.87505553 0.01525457
0.88020298 0.01488016
0.88525662 0.01449359
0.89021520 0.01409567
0.89507751 0.01368725
0.89984233 0.01326923
0.90450850 0.01284252
0.90907486 0.01240807
0.91354029 0.01196688
0.91790368 0.01151994
0.92216396 0.01106830
0.92632008 0.01061299
0.93037101 0.01015510
0.93431576 0.00969568
0.93815334 0.00923582
0.94188282 0.00877661
0.94550326 0.00831913
0.94901379 0.00786447
0.95241353 0.00741370
0.95570164 0.00696789
0.95887731 0.00652809
0.96193977 0.00609534
0.96488824 0.00567066
0.96772202 0.00525504
0.97044038 0.00484945
0.97304268 0.00445485
0.97552826 0.00407214
0.97789651 0.00370222
0.98014684 0.00334593
0.98227871 0.00300409
0.98429158 0.00267748
0.98618496 0.00236684
0.98795838 0.00207289
0.98961141 0.00179627
0.99114363 0.00153761
0.99255466 0.00129748
0.99384417 0.00107643
0.99501183 0.00087494
0.99605735 0.00069346
0.99698048 0.00053238
0.99778098 0.00039206
0.99845867 0.00027281
0.99901336 0.00017488
0.99944494 0.00009850
0.99975328 0.00004382
0.99993832 0.00001096
1.00000000 0.00000000
