sample_1267
1.00000000 0.00000000
0.99993832 0.00002821
0.99975328 0.00011281
0.99944494 0.00025371
0.99901336 0.00045078
0.99845867 0.00070383
0.99778098 0.00101262
0.99698048 0.00137684
0.99605735 0.00179615
0.99501183 0.00227015
0.99384417 0.00279837
0.99255466 0.00338031
0.99114363 0.00401542
0.98961141 0.00470310
0.98795838 0.00544269
0.98618496 0.00623349
0.98429158 0.00707477
0.98227871 0.00796572
0.98014684 0.00890552
0.97789651 0.00989330
0.97552826 0.01092813
0.97304268 0.01200907
0.97044038 0.01313511
0.96772202 0.01430522
0.96488824 0.01551834
0.96193977 0.01677336
0.95887731 0.01806914
0.95570164 0.01940451
0.95241353 0.02077827
0.94901379 0.02218918
0.94550326 0.02363597
0.94188282 0.02511736
0.93815334 0.02663201
0.93431576 0.02817859
0.93037101 0.02975571
0.92632008 0.03136198
0.92216396 0.03299596
0.91790368 0.03465622
0.91354029 0.03634127
0.90907486 0.03804964
0.90450850 0.03977980
0.89984233 0.04153023
0.89507751 0.04329937
0.89021520 0.04508565
0.88525662 0.04688751
0.88020298 0.04870332
0.87505553 0.05053150
0.86981555 0.05237040
0.86448431 0.05421841
0.85906315 0.05607387
0.85355339 0.05793513
0.84795640 0.05980054
0.84227355 0.06166845
0.83650626 0.06353719
0.83065593 0.06540510
0.82472402 0.06727052
0.81871199 0.06913181
0.81262133 0.07098732
0.80645353 0.07283540
0.80021011 0.07467445
0.79389263 0.07650284
0.78750263 0.07831900
0.78104169 0.08012135
0.77451141 0.08190834
0.76791340 0.08367845
0.76124928 0.08543019
0.75452071 0.08716209
0.74772933 0.08887272
0.74087684 0.09056069
0.73396491 0.09222464
0.72699525 0.09386325
0.71996958 0.09547526
0.71288965 0.09705944
0.70575718 0.09861461
0.69857395 0.10013963
0.69134172 0.10163343
0.68406228 0.10309497
0.67673742 0.10452328
0.66936896 0.10591743
0.66195871 0.10727656
0.65450850 0.10859986
0.64702016 0.10988655
0.63949555 0.11113595
0.63193652 0.11234739
0.62434494 0.11352028
0.61672268 0.11465408
0.60907162 0.11574828
0.60139365 0.11680246
0.59369066 0.11781620
0.58596455 0.11878916
0.57821723 0.11972102
0.57045062 0.12061153
0.56266662 0.12146045
0.55486716 0.12226759
0.54705416 0.12303278
0.53922955 0.12375590
0.53139526 0.12443682
0.52355323 0.12507547
0.51570538 0.12567177
0.50785366 0.12622568
0.50000000 0.12673714
0.49214634 0.12720614
0.48429462 0.12763263
0.47644677 0.12801660
0.46860474 0.12835802
0.46077045 0.12865685
0.45294584 0.12891305
0.44513284 0.12912659
0.43733338 0.12929740
0.42954938 0.12942541
0.42178277 0.12951053
0.41403545 0.12955267
0.40630934 0.12955171
0.39860635 0.12950751
0.39092838 0.12941993
0.38327732 0.12928880
0.37565506 0.12911393
0.36806348 0.12889514
0.36050445 0.12863221
0.35297984 0.12832493
0.34549150 0.12797307
0.33804129 0.12757639
0.33063104 0.12713466
0.32326258 0.12664765
0.31593772 0.12611514
0.30865828 0.12553689
0.30142605 0.12491271
0.29424282 0.12424241
0.28711035 0.12352582
0.28003042 0.12276280
0.27300475 0.12195325
0.26603509 0.12109709
0.25912316 0.12019430
0.25227067 0.11924490
0.24547929 0.11824895
0.23875072 0.11720659
0.23208660 0.11611800
0.22548859 0.11498343
0.21895831 0.11380321
0.21249737 0.11257772
0.20610737 0.11130743
0.19978989 0.10999289
0.19354647 0.10863472
0.18737867 0.10723363
0.18128801 0.10579042
0.17527598 0.10430595
0.16934407 0.10278119
0.16349374 0.10121718
0.15772645 0.09961505
0.15204360 0.09797600
0.14644661 0.09630133
0.14093685 0.09459239
0.13551569 0.09285061
0.13018445 0.09107751
0.12494447 0.08927465
0.11979702 0.08744365
0.11474338 0.08558620
0.10978480 0.08370401
0.10492249 0.08179885
0.10015767 0.07987253
0.09549150 0.07792685
0.09092514 0.07596367
0.08645971 0.07398482
0.08209632 0.07199217
0.07783604 0.06998754
0.07367992 0.06797276
0.06962899 0.06594963
0.06568424 0.06391992
0.06184666 0.06188535
0.05811718 0.05984760
0.05449674 0.05780826
0.05098621 0.05576890
0.04758647 0.05373097
0.04429836 0.05169588
0.04112269 0.04966492
0.03806023 0.04763930
0.03511176 0.04562013
0.03227798 0.04360840
0.02955962 0.04160501
0.02695732 0.03961074
0.02447174 0.03762625
0.02210349 0.03565209
0.01985316 0.03368868
0.01772129 0.03173632
0.01570842 0.02979521
0.01381504 0.02786540
0.01204162 0.02594686
0.01038859 0.02403941
0.00885637 0.02214277
0.00744534 0.02025658
0.00615583 0.01838034
0.00498817 0.01651348
0.00394265 0.01465532
0.00301952 0.01280513
0.00221902 0.01096206
0.00154133 0.00912524
0.00098664 0.00729371
0.00055506 0.00546647
0.00024672 0.00364249
0.00006168 0.00182070
0.00000000 0.00000000
0.00006168 -0.00114435
0.00024672 -0.00228684
0.00055506 -0.00342563
0.00098664 -0.00455888
0.00154133 -0.00568473
0.00221902 -0.00680137
0.00301952 -0.00790697
0.00394265 -0.00899972
0.00498817 -0.01007783
0.00615583 -0.01113951
0.00744534 -0.01218301
0.00885637 -0.01320659
0.01038859 -0.01420855
0.01204162 -0.01518720
0.01381504 -0.01614089
0.01570842 -0.01706801
0.01772129 -0.01796697
0.01985316 -0.01883624
0.02210349 -0.01967434
0.02447174 -0.02047981
0.02695732 -0.02125128
0.02955962 -0.02198740
0.03227798 -0.02268691
0.03511176 -0.02334861
0.03806023 -0.02397135
0.04112269 -0.02455408
0.04429836 -0.02509580
0.04758647 -0.02559561
0.05098621 -0.02605268
0.05449674 -0.02646629
0.05811718 -0.02683580
0.06184666 -0.02716064
0.06568424 -0.02744038
0.06962899 -0.02767465
0.07367992 -0.02786322
0.07783604 -0.02800593
0.08209632 -0.02810274
0.08645971 -0.02815371
0.09092514 -0.02815903
0.09549150 -0.02811896
0.10015767 -0.02803390
0.10492249 -0.02790433
0.10978480 -0.02773086
0.11474338 -0.02751417
0.11979702 -0.02725508
0.12494447 -0.02695448
0.13018445 -0.02661336
0.13551569 -0.02623280
0.14093685 -0.02581399
0.14644661 -0.02535817
0.15204360 -0.02486667
0.15772645 -0.02434090
0.16349374 -0.02378232
0.16934407 -0.02319246
0.17527598 -0.02257291
0.18128801 -0.02192529
0.18737867 -0.02125127
0.19354647 -0.02055256
0.19978989 -0.01983087
0.20610737 -0.01908797
0.21249737 -0.01832560
0.21895831 -0.01754552
0.22548859 -0.01674950
0.23208660 -0.01593928
0.23875072 -0.01511659
0.24547929 -0.01428313
0.25227067 -0.01344059
0.25912316 -0.01259061
0.26603509 -0.01173477
0.27300475 -0.01087464
0.28003042 -0.01001172
0.28711035 -0.00914743
0.29424282 -0.00828317
0.30142605 -0.00742026
0.30865828 -0.00655994
0.31593772 -0.00570340
0.32326258 -0.00485174
0.33063104 -0.00400601
0.33804129 -0.00316718
0.34549150 -0.00233612
0.35297984 -0.00151368
0.36050445 -0.00070059
0.36806348 0.00010246
0.37565506 0.00089487
0.38327732 0.00167609
0.39092838 0.00244562
0.39860635 0.00320306
0.40630934 0.00394803
0.41403545 0.00468021
0.42178277 0.00539933
0.42954938 0.00610516
0.43733338 0.00679752
0.44513284 0.00747624
0.45294584 0.00814119
0.46077045 0.00879226
0.46860474 0.00942938
0.47644677 0.01005245
0.48429462 0.01066142
0.49214634 0.01125621
0.50000000 0.01183676
0.50785366 0.01240300
0.51570538 0.01295485
0.52355323 0.01349222
0.53139526 0.01401499
0.53922955 0.01452304
0.54705416 0.01501622
0.55486716 0.01549436
0.56266662 0.01595727
0.57045062 0.01640471
0.57821723 0.01683644
0.58596455 0.01725219
0.59369066 0.01765166
0.60139365 0.01803452
0.60907162 0.01840042
0.61672268 0.01874899
0.62434494 0.01907985
0.63193652 0.01939258
0.63949555 0.01968677
0.64702016 0.01996199
0.65450850 0.02021779
0.66195871 0.02045375
0.66936896 0.02066941
0.67673742 0.02086436
0.68406228 0.02103815
0.69134172 0.02119040
0.69857395 0.02132071
0.70575718 0.02142872
0.71288965 0.02151410
0.71996958 0.02157655
0.72699525 0.02161580
0.73396491 0.02163163
0.74087684 0.02162389
0.74772933 0.02159243
0.75452071 0.02153719
0.76124928 0.02145817
0.76791340 0.02135541
0.77451141 0.02122901
0.78104169 0.02107916
0.78750263 0.02090609
0.79389263 0.02071011
0.80021011 0.02049158
0.80645353 0.02025096
0.81262133 0.01998875
0.81871199 0.01970552
0.82472402 0.01940192
0.83065593 0.01907863
0.83650626 0.01873644
0.84227355 0.01837615
0.84795640 0.01799865
0.85355339 0.01760487
0.85906315 0.01719578
0.86448431 0.01677241
0.86981555 0.01633583
0.87505553 0.01588713
0.88020298 0.01542744
0.88525662 0.01495794
0.89021520 0.01447978
0.89507751 0.01399418
0.89984233 0.01350234
0.90450850 0.01300547
0.90907486 0.01250479
0.91354029 0.01200152
0.91790368 0.01149686
0.92216396 0.01099201
0.92632008 0.01048814
0.93037101 0.00998640
0.93431576 0.00948793
0.93815334 0.00899384
0.94188282 0.00850518
0.94550326 0.00802300
0.94901379 0.00754829
0.95241353 0.00708201
0.95570164 0.00662508
0.95887731 0.00617838
0.96193977 0.00574273
0.96488824 0.00531892
0.96772202 0.00490769
0.97044038 0.00450973
0.97304268 0.00412568
0.97552826 0.00375616
0.97789651 0.00340171
0.98014684 0.00306286
0.98227871 0.00274007
0.98429158 0.00243378
0.98618496 0.00214438
0.98795838 0.00187223
0.98961141 0.00161765
0.99114363 0.00138092
0.99255466 0.00116231
0.99384417 0.00096202
0.99501183 0.00078027
0.99605735 0.00061723
0.99698048 0.00047305
0.99778098 0.00034785
0.99845867 0.00024174
0.99901336 0.00015480
0.99944494 0.00008712
0.99975328 0.00003873
0.99993832 0.00000969
1.00000000 0.00000000
