sample_119
1.00000000 0.00000000
0.99993832 0.00002353
0.99975328 0.00009409
0.99944494 0.00021165
0.99901336 0.00037614
0.99845867 0.00058749
0.99778098 0.00084559
0.99698048 0.00115028
0.99605735 0.00150142
0.99501183 0.00189881
0.99384417 0.00234221
0.99255466 0.00283139
0.99114363 0.00336605
0.98961141 0.00394588
0.98795838 0.00457052
0.98618496 0.00523959
0.98429158 0.00595264
0.98227871 0.00670923
0.98014684 0.00750883
0.97789651 0.00835090
0.97552826 0.00923485
0.97304268 0.01016005
0.97044038 0.01112580
0.96772202 0.01213139
0.96488824 0.01317604
0.96193977 0.01425894
0.95887731 0.01537922
0.95570164 0.01653598
0.95241353 0.01772826
0.94901379 0.01895507
0.94550326 0.02021537
0.94188282 0.02150807
0.93815334 0.02283207
0.93431576 0.02418619
0.93037101 0.02556925
0.92632008 0.02698002
0.92216396 0.02841724
0.91790368 0.02987964
0.91354029 0.03136590
0.90907486 0.03287471
0.90450850 0.03440470
0.89984233 0.03595454
0.89507751 0.03752284
0.89021520 0.03910825
0.88525662 0.04070938
0.88020298 0.04232486
0.87505553 0.04395333
0.86981555 0.04559342
0.86448431 0.04724381
0.85906315 0.04890316
0.85355339 0.05057018
0.84795640 0.05224357
0.84227355 0.05392209
0.83650626 0.05560451
0.83065593 0.05728964
0.82472402 0.05897633
0.81871199 0.06066346
0.81262133 0.06234993
0.80645353 0.06403472
0.80021011 0.06571681
0.79389263 0.06739523
0.78750263 0.06906907
0.78104169 0.07073743
0.77451141 0.07239948
0.76791340 0.07405439
0.76124928 0.07570139
0.75452071 0.07733974
0.74772933 0.07896873
0.74087684 0.08058767
0.73396491 0.08219590
0.72699525 0.08379278
0.71996958 0.08537769
0.71288965 0.08695002
0.70575718 0.08850918
0.69857395 0.09005456
0.69134172 0.09158558
0.68406228 0.09310163
0.67673742 0.09460211
0.66936896 0.09608640
0.66195871 0.09755387
0.65450850 0.09900384
0.64702016 0.10043565
0.63949555 0.10184856
0.63193652 0.10324184
0.62434494 0.10461469
0.61672268 0.10596629
0.60907162 0.10729576
0.60139365 0.10860219
0.59369066 0.10988461
0.58596455 0.11114201
0.57821723 0.11237333
0.57045062 0.11357743
0.56266662 0.11475317
0.55486716 0.11589932
0.54705416 0.11701461
0.53922955 0.11809773
0.53139526 0.11914732
0.52355323 0.12016197
0.51570538 0.12114026
0.50785366 0.12208069
0.50000000 0.12298176
0.49214634 0.12384193
0.48429462 0.12465966
0.47644677 0.12543336
0.46860474 0.12616147
0.46077045 0.12684239
0.45294584 0.12747456
0.44513284 0.12805640
0.43733338 0.12858637
0.42954938 0.12906296
0.42178277 0.12948467
0.41403545 0.12985007
0.40630934 0.13015776
0.39860635 0.13040641
0.39092838 0.13059475
0.38327732 0.13072159
0.37565506 0.13078580
0.36806348 0.13078637
0.36050445 0.13072236
0.35297984 0.13059293
0.34549150 0.13039737
0.33804129 0.13013506
0.33063104 0.12980551
0.32326258 0.12940835
0.31593772 0.12894333
0.30865828 0.12841034
0.30142605 0.12780940
0.29424282 0.12714067
0.28711035 0.12640443
0.28003042 0.12560112
0.27300475 0.12473131
0.26603509 0.12379570
0.25912316 0.12279514
0.25227067 0.12173061
0.24547929 0.12060322
0.23875072 0.11941421
0.23208660 0.11816495
0.22548859 0.11685694
0.21895831 0.11549177
0.21249737 0.11407116
0.20610737 0.11259695
0.19978989 0.11107104
0.19354647 0.10949547
0.18737867 0.10787231
0.18128801 0.10620376
0.17527598 0.10449204
0.16934407 0.10273948
0.16349374 0.10094841
0.15772645 0.09912125
0.15204360 0.09726041
0.14644661 0.09536837
0.14093685 0.09344758
0.13551569 0.09150053
0.13018445 0.08952970
0.12494447 0.08753754
0.11979702 0.08552650
0.11474338 0.08349901
0.10978480 0.08145743
0.10492249 0.07940410
0.10015767 0.07734129
0.09549150 0.07527123
0.09092514 0.07319607
0.08645971 0.07111789
0.08209632 0.06903867
0.07783604 0.06696033
0.07367992 0.06488468
0.06962899 0.06281344
0.06568424 0.06074824
0.06184666 0.05869058
0.05811718 0.05664186
0.05449674 0.05460338
0.05098621 0.05257631
0.04758647 0.05056171
0.04429836 0.04856054
0.04112269 0.04657360
0.03806023 0.04460160
0.03511176 0.04264514
0.03227798 0.04070467
0.02955962 0.03878056
0.02695732 0.03687303
0.02447174 0.03498221
0.02210349 0.03310811
0.01985316 0.03125062
0.01772129 0.02940955
0.01570842 0.02758458
0.01381504 0.02577532
0.01204162 0.02398125
0.01038859 0.02220181
0.00885637 0.02043630
0.00744534 0.01868398
0.00615583 0.01694402
0.00498817 0.01521552
0.00394265 0.01349752
0.00301952 0.01178900
0.00221902 0.01008890
0.00154133 0.00839609
0.00098664 0.00670941
0.00055506 0.00502769
0.00024672 0.00334971
0.00006168 0.00167423
0.00000000 0.00000000
0.00006168 -0.00048575
0.00024672 -0.00097020
0.00055506 -0.00145205
0.00098664 -0.00193002
0.00154133 -0.00240284
0.00221902 -0.00286928
0.00301952 -0.00332811
0.00394265 -0.00377816
0.00498817 -0.00421829
0.00615583 -0.00464739
0.00744534 -0.00506443
0.00885637 -0.00546839
0.01038859 -0.00585836
0.01204162 -0.00623343
0.01381504 -0.00659281
0.01570842 -0.00693574
0.01772129 -0.00726155
0.01985316 -0.00756962
0.02210349 -0.00785942
0.02447174 -0.00813049
0.02695732 -0.00838244
0.02955962 -0.00861496
0.03227798 -0.00882781
0.03511176 -0.00902082
0.03806023 -0.00919392
0.04112269 -0.00934708
0.04429836 -0.00948035
0.04758647 -0.00959385
0.05098621 -0.00968778
0.05449674 -0.00976237
0.05811718 -0.00981794
0.06184666 -0.00985484
0.06568424 -0.00987351
0.06962899 -0.00987439
0.07367992 -0.00985801
0.07783604 -0.00982490
0.08209632 -0.00977566
0.08645971 -0.00971089
0.09092514 -0.00963125
0.09549150 -0.00953740
0.10015767 -0.00943001
0.10492249 -0.00930978
0.10978480 -0.00917741
0.11474338 -0.00903359
0.11979702 -0.00887905
0.12494447 -0.00871446
0.13018445 -0.00854052
0.13551569 -0.00835789
0.14093685 -0.00816724
0.14644661 -0.00796919
0.15204360 -0.00776436
0.15772645 -0.00755332
0.16349374 -0.00733662
0.16934407 -0.00711479
0.17527598 -0.00688830
0.18128801 -0.00665760
0.18737867 -0.00642309
0.19354647 -0.00618515
0.19978989 -0.00594410
0.20610737 -0.00570023
0.21249737 -0.00545378
0.21895831 -0.00520495
0.22548859 -0.00495391
0.23208660 -0.00470077
0.23875072 -0.00444562
0.24547929 -0.00418850
0.25227067 -0.00392942
0.25912316 -0.00366834
0.26603509 -0.00340520
0.27300475 -0.00313991
0.28003042 -0.00287235
0.28711035 -0.00260237
0.29424282 -0.00232979
0.30142605 -0.00205442
0.30865828 -0.00177604
0.31593772 -0.00149443
0.32326258 -0.00120935
0.33063104 -0.00092055
0.33804129 -0.00062776
0.34549150 -0.00033075
0.35297984 -0.00002923
0.36050445 0.00027703
0.36806348 0.00058829
0.37565506 0.00090479
0.38327732 0.00122675
0.39092838 0.00155438
0.39860635 0.00188788
0.40630934 0.00222741
0.41403545 0.00257313
0.42178277 0.00292515
0.42954938 0.00328358
0.43733338 0.00364847
0.44513284 0.00401986
0.45294584 0.00439773
0.46077045 0.00478207
0.46860474 0.00517278
0.47644677 0.00556975
0.48429462 0.00597283
0.49214634 0.00638183
0.50000000 0.00679650
0.50785366 0.00721658
0.51570538 0.00764173
0.52355323 0.00807160
0.53139526 0.00850578
0.53922955 0.00894381
0.54705416 0.00938523
0.55486716 0.00982948
0.56266662 0.01027600
0.57045062 0.01072417
0.57821723 0.01117336
0.58596455 0.01162286
0.59369066 0.01207195
0.60139365 0.01251989
0.60907162 0.01296586
0.61672268 0.01340907
0.62434494 0.01384864
0.63193652 0.01428372
0.63949555 0.01471340
0.64702016 0.01513675
0.65450850 0.01555285
0.66195871 0.01596073
0.66936896 0.01635943
0.67673742 0.01674797
0.68406228 0.01712536
0.69134172 0.01749063
0.69857395 0.01784278
0.70575718 0.01818084
0.71288965 0.01850383
0.71996958 0.01881079
0.72699525 0.01910076
0.73396491 0.01937283
0.74087684 0.01962609
0.74772933 0.01985965
0.75452071 0.02007268
0.76124928 0.02026436
0.76791340 0.02043391
0.77451141 0.02058060
0.78104169 0.02070375
0.78750263 0.02080273
0.79389263 0.02087695
0.80021011 0.02092588
0.80645353 0.02094908
0.81262133 0.02094614
0.81871199 0.02091673
0.82472402 0.02086060
0.83065593 0.02077756
0.83650626 0.02066750
0.84227355 0.02053039
0.84795640 0.02036629
0.85355339 0.02017532
0.85906315 0.01995772
0.86448431 0.01971379
0.86981555 0.01944392
0.87505553 0.01914858
0.88020298 0.01882836
0.88525662 0.01848390
0.89021520 0.01811596
0.89507751 0.01772536
0.89984233 0.01731303
0.90450850 0.01687995
0.90907486 0.01642723
0.91354029 0.01595602
0.91790368 0.01546757
0.92216396 0.01496319
0.92632008 0.01444427
0.93037101 0.01391226
0.93431576 0.01336868
0.93815334 0.01281511
0.94188282 0.01225317
0.94550326 0.01168454
0.94901379 0.01111094
0.95241353 0.01053412
0.95570164 0.00995587
0.95887731 0.00937799
0.96193977 0.00880231
0.96488824 0.00823068
0.96772202 0.00766491
0.97044038 0.00710687
0.97304268 0.00655836
0.97552826 0.00602121
0.97789651 0.00549718
0.98014684 0.00498805
0.98227871 0.00449551
0.98429158 0.00402123
0.98618496 0.00356684
0.98795838 0.00313387
0.98961141 0.00272383
0.99114363 0.00233811
0.99255466 0.00197807
0.99384417 0.00164496
0.99501183 0.00133992
0.99605735 0.00106404
0.99698048 0.00081828
0.99778098 0.00060350
0.99845867 0.00042046
0.99901336 0.00026981
0.99944494 0.00015209
0.99975328 0.00006770
0.99993832 0.00001694
1.00000000 0.00000000
