sample_1054
1.00000000 0.00000000
0.99993832 0.00002478
0.99975328 0.00009907
0.99944494 0.00022282
0.99901336 0.00039589
0.99845867 0.00061811
0.99778098 0.00088927
0.99698048 0.00120909
0.99605735 0.00157726
0.99501183 0.00199340
0.99384417 0.00245711
0.99255466 0.00296793
0.99114363 0.00352535
0.98961141 0.00412882
0.98795838 0.00477773
0.98618496 0.00547146
0.98429158 0.00620931
0.98227871 0.00699055
0.98014684 0.00781443
0.97789651 0.00868013
0.97552826 0.00958680
0.97304268 0.01053355
0.97044038 0.01151948
0.96772202 0.01254362
0.96488824 0.01360499
0.96193977 0.01470256
0.95887731 0.01583528
0.95570164 0.01700209
0.95241353 0.01820188
0.94901379 0.01943352
0.94550326 0.02069587
0.94188282 0.02198777
0.93815334 0.02330803
0.93431576 0.02465545
0.93037101 0.02602884
0.92632008 0.02742696
0.92216396 0.02884860
0.91790368 0.03029252
0.91354029 0.03175750
0.90907486 0.03324231
0.90450850 0.03474570
0.89984233 0.03626647
0.89507751 0.03780338
0.89021520 0.03935525
0.88525662 0.04092085
0.88020298 0.04249903
0.87505553 0.04408860
0.86981555 0.04568842
0.86448431 0.04729736
0.85906315 0.04891431
0.85355339 0.05053817
0.84795640 0.05216789
0.84227355 0.05380242
0.83650626 0.05544075
0.83065593 0.05708188
0.82472402 0.05872486
0.81871199 0.06036873
0.81262133 0.06201259
0.80645353 0.06365556
0.80021011 0.06529676
0.79389263 0.06693537
0.78750263 0.06857056
0.78104169 0.07020155
0.77451141 0.07182757
0.76791340 0.07344787
0.76124928 0.07506172
0.75452071 0.07666839
0.74772933 0.07826720
0.74087684 0.07985744
0.73396491 0.08143845
0.72699525 0.08300954
0.71996958 0.08457005
0.71288965 0.08611932
0.70575718 0.08765667
0.69857395 0.08918144
0.69134172 0.09069296
0.68406228 0.09219054
0.67673742 0.09367348
0.66936896 0.09514107
0.66195871 0.09659260
0.65450850 0.09802731
0.64702016 0.09944445
0.63949555 0.10084322
0.63193652 0.10222281
0.62434494 0.10358238
0.61672268 0.10492107
0.60907162 0.10623798
0.60139365 0.10753219
0.59369066 0.10880272
0.58596455 0.11004860
0.57821723 0.11126880
0.57045062 0.11246227
0.56266662 0.11362792
0.55486716 0.11476463
0.54705416 0.11587127
0.53922955 0.11694667
0.53139526 0.11798961
0.52355323 0.11899888
0.51570538 0.11997324
0.50785366 0.12091142
0.50000000 0.12181214
0.49214634 0.12267411
0.48429462 0.12349603
0.47644677 0.12427660
0.46860474 0.12501450
0.46077045 0.12570843
0.45294584 0.12635710
0.44513284 0.12695923
0.43733338 0.12751354
0.42954938 0.12801880
0.42178277 0.12847378
0.41403545 0.12887731
0.40630934 0.12922823
0.39860635 0.12952545
0.39092838 0.12976790
0.38327732 0.12995458
0.37565506 0.13008455
0.36806348 0.13015693
0.36050445 0.13017090
0.35297984 0.13012572
0.34549150 0.13002072
0.33804129 0.12985531
0.33063104 0.12962900
0.32326258 0.12934138
0.31593772 0.12899211
0.30865828 0.12858098
0.30142605 0.12810785
0.29424282 0.12757268
0.28711035 0.12697555
0.28003042 0.12631663
0.27300475 0.12559619
0.26603509 0.12481460
0.25912316 0.12397235
0.25227067 0.12307001
0.24547929 0.12210828
0.23875072 0.12108793
0.23208660 0.12000987
0.22548859 0.11887506
0.21895831 0.11768459
0.21249737 0.11643963
0.20610737 0.11514144
0.19978989 0.11379137
0.19354647 0.11239083
0.18737867 0.11094133
0.18128801 0.10944445
0.17527598 0.10790182
0.16934407 0.10631515
0.16349374 0.10468619
0.15772645 0.10301675
0.15204360 0.10130868
0.14644661 0.09956388
0.14093685 0.09778425
0.13551569 0.09597174
0.13018445 0.09412832
0.12494447 0.09225596
0.11979702 0.09035664
0.11474338 0.08843233
0.10978480 0.08648500
0.10492249 0.08451660
0.10015767 0.08252907
0.09549150 0.08052430
0.09092514 0.07850417
0.08645971 0.07647051
0.08209632 0.07442510
0.07783604 0.07236967
0.07367992 0.07030590
0.06962899 0.06823540
0.06568424 0.06615972
0.06184666 0.06408034
0.05811718 0.06199866
0.05449674 0.05991601
0.05098621 0.05783362
0.04758647 0.05575267
0.04429836 0.05367422
0.04112269 0.05159925
0.03806023 0.04952867
0.03511176 0.04746326
0.03227798 0.04540375
0.02955962 0.04335075
0.02695732 0.04130478
0.02447174 0.03926628
0.02210349 0.03723557
0.01985316 0.03521293
0.01772129 0.03319850
0.01570842 0.03119236
0.01381504 0.02919450
0.01204162 0.02720484
0.01038859 0.02522320
0.00885637 0.02324934
0.00744534 0.02128296
0.00615583 0.01932367
0.00498817 0.01737104
0.00394265 0.01542456
0.00301952 0.01348369
0.00221902 0.01154782
0.00154133 0.00961634
0.00098664 0.00768855
0.00055506 0.00576376
0.00024672 0.00384124
0.00006168 0.00192024
0.00000000 0.00000000
0.00006168 -0.00051759
0.00024672 -0.00103350
0.00055506 -0.00154608
0.00098664 -0.00205367
0.00154133 -0.00255464
0.00221902 -0.00304741
0.00301952 -0.00353041
0.00394265 -0.00400214
0.00498817 -0.00446114
0.00615583 -0.00490601
0.00744534 -0.00533542
0.00885637 -0.00574812
0.01038859 -0.00614292
0.01204162 -0.00651871
0.01381504 -0.00687450
0.01570842 -0.00720934
0.01772129 -0.00752241
0.01985316 -0.00781298
0.02210349 -0.00808040
0.02447174 -0.00832414
0.02695732 -0.00854377
0.02955962 -0.00873894
0.03227798 -0.00890943
0.03511176 -0.00905510
0.03806023 -0.00917591
0.04112269 -0.00927192
0.04429836 -0.00934328
0.04758647 -0.00939025
0.05098621 -0.00941315
0.05449674 -0.00941240
0.05811718 -0.00938850
0.06184666 -0.00934201
0.06568424 -0.00927357
0.06962899 -0.00918389
0.07367992 -0.00907373
0.07783604 -0.00894390
0.08209632 -0.00879526
0.08645971 -0.00862870
0.09092514 -0.00844516
0.09549150 -0.00824560
0.10015767 -0.00803099
0.10492249 -0.00780233
0.10978480 -0.00756063
0.11474338 -0.00730687
0.11979702 -0.00704206
0.12494447 -0.00676719
0.13018445 -0.00648322
0.13551569 -0.00619111
0.14093685 -0.00589178
0.14644661 -0.00558612
0.15204360 -0.00527499
0.15772645 -0.00495921
0.16349374 -0.00463955
0.16934407 -0.00431673
0.17527598 -0.00399144
0.18128801 -0.00366431
0.18737867 -0.00333590
0.19354647 -0.00300675
0.19978989 -0.00267732
0.20610737 -0.00234801
0.21249737 -0.00201918
0.21895831 -0.00169113
0.22548859 -0.00136410
0.23208660 -0.00103829
0.23875072 -0.00071382
0.24547929 -0.00039080
0.25227067 -0.00006925
0.25912316 0.00025082
0.26603509 0.00056946
0.27300475 0.00088676
0.28003042 0.00120284
0.28711035 0.00151785
0.29424282 0.00183197
0.30142605 0.00214542
0.30865828 0.00245842
0.31593772 0.00277120
0.32326258 0.00308403
0.33063104 0.00339718
0.33804129 0.00371090
0.34549150 0.00402546
0.35297984 0.00434114
0.36050445 0.00465817
0.36806348 0.00497682
0.37565506 0.00529730
0.38327732 0.00561983
0.39092838 0.00594460
0.39860635 0.00627175
0.40630934 0.00660144
0.41403545 0.00693376
0.42178277 0.00726878
0.42954938 0.00760655
0.43733338 0.00794705
0.44513284 0.00829025
0.45294584 0.00863607
0.46077045 0.00898440
0.46860474 0.00933507
0.47644677 0.00968787
0.48429462 0.01004258
0.49214634 0.01039890
0.50000000 0.01075652
0.50785366 0.01111506
0.51570538 0.01147412
0.52355323 0.01183326
0.53139526 0.01219201
0.53922955 0.01254985
0.54705416 0.01290623
0.55486716 0.01326059
0.56266662 0.01361231
0.57045062 0.01396077
0.57821723 0.01430530
0.58596455 0.01464525
0.59369066 0.01497990
0.60139365 0.01530856
0.60907162 0.01563050
0.61672268 0.01594499
0.62434494 0.01625130
0.63193652 0.01654867
0.63949555 0.01683637
0.64702016 0.01711366
0.65450850 0.01737981
0.66195871 0.01763408
0.66936896 0.01787578
0.67673742 0.01810418
0.68406228 0.01831863
0.69134172 0.01851844
0.69857395 0.01870299
0.70575718 0.01887165
0.71288965 0.01902385
0.71996958 0.01915903
0.72699525 0.01927666
0.73396491 0.01937626
0.74087684 0.01945737
0.74772933 0.01951960
0.75452071 0.01956256
0.76124928 0.01958593
0.76791340 0.01958943
0.77451141 0.01957282
0.78104169 0.01953591
0.78750263 0.01947857
0.79389263 0.01940070
0.80021011 0.01930226
0.80645353 0.01918326
0.81262133 0.01904378
0.81871199 0.01888392
0.82472402 0.01870386
0.83065593 0.01850382
0.83650626 0.01828409
0.84227355 0.01804498
0.84795640 0.01778688
0.85355339 0.01751024
0.85906315 0.01721555
0.86448431 0.01690334
0.86981555 0.01657421
0.87505553 0.01622880
0.88020298 0.01586781
0.88525662 0.01549197
0.89021520 0.01510208
0.89507751 0.01469897
0.89984233 0.01428351
0.90450850 0.01385661
0.90907486 0.01341924
0.91354029 0.01297238
0.91790368 0.01251706
0.92216396 0.01205435
0.92632008 0.01158533
0.93037101 0.01111112
0.93431576 0.01063285
0.93815334 0.01015169
0.94188282 0.00966883
0.94550326 0.00918544
0.94901379 0.00870274
0.95241353 0.00822195
0.95570164 0.00774427
0.95887731 0.00727093
0.96193977 0.00680315
0.96488824 0.00634214
0.96772202 0.00588910
0.97044038 0.00544521
0.97304268 0.00501165
0.97552826 0.00458957
0.97789651 0.00418008
0.98014684 0.00378430
0.98227871 0.00340328
0.98429158 0.00303806
0.98618496 0.00268963
0.98795838 0.00235893
0.98961141 0.00204688
0.99114363 0.00175433
0.99255466 0.00148209
0.99384417 0.00123091
0.99501183 0.00100149
0.99605735 0.00079446
0.99698048 0.00061040
0.99778098 0.00044982
0.99845867 0.00031318
0.99901336 0.00020086
0.99944494 0.00011317
0.99975328 0.00005036
0.99993832 0.00001260
1.00000000 0.00000000
