sample_234
1.00000000 0.00000000
0.99993832 0.00002105
0.99975328 0.00008420
0.99944494 0.00018942
0.99901336 0.00033671
0.99845867 0.00052603
0.99778098 0.00075734
0.99698048 0.00103059
0.99605735 0.00134573
0.99501183 0.00170267
0.99384417 0.00210133
0.99255466 0.00254161
0.99114363 0.00302339
0.98961141 0.00354653
0.98795838 0.00411088
0.98618496 0.00471626
0.98429158 0.00536247
0.98227871 0.00604928
0.98014684 0.00677644
0.97789651 0.00754367
0.97552826 0.00835065
0.97304268 0.00919705
0.97044038 0.01008248
0.96772202 0.01100653
0.96488824 0.01196875
0.96193977 0.01296865
0.95887731 0.01400569
0.95570164 0.01507932
0.95241353 0.01618891
0.94901379 0.01733380
0.94550326 0.01851330
0.94188282 0.01972666
0.93815334 0.02097309
0.93431576 0.02225175
0.93037101 0.02356176
0.92632008 0.02490221
0.92216396 0.02627211
0.91790368 0.02767046
0.91354029 0.02909619
0.90907486 0.03054822
0.90450850 0.03202541
0.89984233 0.03352658
0.89507751 0.03505052
0.89021520 0.03659599
0.88525662 0.03816170
0.88020298 0.03974634
0.87505553 0.04134859
0.86981555 0.04296708
0.86448431 0.04460042
0.85906315 0.04624721
0.85355339 0.04790603
0.84795640 0.04957545
0.84227355 0.05125403
0.83650626 0.05294032
0.83065593 0.05463286
0.82472402 0.05633019
0.81871199 0.05803088
0.81262133 0.05973347
0.80645353 0.06143652
0.80021011 0.06313861
0.79389263 0.06483832
0.78750263 0.06653428
0.78104169 0.06822509
0.77451141 0.06990942
0.76791340 0.07158594
0.76124928 0.07325335
0.75452071 0.07491039
0.74772933 0.07655582
0.74087684 0.07818844
0.73396491 0.07980707
0.72699525 0.08141060
0.71996958 0.08299792
0.71288965 0.08456798
0.70575718 0.08611976
0.69857395 0.08765227
0.69134172 0.08916459
0.68406228 0.09065580
0.67673742 0.09212505
0.66936896 0.09357151
0.66195871 0.09499439
0.65450850 0.09639294
0.64702016 0.09776644
0.63949555 0.09911421
0.63193652 0.10043561
0.62434494 0.10173001
0.61672268 0.10299683
0.60907162 0.10423551
0.60139365 0.10544551
0.59369066 0.10662632
0.58596455 0.10777746
0.57821723 0.10889845
0.57045062 0.10998884
0.56266662 0.11104821
0.55486716 0.11207612
0.54705416 0.11307217
0.53922955 0.11403596
0.53139526 0.11496710
0.52355323 0.11586519
0.51570538 0.11672986
0.50785366 0.11756073
0.50000000 0.11835741
0.49214634 0.11911953
0.48429462 0.11984671
0.47644677 0.12053855
0.46860474 0.12119466
0.46077045 0.12181467
0.45294584 0.12239815
0.44513284 0.12294472
0.43733338 0.12345395
0.42954938 0.12392543
0.42178277 0.12435873
0.41403545 0.12475343
0.40630934 0.12510908
0.39860635 0.12542525
0.39092838 0.12570150
0.38327732 0.12593738
0.37565506 0.12613243
0.36806348 0.12628621
0.36050445 0.12639828
0.35297984 0.12646818
0.34549150 0.12649548
0.33804129 0.12647974
0.33063104 0.12642054
0.32326258 0.12631746
0.31593772 0.12617009
0.30865828 0.12597805
0.30142605 0.12574097
0.29424282 0.12545848
0.28711035 0.12513026
0.28003042 0.12475599
0.27300475 0.12433539
0.26603509 0.12386819
0.25912316 0.12335417
0.25227067 0.12279313
0.24547929 0.12218490
0.23875072 0.12152934
0.23208660 0.12082637
0.22548859 0.12007592
0.21895831 0.11927796
0.21249737 0.11843253
0.20610737 0.11753969
0.19978989 0.11659952
0.19354647 0.11561219
0.18737867 0.11457788
0.18128801 0.11349682
0.17527598 0.11236930
0.16934407 0.11119563
0.16349374 0.10997617
0.15772645 0.10871134
0.15204360 0.10740159
0.14644661 0.10604740
0.14093685 0.10464933
0.13551569 0.10320793
0.13018445 0.10172384
0.12494447 0.10019770
0.11979702 0.09863019
0.11474338 0.09702206
0.10978480 0.09537405
0.10492249 0.09368695
0.10015767 0.09196159
0.09549150 0.09019881
0.09092514 0.08839949
0.08645971 0.08656452
0.08209632 0.08469482
0.07783604 0.08279133
0.07367992 0.08085499
0.06962899 0.07888679
0.06568424 0.07688770
0.06184666 0.07485872
0.05811718 0.07280084
0.05449674 0.07071507
0.05098621 0.06860242
0.04758647 0.06646391
0.04429836 0.06430054
0.04112269 0.06211334
0.03806023 0.05990331
0.03511176 0.05767145
0.03227798 0.05541876
0.02955962 0.05314623
0.02695732 0.05085485
0.02447174 0.04854559
0.02210349 0.04621941
0.01985316 0.04387726
0.01772129 0.04152008
0.01570842 0.03914880
0.01381504 0.03676433
0.01204162 0.03436758
0.01038859 0.03195943
0.00885637 0.02954076
0.00744534 0.02711243
0.00615583 0.02467530
0.00498817 0.02223020
0.00394265 0.01977798
0.00301952 0.01731943
0.00221902 0.01485538
0.00154133 0.01238664
0.00098664 0.00991398
0.00055506 0.00743821
0.00024672 0.00496010
0.00006168 0.00248044
0.00000000 0.00000000
0.00006168 -0.00124887
0.00024672 -0.00249446
0.00055506 -0.00373349
0.00098664 -0.00496271
0.00154133 -0.00617891
0.00221902 -0.00737891
0.00301952 -0.00855960
0.00394265 -0.00971791
0.00498817 -0.01085088
0.00615583 -0.01195562
0.00744534 -0.01302931
0.00885637 -0.01406927
0.01038859 -0.01507292
0.01204162 -0.01603780
0.01381504 -0.01696156
0.01570842 -0.01784202
0.01772129 -0.01867711
0.01985316 -0.01946492
0.02210349 -0.02020370
0.02447174 -0.02089185
0.02695732 -0.02152792
0.02955962 -0.02211065
0.03227798 -0.02263893
0.03511176 -0.02311181
0.03806023 -0.02352853
0.04112269 -0.02388850
0.04429836 -0.02419129
0.04758647 -0.02443666
0.05098621 -0.02462450
0.05449674 -0.02475492
0.05811718 -0.02482815
0.06184666 -0.02484461
0.06568424 -0.02480486
0.06962899 -0.02470964
0.07367992 -0.02455980
0.07783604 -0.02435638
0.08209632 -0.02410051
0.08645971 -0.02379350
0.09092514 -0.02343675
0.09549150 -0.02303180
0.10015767 -0.02258029
0.10492249 -0.02208396
0.10978480 -0.02154467
0.11474338 -0.02096434
0.11979702 -0.02034499
0.12494447 -0.01968871
0.13018445 -0.01899764
0.13551569 -0.01827400
0.14093685 -0.01752004
0.14644661 -0.01673805
0.15204360 -0.01593035
0.15772645 -0.01509928
0.16349374 -0.01424722
0.16934407 -0.01337652
0.17527598 -0.01248954
0.18128801 -0.01158864
0.18737867 -0.01067616
0.19354647 -0.00975440
0.19978989 -0.00882564
0.20610737 -0.00789214
0.21249737 -0.00695607
0.21895831 -0.00601960
0.22548859 -0.00508481
0.23208660 -0.00415373
0.23875072 -0.00322831
0.24547929 -0.00231046
0.25227067 -0.00140198
0.25912316 -0.00050460
0.26603509 0.00038002
0.27300475 0.00125032
0.28003042 0.00210482
0.28711035 0.00294214
0.29424282 0.00376099
0.30142605 0.00456017
0.30865828 0.00533859
0.31593772 0.00609524
0.32326258 0.00682922
0.33063104 0.00753972
0.33804129 0.00822603
0.34549150 0.00888754
0.35297984 0.00952372
0.36050445 0.01013415
0.36806348 0.01071850
0.37565506 0.01127652
0.38327732 0.01180807
0.39092838 0.01231306
0.39860635 0.01279152
0.40630934 0.01324354
0.41403545 0.01366929
0.42178277 0.01406901
0.42954938 0.01444301
0.43733338 0.01479167
0.44513284 0.01511544
0.45294584 0.01541479
0.46077045 0.01569029
0.46860474 0.01594254
0.47644677 0.01617216
0.48429462 0.01637985
0.49214634 0.01656632
0.50000000 0.01673232
0.50785366 0.01687861
0.51570538 0.01700599
0.52355323 0.01711527
0.53139526 0.01720727
0.53922955 0.01728282
0.54705416 0.01734274
0.55486716 0.01738787
0.56266662 0.01741902
0.57045062 0.01743702
0.57821723 0.01744265
0.58596455 0.01743670
0.59369066 0.01741993
0.60139365 0.01739308
0.60907162 0.01735685
0.61672268 0.01731191
0.62434494 0.01725891
0.63193652 0.01719846
0.63949555 0.01713113
0.64702016 0.01705744
0.65450850 0.01697787
0.66195871 0.01689288
0.66936896 0.01680286
0.67673742 0.01670817
0.68406228 0.01660911
0.69134172 0.01650595
0.69857395 0.01639891
0.70575718 0.01628816
0.71288965 0.01617382
0.71996958 0.01605600
0.72699525 0.01593472
0.73396491 0.01581001
0.74087684 0.01568182
0.74772933 0.01555009
0.75452071 0.01541471
0.76124928 0.01527556
0.76791340 0.01513247
0.77451141 0.01498527
0.78104169 0.01483374
0.78750263 0.01467767
0.79389263 0.01451682
0.80021011 0.01435094
0.80645353 0.01417978
0.81262133 0.01400309
0.81871199 0.01382060
0.82472402 0.01363207
0.83065593 0.01343727
0.83650626 0.01323595
0.84227355 0.01302792
0.84795640 0.01281298
0.85355339 0.01259096
0.85906315 0.01236174
0.86448431 0.01212520
0.86981555 0.01188127
0.87505553 0.01162992
0.88020298 0.01137114
0.88525662 0.01110499
0.89021520 0.01083156
0.89507751 0.01055098
0.89984233 0.01026344
0.90450850 0.00996916
0.90907486 0.00966845
0.91354029 0.00936161
0.91790368 0.00904905
0.92216396 0.00873120
0.92632008 0.00840852
0.93037101 0.00808157
0.93431576 0.00775091
0.93815334 0.00741718
0.94188282 0.00708104
0.94550326 0.00674320
0.94901379 0.00640440
0.95241353 0.00606544
0.95570164 0.00572713
0.95887731 0.00539032
0.96193977 0.00505588
0.96488824 0.00472469
0.96772202 0.00439768
0.97044038 0.00407575
0.97304268 0.00375985
0.97552826 0.00345090
0.97789651 0.00314984
0.98014684 0.00285759
0.98227871 0.00257508
0.98429158 0.00230318
0.98618496 0.00204279
0.98795838 0.00179476
0.98961141 0.00155990
0.99114363 0.00133902
0.99255466 0.00113285
0.99384417 0.00094210
0.99501183 0.00076743
0.99605735 0.00060944
0.99698048 0.00046870
0.99778098 0.00034569
0.99845867 0.00024085
0.99901336 0.00015456
0.99944494 0.00008713
0.99975328 0.00003878
0.99993832 0.00000971
1.00000000 0.00000000
