sample_192
1.00000000 0.00000000
0.99993832 0.00002199
0.99975328 0.00008795
0.99944494 0.00019782
0.99901336 0.00035150
0.99845867 0.00054887
0.99778098 0.00078977
0.99698048 0.00107400
0.99605735 0.00140132
0.99501183 0.00177146
0.99384417 0.00218413
0.99255466 0.00263897
0.99114363 0.00313561
0.98961141 0.00367367
0.98795838 0.00425269
0.98618496 0.00487222
0.98429158 0.00553175
0.98227871 0.00623077
0.98014684 0.00696871
0.97789651 0.00774499
0.97552826 0.00855901
0.97304268 0.00941014
0.97044038 0.01029770
0.96772202 0.01122102
0.96488824 0.01217940
0.96193977 0.01317210
0.95887731 0.01419837
0.95570164 0.01525746
0.95241353 0.01634856
0.94901379 0.01747087
0.94550326 0.01862358
0.94188282 0.01980583
0.93815334 0.02101677
0.93431576 0.02225554
0.93037101 0.02352125
0.92632008 0.02481299
0.92216396 0.02612987
0.91790368 0.02747096
0.91354029 0.02883532
0.90907486 0.03022202
0.90450850 0.03163010
0.89984233 0.03305860
0.89507751 0.03450656
0.89021520 0.03597300
0.88525662 0.03745693
0.88020298 0.03895737
0.87505553 0.04047332
0.86981555 0.04200380
0.86448431 0.04354778
0.85906315 0.04510427
0.85355339 0.04667227
0.84795640 0.04825074
0.84227355 0.04983870
0.83650626 0.05143511
0.83065593 0.05303897
0.82472402 0.05464926
0.81871199 0.05626496
0.81262133 0.05788507
0.80645353 0.05950856
0.80021011 0.06113444
0.79389263 0.06276169
0.78750263 0.06438931
0.78104169 0.06601629
0.77451141 0.06764164
0.76791340 0.06926436
0.76124928 0.07088347
0.75452071 0.07249797
0.74772933 0.07410689
0.74087684 0.07570925
0.73396491 0.07730407
0.72699525 0.07889039
0.71996958 0.08046724
0.71288965 0.08203367
0.70575718 0.08358871
0.69857395 0.08513143
0.69134172 0.08666086
0.68406228 0.08817607
0.67673742 0.08967612
0.66936896 0.09116005
0.66195871 0.09262694
0.65450850 0.09407585
0.64702016 0.09550583
0.63949555 0.09691594
0.63193652 0.09830525
0.62434494 0.09967282
0.61672268 0.10101769
0.60907162 0.10233892
0.60139365 0.10363554
0.59369066 0.10490660
0.58596455 0.10615113
0.57821723 0.10736814
0.57045062 0.10855667
0.56266662 0.10971571
0.55486716 0.11084426
0.54705416 0.11194131
0.53922955 0.11300583
0.53139526 0.11403680
0.52355323 0.11503317
0.51570538 0.11599389
0.50785366 0.11691789
0.50000000 0.11780410
0.49214634 0.11865145
0.48429462 0.11945883
0.47644677 0.12022516
0.46860474 0.12094934
0.46077045 0.12163026
0.45294584 0.12226681
0.44513284 0.12285790
0.43733338 0.12340241
0.42954938 0.12389926
0.42178277 0.12434735
0.41403545 0.12474561
0.40630934 0.12509299
0.39860635 0.12538843
0.39092838 0.12563092
0.38327732 0.12581948
0.37565506 0.12595313
0.36806348 0.12603096
0.36050445 0.12605209
0.35297984 0.12601567
0.34549150 0.12592092
0.33804129 0.12576711
0.33063104 0.12555356
0.32326258 0.12527967
0.31593772 0.12494489
0.30865828 0.12454878
0.30142605 0.12409095
0.29424282 0.12357109
0.28711035 0.12298901
0.28003042 0.12234459
0.27300475 0.12163780
0.26603509 0.12086875
0.25912316 0.12003762
0.25227067 0.11914470
0.24547929 0.11819040
0.23875072 0.11717526
0.23208660 0.11609989
0.22548859 0.11496507
0.21895831 0.11377166
0.21249737 0.11252066
0.20610737 0.11121316
0.19978989 0.10985039
0.19354647 0.10843369
0.18737867 0.10696451
0.18128801 0.10544442
0.17527598 0.10387509
0.16934407 0.10225829
0.16349374 0.10059589
0.15772645 0.09888986
0.15204360 0.09714226
0.14644661 0.09535522
0.14093685 0.09353096
0.13551569 0.09167176
0.13018445 0.08977996
0.12494447 0.08785795
0.11979702 0.08590817
0.11474338 0.08393308
0.10978480 0.08193519
0.10492249 0.07991700
0.10015767 0.07788103
0.09549150 0.07582978
0.09092514 0.07376575
0.08645971 0.07169141
0.08209632 0.06960919
0.07783604 0.06752147
0.07367992 0.06543058
0.06962899 0.06333878
0.06568424 0.06124825
0.06184666 0.05916111
0.05811718 0.05707934
0.05449674 0.05500486
0.05098621 0.05293944
0.04758647 0.05088476
0.04429836 0.04884236
0.04112269 0.04681365
0.03806023 0.04479990
0.03511176 0.04280224
0.03227798 0.04082165
0.02955962 0.03885895
0.02695732 0.03691483
0.02447174 0.03498979
0.02210349 0.03308421
0.01985316 0.03119829
0.01772129 0.02933208
0.01570842 0.02748547
0.01381504 0.02565822
0.01204162 0.02384992
0.01038859 0.02206003
0.00885637 0.02028785
0.00744534 0.01853259
0.00615583 0.01679330
0.00498817 0.01506893
0.00394265 0.01335830
0.00301952 0.01166015
0.00221902 0.00997314
0.00154133 0.00829581
0.00098664 0.00662667
0.00055506 0.00496415
0.00024672 0.00330663
0.00006168 0.00165247
0.00000000 0.00000000
0.00006168 -0.00114761
0.00024672 -0.00229311
0.00055506 -0.00343441
0.00098664 -0.00456942
0.00154133 -0.00569609
0.00221902 -0.00681236
0.00301952 -0.00791625
0.00394265 -0.00900579
0.00498817 -0.01007906
0.00615583 -0.01113420
0.00744534 -0.01216940
0.00885637 -0.01318293
0.01038859 -0.01417310
0.01204162 -0.01513833
0.01381504 -0.01607710
0.01570842 -0.01698796
0.01772129 -0.01786957
0.01985316 -0.01872068
0.02210349 -0.01954011
0.02447174 -0.02032680
0.02695732 -0.02107979
0.02955962 -0.02179820
0.03227798 -0.02248127
0.03511176 -0.02312834
0.03806023 -0.02373886
0.04112269 -0.02431237
0.04429836 -0.02484852
0.04758647 -0.02534708
0.05098621 -0.02580790
0.05449674 -0.02623095
0.05811718 -0.02661629
0.06184666 -0.02696407
0.06568424 -0.02727454
0.06962899 -0.02754807
0.07367992 -0.02778506
0.07783604 -0.02798606
0.08209632 -0.02815165
0.08645971 -0.02828252
0.09092514 -0.02837941
0.09549150 -0.02844314
0.10015767 -0.02847458
0.10492249 -0.02847468
0.10978480 -0.02844443
0.11474338 -0.02838486
0.11979702 -0.02829704
0.12494447 -0.02818210
0.13018445 -0.02804117
0.13551569 -0.02787543
0.14093685 -0.02768606
0.14644661 -0.02747426
0.15204360 -0.02724124
0.15772645 -0.02698821
0.16349374 -0.02671639
0.16934407 -0.02642696
0.17527598 -0.02612113
0.18128801 -0.02580005
0.18737867 -0.02546488
0.19354647 -0.02511674
0.19978989 -0.02475671
0.20610737 -0.02438586
0.21249737 -0.02400520
0.21895831 -0.02361570
0.22548859 -0.02321831
0.23208660 -0.02281390
0.23875072 -0.02240331
0.24547929 -0.02198733
0.25227067 -0.02156670
0.25912316 -0.02114208
0.26603509 -0.02071411
0.27300475 -0.02028336
0.28003042 -0.01985034
0.28711035 -0.01941552
0.29424282 -0.01897929
0.30142605 -0.01854202
0.30865828 -0.01810400
0.31593772 -0.01766549
0.32326258 -0.01722669
0.33063104 -0.01678775
0.33804129 -0.01634878
0.34549150 -0.01590985
0.35297984 -0.01547100
0.36050445 -0.01503221
0.36806348 -0.01459344
0.37565506 -0.01415464
0.38327732 -0.01371570
0.39092838 -0.01327651
0.39860635 -0.01283694
0.40630934 -0.01239683
0.41403545 -0.01195602
0.42178277 -0.01151436
0.42954938 -0.01107166
0.43733338 -0.01062776
0.44513284 -0.01018249
0.45294584 -0.00973571
0.46077045 -0.00928725
0.46860474 -0.00883700
0.47644677 -0.00838484
0.48429462 -0.00793067
0.49214634 -0.00747445
0.50000000 -0.00701612
0.50785366 -0.00655568
0.51570538 -0.00609315
0.52355323 -0.00562859
0.53139526 -0.00516210
0.53922955 -0.00469381
0.54705416 -0.00422388
0.55486716 -0.00375253
0.56266662 -0.00328002
0.57045062 -0.00280662
0.57821723 -0.00233268
0.58596455 -0.00185856
0.59369066 -0.00138469
0.60139365 -0.00091152
0.60907162 -0.00043953
0.61672268 0.00003075
0.62434494 0.00049874
0.63193652 0.00096385
0.63949555 0.00142546
0.64702016 0.00188290
0.65450850 0.00233550
0.66195871 0.00278253
0.66936896 0.00322328
0.67673742 0.00365700
0.68406228 0.00408292
0.69134172 0.00450029
0.69857395 0.00490831
0.70575718 0.00530622
0.71288965 0.00569322
0.71996958 0.00606856
0.72699525 0.00643145
0.73396491 0.00678114
0.74087684 0.00711691
0.74772933 0.00743802
0.75452071 0.00774378
0.76124928 0.00803353
0.76791340 0.00830663
0.77451141 0.00856248
0.78104169 0.00880052
0.78750263 0.00902023
0.79389263 0.00922112
0.80021011 0.00940278
0.80645353 0.00956483
0.81262133 0.00970693
0.81871199 0.00982882
0.82472402 0.00993029
0.83065593 0.01001119
0.83650626 0.01007141
0.84227355 0.01011093
0.84795640 0.01012979
0.85355339 0.01012808
0.85906315 0.01010596
0.86448431 0.01006366
0.86981555 0.01000146
0.87505553 0.00991973
0.88020298 0.00981889
0.88525662 0.00969940
0.89021520 0.00956183
0.89507751 0.00940676
0.89984233 0.00923487
0.90450850 0.00904687
0.90907486 0.00884353
0.91354029 0.00862568
0.91790368 0.00839420
0.92216396 0.00815000
0.92632008 0.00789405
0.93037101 0.00762735
0.93431576 0.00735094
0.93815334 0.00706590
0.94188282 0.00677332
0.94550326 0.00647434
0.94901379 0.00617010
0.95241353 0.00586177
0.95570164 0.00555053
0.95887731 0.00523757
0.96193977 0.00492407
0.96488824 0.00461123
0.96772202 0.00430025
0.97044038 0.00399229
0.97304268 0.00368853
0.97552826 0.00339011
0.97789651 0.00309816
0.98014684 0.00281380
0.98227871 0.00253808
0.98429158 0.00227205
0.98618496 0.00201671
0.98795838 0.00177303
0.98961141 0.00154193
0.99114363 0.00132426
0.99255466 0.00112086
0.99384417 0.00093249
0.99501183 0.00075985
0.99605735 0.00060359
0.99698048 0.00046431
0.99778098 0.00034252
0.99845867 0.00023868
0.99901336 0.00015319
0.99944494 0.00008636
0.99975328 0.00003844
0.99993832 0.00000962
1.00000000 0.00000000
