sample_439
1.00000000 0.00000000
0.99993832 0.00002581
0.99975328 0.00010320
0.99944494 0.00023204
0.99901336 0.00041213
0.99845867 0.00064318
0.99778098 0.00092483
0.99698048 0.00125663
0.99605735 0.00163807
0.99501183 0.00206855
0.99384417 0.00254740
0.99255466 0.00307389
0.99114363 0.00364721
0.98961141 0.00426650
0.98795838 0.00493082
0.98618496 0.00563920
0.98429158 0.00639059
0.98227871 0.00718391
0.98014684 0.00801801
0.97789651 0.00889173
0.97552826 0.00980384
0.97304268 0.01075311
0.97044038 0.01173824
0.96772202 0.01275793
0.96488824 0.01381085
0.96193977 0.01489567
0.95887731 0.01601101
0.95570164 0.01715552
0.95241353 0.01832781
0.94901379 0.01952651
0.94550326 0.02075023
0.94188282 0.02199761
0.93815334 0.02326728
0.93431576 0.02455789
0.93037101 0.02586808
0.92632008 0.02719654
0.92216396 0.02854196
0.91790368 0.02990305
0.91354029 0.03127854
0.90907486 0.03266719
0.90450850 0.03406779
0.89984233 0.03547914
0.89507751 0.03690009
0.89021520 0.03832951
0.88525662 0.03976629
0.88020298 0.04120936
0.87505553 0.04265768
0.86981555 0.04411023
0.86448431 0.04556604
0.85906315 0.04702414
0.85355339 0.04848363
0.84795640 0.04994359
0.84227355 0.05140318
0.83650626 0.05286154
0.83065593 0.05431787
0.82472402 0.05577137
0.81871199 0.05722130
0.81262133 0.05866689
0.80645353 0.06010744
0.80021011 0.06154225
0.79389263 0.06297063
0.78750263 0.06439192
0.78104169 0.06580549
0.77451141 0.06721070
0.76791340 0.06860692
0.76124928 0.06999357
0.75452071 0.07137004
0.74772933 0.07273575
0.74087684 0.07409013
0.73396491 0.07543260
0.72699525 0.07676262
0.71996958 0.07807962
0.71288965 0.07938306
0.70575718 0.08067238
0.69857395 0.08194704
0.69134172 0.08320650
0.68406228 0.08445022
0.67673742 0.08567765
0.66936896 0.08688825
0.66195871 0.08808149
0.65450850 0.08925680
0.64702016 0.09041366
0.63949555 0.09155150
0.63193652 0.09266978
0.62434494 0.09376793
0.61672268 0.09484541
0.60907162 0.09590164
0.60139365 0.09693606
0.59369066 0.09794810
0.58596455 0.09893717
0.57821723 0.09990270
0.57045062 0.10084410
0.56266662 0.10176078
0.55486716 0.10265214
0.54705416 0.10351758
0.53922955 0.10435648
0.53139526 0.10516825
0.52355323 0.10595225
0.51570538 0.10670788
0.50785366 0.10743449
0.50000000 0.10813147
0.49214634 0.10879817
0.48429462 0.10943396
0.47644677 0.11003819
0.46860474 0.11061023
0.46077045 0.11114941
0.45294584 0.11165511
0.44513284 0.11212666
0.43733338 0.11256342
0.42954938 0.11296475
0.42178277 0.11333001
0.41403545 0.11365854
0.40630934 0.11394973
0.39860635 0.11420293
0.39092838 0.11441754
0.38327732 0.11459294
0.37565506 0.11472853
0.36806348 0.11482373
0.36050445 0.11487796
0.35297984 0.11489068
0.34549150 0.11486135
0.33804129 0.11478946
0.33063104 0.11467452
0.32326258 0.11451606
0.31593772 0.11431365
0.30865828 0.11406689
0.30142605 0.11377541
0.29424282 0.11343887
0.28711035 0.11305697
0.28003042 0.11262945
0.27300475 0.11215611
0.26603509 0.11163676
0.25912316 0.11107129
0.25227067 0.11045961
0.24547929 0.10980171
0.23875072 0.10909761
0.23208660 0.10834739
0.22548859 0.10755118
0.21895831 0.10670919
0.21249737 0.10582167
0.20610737 0.10488891
0.19978989 0.10391130
0.19354647 0.10288926
0.18737867 0.10182328
0.18128801 0.10071390
0.17527598 0.09956175
0.16934407 0.09836747
0.16349374 0.09713179
0.15772645 0.09585550
0.15204360 0.09453943
0.14644661 0.09318445
0.14093685 0.09179151
0.13551569 0.09036160
0.13018445 0.08889574
0.12494447 0.08739500
0.11979702 0.08586049
0.11474338 0.08429337
0.10978480 0.08269480
0.10492249 0.08106600
0.10015767 0.07940820
0.09549150 0.07772265
0.09092514 0.07601060
0.08645971 0.07427335
0.08209632 0.07251217
0.07783604 0.07072836
0.07367992 0.06892318
0.06962899 0.06709792
0.06568424 0.06525385
0.06184666 0.06339221
0.05811718 0.06151424
0.05449674 0.05962113
0.05098621 0.05771406
0.04758647 0.05579418
0.04429836 0.05386258
0.04112269 0.05192035
0.03806023 0.04996850
0.03511176 0.04800802
0.03227798 0.04603983
0.02955962 0.04406482
0.02695732 0.04208381
0.02447174 0.04009758
0.02210349 0.03810686
0.01985316 0.03611230
0.01772129 0.03411452
0.01570842 0.03211407
0.01381504 0.03011144
0.01204162 0.02810709
0.01038859 0.02610140
0.00885637 0.02409471
0.00744534 0.02208730
0.00615583 0.02007943
0.00498817 0.01807128
0.00394265 0.01606301
0.00301952 0.01405474
0.00221902 0.01204654
0.00154133 0.01003846
0.00098664 0.00803053
0.00055506 0.00602275
0.00024672 0.00401509
0.00006168 0.00200752
0.00000000 0.00000000
0.00006168 -0.00061833
0.00024672 -0.00123571
0.00055506 -0.00185119
0.00098664 -0.00246382
0.00154133 -0.00307265
0.00221902 -0.00367676
0.00301952 -0.00427522
0.00394265 -0.00486712
0.00498817 -0.00545155
0.00615583 -0.00602763
0.00744534 -0.00659450
0.00885637 -0.00715130
0.01038859 -0.00769719
0.01204162 -0.00823138
0.01381504 -0.00875307
0.01570842 -0.00926151
0.01772129 -0.00975595
0.01985316 -0.01023569
0.02210349 -0.01070005
0.02447174 -0.01114837
0.02695732 -0.01158004
0.02955962 -0.01199447
0.03227798 -0.01239110
0.03511176 -0.01276942
0.03806023 -0.01312894
0.04112269 -0.01346920
0.04429836 -0.01378980
0.04758647 -0.01409035
0.05098621 -0.01437052
0.05449674 -0.01463000
0.05811718 -0.01486852
0.06184666 -0.01508587
0.06568424 -0.01528184
0.06962899 -0.01545630
0.07367992 -0.01560912
0.07783604 -0.01574024
0.08209632 -0.01584961
0.08645971 -0.01593723
0.09092514 -0.01600315
0.09549150 -0.01604743
0.10015767 -0.01607019
0.10492249 -0.01607157
0.10978480 -0.01605174
0.11474338 -0.01601092
0.11979702 -0.01594936
0.12494447 -0.01586732
0.13018445 -0.01576511
0.13551569 -0.01564306
0.14093685 -0.01550155
0.14644661 -0.01534095
0.15204360 -0.01516168
0.15772645 -0.01496418
0.16349374 -0.01474890
0.16934407 -0.01451632
0.17527598 -0.01426695
0.18128801 -0.01400130
0.18737867 -0.01371990
0.19354647 -0.01342330
0.19978989 -0.01311206
0.20610737 -0.01278674
0.21249737 -0.01244793
0.21895831 -0.01209621
0.22548859 -0.01173219
0.23208660 -0.01135644
0.23875072 -0.01096958
0.24547929 -0.01057221
0.25227067 -0.01016492
0.25912316 -0.00974831
0.26603509 -0.00932299
0.27300475 -0.00888955
0.28003042 -0.00844855
0.28711035 -0.00800060
0.29424282 -0.00754625
0.30142605 -0.00708607
0.30865828 -0.00662060
0.31593772 -0.00615038
0.32326258 -0.00567595
0.33063104 -0.00519780
0.33804129 -0.00471645
0.34549150 -0.00423237
0.35297984 -0.00374603
0.36050445 -0.00325790
0.36806348 -0.00276841
0.37565506 -0.00227798
0.38327732 -0.00178704
0.39092838 -0.00129596
0.39860635 -0.00080514
0.40630934 -0.00031494
0.41403545 0.00017429
0.42178277 0.00066220
0.42954938 0.00114848
0.43733338 0.00163281
0.44513284 0.00211488
0.45294584 0.00259440
0.46077045 0.00307108
0.46860474 0.00354465
0.47644677 0.00401484
0.48429462 0.00448138
0.49214634 0.00494402
0.50000000 0.00540249
0.50785366 0.00585654
0.51570538 0.00630591
0.52355323 0.00675036
0.53139526 0.00718962
0.53922955 0.00762343
0.54705416 0.00805153
0.55486716 0.00847364
0.56266662 0.00888949
0.57045062 0.00929880
0.57821723 0.00970127
0.58596455 0.01009659
0.59369066 0.01048446
0.60139365 0.01086454
0.60907162 0.01123651
0.61672268 0.01160002
0.62434494 0.01195470
0.63193652 0.01230019
0.63949555 0.01263611
0.64702016 0.01296205
0.65450850 0.01327762
0.66195871 0.01358239
0.66936896 0.01387594
0.67673742 0.01415784
0.68406228 0.01442765
0.69134172 0.01468491
0.69857395 0.01492917
0.70575718 0.01515997
0.71288965 0.01537687
0.71996958 0.01557939
0.72699525 0.01576708
0.73396491 0.01593949
0.74087684 0.01609618
0.74772933 0.01623672
0.75452071 0.01636068
0.76124928 0.01646766
0.76791340 0.01655726
0.77451141 0.01662913
0.78104169 0.01668291
0.78750263 0.01671830
0.79389263 0.01673499
0.80021011 0.01673274
0.80645353 0.01671131
0.81262133 0.01667054
0.81871199 0.01661027
0.82472402 0.01653041
0.83065593 0.01643090
0.83650626 0.01631173
0.84227355 0.01617296
0.84795640 0.01601467
0.85355339 0.01583702
0.85906315 0.01564022
0.86448431 0.01542453
0.86981555 0.01519028
0.87505553 0.01493785
0.88020298 0.01466769
0.88525662 0.01438030
0.89021520 0.01407624
0.89507751 0.01375616
0.89984233 0.01342073
0.90450850 0.01307070
0.90907486 0.01270688
0.91354029 0.01233014
0.91790368 0.01194140
0.92216396 0.01154162
0.92632008 0.01113184
0.93037101 0.01071313
0.93431576 0.01028661
0.93815334 0.00985343
0.94188282 0.00941482
0.94550326 0.00897199
0.94901379 0.00852621
0.95241353 0.00807879
0.95570164 0.00763104
0.95887731 0.00718429
0.96193977 0.00673990
0.96488824 0.00629921
0.96772202 0.00586360
0.97044038 0.00543441
0.97304268 0.00501300
0.97552826 0.00460071
0.97789651 0.00419885
0.98014684 0.00380872
0.98227871 0.00343158
0.98429158 0.00306868
0.98618496 0.00272121
0.98795838 0.00239031
0.98961141 0.00207708
0.99114363 0.00178259
0.99255466 0.00150781
0.99384417 0.00125367
0.99501183 0.00102104
0.99605735 0.00081070
0.99698048 0.00062338
0.99778098 0.00045971
0.99845867 0.00032026
0.99901336 0.00020550
0.99944494 0.00011583
0.99975328 0.00005155
0.99993832 0.00001290
1.00000000 0.00000000
