sample_174
1.00000000 0.00000000
0.99993832 0.00002406
0.99975328 0.00009621
0.99944494 0.00021638
0.99901336 0.00038445
0.99845867 0.00060023
0.99778098 0.00086350
0.99698048 0.00117400
0.99605735 0.00153140
0.99501183 0.00193533
0.99384417 0.00238537
0.99255466 0.00288106
0.99114363 0.00342188
0.98961141 0.00400728
0.98795838 0.00463666
0.98618496 0.00530936
0.98429158 0.00602471
0.98227871 0.00678196
0.98014684 0.00758034
0.97789651 0.00841905
0.97552826 0.00929722
0.97304268 0.01021397
0.97044038 0.01116837
0.96772202 0.01215946
0.96488824 0.01318625
0.96193977 0.01424771
0.95887731 0.01534278
0.95570164 0.01647038
0.95241353 0.01762940
0.94901379 0.01881869
0.94550326 0.02003710
0.94188282 0.02128344
0.93815334 0.02255651
0.93431576 0.02385509
0.93037101 0.02517794
0.92632008 0.02652381
0.92216396 0.02789144
0.91790368 0.02927955
0.91354029 0.03068687
0.90907486 0.03211210
0.90450850 0.03355396
0.89984233 0.03501114
0.89507751 0.03648237
0.89021520 0.03796634
0.88525662 0.03946178
0.88020298 0.04096739
0.87505553 0.04248192
0.86981555 0.04400409
0.86448431 0.04553266
0.85906315 0.04706639
0.85355339 0.04860406
0.84795640 0.05014447
0.84227355 0.05168643
0.83650626 0.05322878
0.83065593 0.05477038
0.82472402 0.05631011
0.81871199 0.05784687
0.81262133 0.05937960
0.80645353 0.06090726
0.80021011 0.06242884
0.79389263 0.06394335
0.78750263 0.06544984
0.78104169 0.06694738
0.77451141 0.06843510
0.76791340 0.06991211
0.76124928 0.07137761
0.75452071 0.07283078
0.74772933 0.07427087
0.74087684 0.07569714
0.73396491 0.07710890
0.72699525 0.07850546
0.71996958 0.07988619
0.71288965 0.08125049
0.70575718 0.08259776
0.69857395 0.08392747
0.69134172 0.08523909
0.68406228 0.08653211
0.67673742 0.08780607
0.66936896 0.08906053
0.66195871 0.09029504
0.65450850 0.09150922
0.64702016 0.09270267
0.63949555 0.09387503
0.63193652 0.09502596
0.62434494 0.09615511
0.61672268 0.09726216
0.60907162 0.09834680
0.60139365 0.09940873
0.59369066 0.10044766
0.58596455 0.10146330
0.57821723 0.10245536
0.57045062 0.10342356
0.56266662 0.10436762
0.55486716 0.10528725
0.54705416 0.10618217
0.53922955 0.10705209
0.53139526 0.10789671
0.52355323 0.10871572
0.51570538 0.10950881
0.50785366 0.11027566
0.50000000 0.11101594
0.49214634 0.11172928
0.48429462 0.11241534
0.47644677 0.11307373
0.46860474 0.11370407
0.46077045 0.11430595
0.45294584 0.11487895
0.44513284 0.11542263
0.43733338 0.11593655
0.42954938 0.11642023
0.42178277 0.11687318
0.41403545 0.11729491
0.40630934 0.11768491
0.39860635 0.11804265
0.39092838 0.11836759
0.38327732 0.11865918
0.37565506 0.11891685
0.36806348 0.11914003
0.36050445 0.11932814
0.35297984 0.11948060
0.34549150 0.11959681
0.33804129 0.11967618
0.33063104 0.11971811
0.32326258 0.11972201
0.31593772 0.11968729
0.30865828 0.11961335
0.30142605 0.11949962
0.29424282 0.11934553
0.28711035 0.11915051
0.28003042 0.11891402
0.27300475 0.11863554
0.26603509 0.11831454
0.25912316 0.11795053
0.25227067 0.11754306
0.24547929 0.11709167
0.23875072 0.11659594
0.23208660 0.11605549
0.22548859 0.11546995
0.21895831 0.11483901
0.21249737 0.11416238
0.20610737 0.11343979
0.19978989 0.11267104
0.19354647 0.11185594
0.18737867 0.11099436
0.18128801 0.11008620
0.17527598 0.10913141
0.16934407 0.10812998
0.16349374 0.10708195
0.15772645 0.10598740
0.15204360 0.10484645
0.14644661 0.10365928
0.14093685 0.10242609
0.13551569 0.10114716
0.13018445 0.09982279
0.12494447 0.09845334
0.11979702 0.09703921
0.11474338 0.09558083
0.10978480 0.09407869
0.10492249 0.09253332
0.10015767 0.09094530
0.09549150 0.08931522
0.09092514 0.08764375
0.08645971 0.08593156
0.08209632 0.08417938
0.07783604 0.08238798
0.07367992 0.08055813
0.06962899 0.07869068
0.06568424 0.07678646
0.06184666 0.07484636
0.05811718 0.07287129
0.05449674 0.07086220
0.05098621 0.06882002
0.04758647 0.06674575
0.04429836 0.06464038
0.04112269 0.06250493
0.03806023 0.06034044
0.03511176 0.05814796
0.03227798 0.05592854
0.02955962 0.05368326
0.02695732 0.05141322
0.02447174 0.04911949
0.02210349 0.04680320
0.01985316 0.04446544
0.01772129 0.04210734
0.01570842 0.03973001
0.01381504 0.03733457
0.01204162 0.03492216
0.01038859 0.03249391
0.00885637 0.03005094
0.00744534 0.02759439
0.00615583 0.02512540
0.00498817 0.02264509
0.00394265 0.02015459
0.00301952 0.01765505
0.00221902 0.01514760
0.00154133 0.01263336
0.00098664 0.01011347
0.00055506 0.00758905
0.00024672 0.00506125
0.00006168 0.00253119
0.00000000 0.00000000
0.00006168 -0.00099363
0.00024672 -0.00198562
0.00055506 -0.00297434
0.00098664 -0.00395816
0.00154133 -0.00493547
0.00221902 -0.00590466
0.00301952 -0.00686416
0.00394265 -0.00781242
0.00498817 -0.00874790
0.00615583 -0.00966912
0.00744534 -0.01057461
0.00885637 -0.01146295
0.01038859 -0.01233275
0.01204162 -0.01318268
0.01381504 -0.01401146
0.01570842 -0.01481784
0.01772129 -0.01560064
0.01985316 -0.01635874
0.02210349 -0.01709106
0.02447174 -0.01779659
0.02695732 -0.01847440
0.02955962 -0.01912358
0.03227798 -0.01974334
0.03511176 -0.02033292
0.03806023 -0.02089164
0.04112269 -0.02141889
0.04429836 -0.02191413
0.04758647 -0.02237689
0.05098621 -0.02280676
0.05449674 -0.02320342
0.05811718 -0.02356662
0.06184666 -0.02389615
0.06568424 -0.02419191
0.06962899 -0.02445383
0.07367992 -0.02468194
0.07783604 -0.02487632
0.08209632 -0.02503711
0.08645971 -0.02516452
0.09092514 -0.02525883
0.09549150 -0.02532035
0.10015767 -0.02534949
0.10492249 -0.02534666
0.10978480 -0.02531237
0.11474338 -0.02524715
0.11979702 -0.02515159
0.12494447 -0.02502632
0.13018445 -0.02487200
0.13551569 -0.02468935
0.14093685 -0.02447910
0.14644661 -0.02424202
0.15204360 -0.02397891
0.15772645 -0.02369060
0.16349374 -0.02337793
0.16934407 -0.02304176
0.17527598 -0.02268298
0.18128801 -0.02230247
0.18737867 -0.02190113
0.19354647 -0.02147986
0.19978989 -0.02103959
0.20610737 -0.02058120
0.21249737 -0.02010563
0.21895831 -0.01961375
0.22548859 -0.01910648
0.23208660 -0.01858470
0.23875072 -0.01804929
0.24547929 -0.01750110
0.25227067 -0.01694100
0.25912316 -0.01636980
0.26603509 -0.01578832
0.27300475 -0.01519737
0.28003042 -0.01459771
0.28711035 -0.01399011
0.29424282 -0.01337530
0.30142605 -0.01275400
0.30865828 -0.01212689
0.31593772 -0.01149465
0.32326258 -0.01085793
0.33063104 -0.01021737
0.33804129 -0.00957357
0.34549150 -0.00892711
0.35297984 -0.00827858
0.36050445 -0.00762852
0.36806348 -0.00697747
0.37565506 -0.00632595
0.38327732 -0.00567446
0.39092838 -0.00502351
0.39860635 -0.00437355
0.40630934 -0.00372508
0.41403545 -0.00307854
0.42178277 -0.00243439
0.42954938 -0.00179308
0.43733338 -0.00115504
0.44513284 -0.00052073
0.45294584 0.00010944
0.46077045 0.00073501
0.46860474 0.00135556
0.47644677 0.00197065
0.48429462 0.00257982
0.49214634 0.00318265
0.50000000 0.00377867
0.50785366 0.00436744
0.51570538 0.00494848
0.52355323 0.00552134
0.53139526 0.00608553
0.53922955 0.00664058
0.54705416 0.00718600
0.55486716 0.00772129
0.56266662 0.00824594
0.57045062 0.00875947
0.57821723 0.00926134
0.58596455 0.00975105
0.59369066 0.01022807
0.60139365 0.01069188
0.60907162 0.01114197
0.61672268 0.01157781
0.62434494 0.01199889
0.63193652 0.01240468
0.63949555 0.01279468
0.64702016 0.01316839
0.65450850 0.01352531
0.66195871 0.01386498
0.66936896 0.01418692
0.67673742 0.01449069
0.68406228 0.01477585
0.69134172 0.01504199
0.69857395 0.01528874
0.70575718 0.01551572
0.71288965 0.01572260
0.71996958 0.01590909
0.72699525 0.01607489
0.73396491 0.01621978
0.74087684 0.01634354
0.74772933 0.01644602
0.75452071 0.01652708
0.76124928 0.01658662
0.76791340 0.01662462
0.77451141 0.01664105
0.78104169 0.01663596
0.78750263 0.01660944
0.79389263 0.01656161
0.80021011 0.01649266
0.80645353 0.01640280
0.81262133 0.01629231
0.81871199 0.01616151
0.82472402 0.01601076
0.83065593 0.01584048
0.83650626 0.01565113
0.84227355 0.01544320
0.84795640 0.01521725
0.85355339 0.01497387
0.85906315 0.01471370
0.86448431 0.01443741
0.86981555 0.01414572
0.87505553 0.01383938
0.88020298 0.01351919
0.88525662 0.01318596
0.89021520 0.01284055
0.89507751 0.01248385
0.89984233 0.01211677
0.90450850 0.01174024
0.90907486 0.01135524
0.91354029 0.01096273
0.91790368 0.01056372
0.92216396 0.01015922
0.92632008 0.00975025
0.93037101 0.00933785
0.93431576 0.00892306
0.93815334 0.00850692
0.94188282 0.00809048
0.94550326 0.00767478
0.94901379 0.00726087
0.95241353 0.00684977
0.95570164 0.00644251
0.95887731 0.00604010
0.96193977 0.00564353
0.96488824 0.00525380
0.96772202 0.00487185
0.97044038 0.00449863
0.97304268 0.00413505
0.97552826 0.00378201
0.97789651 0.00344036
0.98014684 0.00311093
0.98227871 0.00279453
0.98429158 0.00249192
0.98618496 0.00220384
0.98795838 0.00193098
0.98961141 0.00167399
0.99114363 0.00143349
0.99255466 0.00121006
0.99384417 0.00100424
0.99501183 0.00081651
0.99605735 0.00064732
0.99698048 0.00049708
0.99778098 0.00036614
0.99845867 0.00025482
0.99901336 0.00016338
0.99944494 0.00009203
0.99975328 0.00004094
0.99993832 0.00001024
1.00000000 0.00000000
