sample_845
1.00000000 0.00000000
0.99993832 0.00002105
0.99975328 0.00008420
0.99944494 0.00018938
0.99901336 0.00033654
0.99845867 0.00052557
0.99778098 0.00075635
0.99698048 0.00102871
0.99605735 0.00134248
0.99501183 0.00169744
0.99384417 0.00209336
0.99255466 0.00252999
0.99114363 0.00300704
0.98961141 0.00352422
0.98795838 0.00408120
0.98618496 0.00467764
0.98429158 0.00531319
0.98227871 0.00598747
0.98014684 0.00670009
0.97789651 0.00745064
0.97552826 0.00823872
0.97304268 0.00906389
0.97044038 0.00992570
0.96772202 0.01082372
0.96488824 0.01175749
0.96193977 0.01272652
0.95887731 0.01373034
0.95570164 0.01476847
0.95241353 0.01584041
0.94901379 0.01694565
0.94550326 0.01808368
0.94188282 0.01925398
0.93815334 0.02045600
0.93431576 0.02168920
0.93037101 0.02295301
0.92632008 0.02424687
0.92216396 0.02557018
0.91790368 0.02692233
0.91354029 0.02830270
0.90907486 0.02971063
0.90450850 0.03114546
0.89984233 0.03260648
0.89507751 0.03409297
0.89021520 0.03560417
0.88525662 0.03713931
0.88020298 0.03869756
0.87505553 0.04027806
0.86981555 0.04187993
0.86448431 0.04350222
0.85906315 0.04514396
0.85355339 0.04680413
0.84795640 0.04848168
0.84227355 0.05017547
0.83650626 0.05188437
0.83065593 0.05360715
0.82472402 0.05534256
0.81871199 0.05708929
0.81262133 0.05884599
0.80645353 0.06061125
0.80021011 0.06238361
0.79389263 0.06416157
0.78750263 0.06594357
0.78104169 0.06772801
0.77451141 0.06951325
0.76791340 0.07129760
0.76124928 0.07307935
0.75452071 0.07485672
0.74772933 0.07662793
0.74087684 0.07839113
0.73396491 0.08014449
0.72699525 0.08188612
0.71996958 0.08361414
0.71288965 0.08532662
0.70575718 0.08702165
0.69857395 0.08869731
0.69134172 0.09035167
0.68406228 0.09198282
0.67673742 0.09358884
0.66936896 0.09516785
0.66195871 0.09671796
0.65450850 0.09823733
0.64702016 0.09972415
0.63949555 0.10117663
0.63193652 0.10259304
0.62434494 0.10397168
0.61672268 0.10531091
0.60907162 0.10660914
0.60139365 0.10786484
0.59369066 0.10907655
0.58596455 0.11024287
0.57821723 0.11136247
0.57045062 0.11243410
0.56266662 0.11345658
0.55486716 0.11442882
0.54705416 0.11534979
0.53922955 0.11621856
0.53139526 0.11703429
0.52355323 0.11779620
0.51570538 0.11850363
0.50785366 0.11915599
0.50000000 0.11975275
0.49214634 0.12029352
0.48429462 0.12077796
0.47644677 0.12120581
0.46860474 0.12157692
0.46077045 0.12189120
0.45294584 0.12214864
0.44513284 0.12234932
0.43733338 0.12249339
0.42954938 0.12258105
0.42178277 0.12261261
0.41403545 0.12258842
0.40630934 0.12250889
0.39860635 0.12237450
0.39092838 0.12218578
0.38327732 0.12194333
0.37565506 0.12164777
0.36806348 0.12129979
0.36050445 0.12090012
0.35297984 0.12044952
0.34549150 0.11994878
0.33804129 0.11939874
0.33063104 0.11880027
0.32326258 0.11815425
0.31593772 0.11746160
0.30865828 0.11672325
0.30142605 0.11594014
0.29424282 0.11511326
0.28711035 0.11424357
0.28003042 0.11333208
0.27300475 0.11237979
0.26603509 0.11138769
0.25912316 0.11035682
0.25227067 0.10928820
0.24547929 0.10818284
0.23875072 0.10704178
0.23208660 0.10586604
0.22548859 0.10465666
0.21895831 0.10341466
0.21249737 0.10214108
0.20610737 0.10083694
0.19978989 0.09950326
0.19354647 0.09814109
0.18737867 0.09675143
0.18128801 0.09533531
0.17527598 0.09389375
0.16934407 0.09242775
0.16349374 0.09093835
0.15772645 0.08942653
0.15204360 0.08789331
0.14644661 0.08633969
0.14093685 0.08476665
0.13551569 0.08317520
0.13018445 0.08156631
0.12494447 0.07994096
0.11979702 0.07830012
0.11474338 0.07664475
0.10978480 0.07497579
0.10492249 0.07329419
0.10015767 0.07160087
0.09549150 0.06989675
0.09092514 0.06818272
0.08645971 0.06645966
0.08209632 0.06472844
0.07783604 0.06298990
0.07367992 0.06124485
0.06962899 0.05949409
0.06568424 0.05773840
0.06184666 0.05597851
0.05811718 0.05421515
0.05449674 0.05244899
0.05098621 0.05068069
0.04758647 0.04891086
0.04429836 0.04714009
0.04112269 0.04536893
0.03806023 0.04359786
0.03511176 0.04182737
0.03227798 0.04005788
0.02955962 0.03828978
0.02695732 0.03652340
0.02447174 0.03475904
0.02210349 0.03299696
0.01985316 0.03123738
0.01772129 0.02948046
0.01570842 0.02772634
0.01381504 0.02597510
0.01204162 0.02422678
0.01038859 0.02248140
0.00885637 0.02073892
0.00744534 0.01899926
0.00615583 0.01726234
0.00498817 0.01552800
0.00394265 0.01379609
0.00301952 0.01206641
0.00221902 0.01033874
0.00154133 0.00861282
0.00098664 0.00688841
0.00055506 0.00516522
0.00024672 0.00344296
0.00006168 0.00172132
0.00000000 0.00000000
0.00006168 -0.00064321
0.00024672 -0.00128604
0.00055506 -0.00192811
0.00098664 -0.00256904
0.00154133 -0.00320844
0.00221902 -0.00384592
0.00301952 -0.00448108
0.00394265 -0.00511352
0.00498817 -0.00574281
0.00615583 -0.00636854
0.00744534 -0.00699026
0.00885637 -0.00760754
0.01038859 -0.00821990
0.01204162 -0.00882687
0.01381504 -0.00942798
0.01570842 -0.01002270
0.01772129 -0.01061054
0.01985316 -0.01119096
0.02210349 -0.01176341
0.02447174 -0.01232735
0.02695732 -0.01288219
0.02955962 -0.01342735
0.03227798 -0.01396224
0.03511176 -0.01448625
0.03806023 -0.01499875
0.04112269 -0.01549912
0.04429836 -0.01598672
0.04758647 -0.01646091
0.05098621 -0.01692103
0.05449674 -0.01736643
0.05811718 -0.01779645
0.06184666 -0.01821043
0.06568424 -0.01860771
0.06962899 -0.01898765
0.07367992 -0.01934957
0.07783604 -0.01969286
0.08209632 -0.02001685
0.08645971 -0.02032094
0.09092514 -0.02060450
0.09549150 -0.02086694
0.10015767 -0.02110768
0.10492249 -0.02132615
0.10978480 -0.02152181
0.11474338 -0.02169415
0.11979702 -0.02184265
0.12494447 -0.02196686
0.13018445 -0.02206634
0.13551569 -0.02214067
0.14093685 -0.02218948
0.14644661 -0.02221241
0.15204360 -0.02220916
0.15772645 -0.02217945
0.16349374 -0.02212305
0.16934407 -0.02203975
0.17527598 -0.02192939
0.18128801 -0.02179186
0.18737867 -0.02162707
0.19354647 -0.02143500
0.19978989 -0.02121564
0.20610737 -0.02096905
0.21249737 -0.02069532
0.21895831 -0.02039459
0.22548859 -0.02006704
0.23208660 -0.01971290
0.23875072 -0.01933244
0.24547929 -0.01892597
0.25227067 -0.01849385
0.25912316 -0.01803650
0.26603509 -0.01755434
0.27300475 -0.01704787
0.28003042 -0.01651763
0.28711035 -0.01596418
0.29424282 -0.01538813
0.30142605 -0.01479015
0.30865828 -0.01417092
0.31593772 -0.01353118
0.32326258 -0.01287169
0.33063104 -0.01219326
0.33804129 -0.01149673
0.34549150 -0.01078297
0.35297984 -0.01005289
0.36050445 -0.00930743
0.36806348 -0.00854755
0.37565506 -0.00777426
0.38327732 -0.00698857
0.39092838 -0.00619155
0.39860635 -0.00538426
0.40630934 -0.00456780
0.41403545 -0.00374329
0.42178277 -0.00291188
0.42954938 -0.00207472
0.43733338 -0.00123298
0.44513284 -0.00038786
0.45294584 0.00045946
0.46077045 0.00130774
0.46860474 0.00215579
0.47644677 0.00300235
0.48429462 0.00384622
0.49214634 0.00468614
0.50000000 0.00552088
0.50785366 0.00634921
0.51570538 0.00716989
0.52355323 0.00798171
0.53139526 0.00878344
0.53922955 0.00957388
0.54705416 0.01035183
0.55486716 0.01111612
0.56266662 0.01186558
0.57045062 0.01259908
0.57821723 0.01331549
0.58596455 0.01401372
0.59369066 0.01469271
0.60139365 0.01535142
0.60907162 0.01598885
0.61672268 0.01660402
0.62434494 0.01719601
0.63193652 0.01776392
0.63949555 0.01830690
0.64702016 0.01882414
0.65450850 0.01931489
0.66195871 0.01977843
0.66936896 0.02021409
0.67673742 0.02062128
0.68406228 0.02099942
0.69134172 0.02134802
0.69857395 0.02166665
0.70575718 0.02195490
0.71288965 0.02221246
0.71996958 0.02243907
0.72699525 0.02263452
0.73396491 0.02279868
0.74087684 0.02293147
0.74772933 0.02303288
0.75452071 0.02310297
0.76124928 0.02314186
0.76791340 0.02314973
0.77451141 0.02312684
0.78104169 0.02307350
0.78750263 0.02299009
0.79389263 0.02287705
0.80021011 0.02273487
0.80645353 0.02256414
0.81262133 0.02236547
0.81871199 0.02213954
0.82472402 0.02188710
0.83065593 0.02160894
0.83650626 0.02130591
0.84227355 0.02097890
0.84795640 0.02062887
0.85355339 0.02025679
0.85906315 0.01986372
0.86448431 0.01945073
0.86981555 0.01901894
0.87505553 0.01856949
0.88020298 0.01810357
0.88525662 0.01762239
0.89021520 0.01712720
0.89507751 0.01661925
0.89984233 0.01609984
0.90450850 0.01557026
0.90907486 0.01503182
0.91354029 0.01448586
0.91790368 0.01393371
0.92216396 0.01337670
0.92632008 0.01281618
0.93037101 0.01225348
0.93431576 0.01168994
0.93815334 0.01112689
0.94188282 0.01056563
0.94550326 0.01000748
0.94901379 0.00945372
0.95241353 0.00890561
0.95570164 0.00836441
0.95887731 0.00783134
0.96193977 0.00730760
0.96488824 0.00679436
0.96772202 0.00629275
0.97044038 0.00580388
0.97304268 0.00532883
0.97552826 0.00486862
0.97789651 0.00442427
0.98014684 0.00399673
0.98227871 0.00358692
0.98429158 0.00319571
0.98618496 0.00282393
0.98795838 0.00247238
0.98961141 0.00214179
0.99114363 0.00183285
0.99255466 0.00154622
0.99384417 0.00128250
0.99501183 0.00104222
0.99605735 0.00082588
0.99698048 0.00063394
0.99778098 0.00046679
0.99845867 0.00032477
0.99901336 0.00020817
0.99944494 0.00011724
0.99975328 0.00005215
0.99993832 0.00001305
1.00000000 0.00000000
