sample_411
1.00000000 0.00000000
0.99993832 0.00002335
0.99975328 0.00009336
0.99944494 0.00020993
0.99901336 0.00037292
0.99845867 0.00058209
0.99778098 0.00083718
0.99698048 0.00113783
0.99605735 0.00148366
0.99501183 0.00187420
0.99384417 0.00230895
0.99255466 0.00278734
0.99114363 0.00330875
0.98961141 0.00387254
0.98795838 0.00447798
0.98618496 0.00512434
0.98429158 0.00581081
0.98227871 0.00653659
0.98014684 0.00730080
0.97789651 0.00810256
0.97552826 0.00894096
0.97304268 0.00981506
0.97044038 0.01072390
0.96772202 0.01166650
0.96488824 0.01264188
0.96193977 0.01364904
0.95887731 0.01468697
0.95570164 0.01575468
0.95241353 0.01685114
0.94901379 0.01797536
0.94550326 0.01912633
0.94188282 0.02030306
0.93815334 0.02150457
0.93431576 0.02272990
0.93037101 0.02397807
0.92632008 0.02524817
0.92216396 0.02653925
0.91790368 0.02785044
0.91354029 0.02918083
0.90907486 0.03052958
0.90450850 0.03189585
0.89984233 0.03327883
0.89507751 0.03467772
0.89021520 0.03609175
0.88525662 0.03752019
0.88020298 0.03896231
0.87505553 0.04041740
0.86981555 0.04188479
0.86448431 0.04336381
0.85906315 0.04485382
0.85355339 0.04635418
0.84795640 0.04786429
0.84227355 0.04938355
0.83650626 0.05091136
0.83065593 0.05244714
0.82472402 0.05399031
0.81871199 0.05554030
0.81262133 0.05709654
0.80645353 0.05865845
0.80021011 0.06022547
0.79389263 0.06179699
0.78750263 0.06337244
0.78104169 0.06495120
0.77451141 0.06653266
0.76791340 0.06811619
0.76124928 0.06970113
0.75452071 0.07128680
0.74772933 0.07287250
0.74087684 0.07445753
0.73396491 0.07604112
0.72699525 0.07762249
0.71996958 0.07920084
0.71288965 0.08077533
0.70575718 0.08234508
0.69857395 0.08390919
0.69134172 0.08546673
0.68406228 0.08701671
0.67673742 0.08855812
0.66936896 0.09008993
0.66195871 0.09161105
0.65450850 0.09312038
0.64702016 0.09461678
0.63949555 0.09609905
0.63193652 0.09756601
0.62434494 0.09901642
0.61672268 0.10044901
0.60907162 0.10186250
0.60139365 0.10325557
0.59369066 0.10462690
0.58596455 0.10597514
0.57821723 0.10729892
0.57045062 0.10859687
0.56266662 0.10986760
0.55486716 0.11110972
0.54705416 0.11232183
0.53922955 0.11350255
0.53139526 0.11465047
0.52355323 0.11576423
0.51570538 0.11684245
0.50785366 0.11788377
0.50000000 0.11888685
0.49214634 0.11985039
0.48429462 0.12077308
0.47644677 0.12165368
0.46860474 0.12249095
0.46077045 0.12328371
0.45294584 0.12403079
0.44513284 0.12473110
0.43733338 0.12538358
0.42954938 0.12598719
0.42178277 0.12654100
0.41403545 0.12704408
0.40630934 0.12749559
0.39860635 0.12789473
0.39092838 0.12824077
0.38327732 0.12853304
0.37565506 0.12877094
0.36806348 0.12895392
0.36050445 0.12908152
0.35297984 0.12915332
0.34549150 0.12916900
0.33804129 0.12912828
0.33063104 0.12903096
0.32326258 0.12887691
0.31593772 0.12866607
0.30865828 0.12839845
0.30142605 0.12807412
0.29424282 0.12769321
0.28711035 0.12725594
0.28003042 0.12676258
0.27300475 0.12621346
0.26603509 0.12560896
0.25912316 0.12494955
0.25227067 0.12423573
0.24547929 0.12346807
0.23875072 0.12264718
0.23208660 0.12177373
0.22548859 0.12084844
0.21895831 0.11987207
0.21249737 0.11884542
0.20610737 0.11776933
0.19978989 0.11664468
0.19354647 0.11547239
0.18737867 0.11425340
0.18128801 0.11298869
0.17527598 0.11167925
0.16934407 0.11032610
0.16349374 0.10893029
0.15772645 0.10749287
0.15204360 0.10601492
0.14644661 0.10449753
0.14093685 0.10294177
0.13551569 0.10134876
0.13018445 0.09971960
0.12494447 0.09805538
0.11979702 0.09635722
0.11474338 0.09462621
0.10978480 0.09286346
0.10492249 0.09107004
0.10015767 0.08924704
0.09549150 0.08739552
0.09092514 0.08551655
0.08645971 0.08361116
0.08209632 0.08168039
0.07783604 0.07972524
0.07367992 0.07774670
0.06962899 0.07574577
0.06568424 0.07372338
0.06184666 0.07168047
0.05811718 0.06961797
0.05449674 0.06753677
0.05098621 0.06543773
0.04758647 0.06332172
0.04429836 0.06118956
0.04112269 0.05904205
0.03806023 0.05687999
0.03511176 0.05470414
0.03227798 0.05251525
0.02955962 0.05031402
0.02695732 0.04810117
0.02447174 0.04587737
0.02210349 0.04364329
0.01985316 0.04139957
0.01772129 0.03914682
0.01570842 0.03688566
0.01381504 0.03461667
0.01204162 0.03234043
0.01038859 0.03005748
0.00885637 0.02776837
0.00744534 0.02547363
0.00615583 0.02317378
0.00498817 0.02086931
0.00394265 0.01856072
0.00301952 0.01624849
0.00221902 0.01393310
0.00154133 0.01161501
0.00098664 0.00929468
0.00055506 0.00697256
0.00024672 0.00464911
0.00006168 0.00232478
0.00000000 0.00000000
0.00006168 -0.00081839
0.00024672 -0.00163523
0.00055506 -0.00244896
0.00098664 -0.00325804
0.00154133 -0.00406093
0.00221902 -0.00485612
0.00301952 -0.00564213
0.00394265 -0.00641748
0.00498817 -0.00718075
0.00615583 -0.00793052
0.00744534 -0.00866543
0.00885637 -0.00938416
0.01038859 -0.01008543
0.01204162 -0.01076800
0.01381504 -0.01143070
0.01570842 -0.01207239
0.01772129 -0.01269201
0.01985316 -0.01328853
0.02210349 -0.01386101
0.02447174 -0.01440856
0.02695732 -0.01493035
0.02955962 -0.01542561
0.03227798 -0.01589366
0.03511176 -0.01633386
0.03806023 -0.01674567
0.04112269 -0.01712858
0.04429836 -0.01748219
0.04758647 -0.01780614
0.05098621 -0.01810014
0.05449674 -0.01836399
0.05811718 -0.01859754
0.06184666 -0.01880070
0.06568424 -0.01897346
0.06962899 -0.01911588
0.07367992 -0.01922806
0.07783604 -0.01931017
0.08209632 -0.01936245
0.08645971 -0.01938518
0.09092514 -0.01937872
0.09549150 -0.01934344
0.10015767 -0.01927980
0.10492249 -0.01918829
0.10978480 -0.01906944
0.11474338 -0.01892384
0.11979702 -0.01875211
0.12494447 -0.01855489
0.13018445 -0.01833289
0.13551569 -0.01808681
0.14093685 -0.01781742
0.14644661 -0.01752548
0.15204360 -0.01721179
0.15772645 -0.01687718
0.16349374 -0.01652247
0.16934407 -0.01614852
0.17527598 -0.01575618
0.18128801 -0.01534634
0.18737867 -0.01491986
0.19354647 -0.01447764
0.19978989 -0.01402056
0.20610737 -0.01354951
0.21249737 -0.01306538
0.21895831 -0.01256904
0.22548859 -0.01206137
0.23208660 -0.01154325
0.23875072 -0.01101553
0.24547929 -0.01047906
0.25227067 -0.00993468
0.25912316 -0.00938323
0.26603509 -0.00882550
0.27300475 -0.00826230
0.28003042 -0.00769440
0.28711035 -0.00712257
0.29424282 -0.00654756
0.30142605 -0.00597009
0.30865828 -0.00539086
0.31593772 -0.00481058
0.32326258 -0.00422990
0.33063104 -0.00364948
0.33804129 -0.00306994
0.34549150 -0.00249190
0.35297984 -0.00191594
0.36050445 -0.00134263
0.36806348 -0.00077252
0.37565506 -0.00020615
0.38327732 0.00035599
0.39092838 0.00091339
0.39860635 0.00146559
0.40630934 0.00201213
0.41403545 0.00255257
0.42178277 0.00308650
0.42954938 0.00361350
0.43733338 0.00413320
0.44513284 0.00464522
0.45294584 0.00514921
0.46077045 0.00564482
0.46860474 0.00613172
0.47644677 0.00660960
0.48429462 0.00707815
0.49214634 0.00753708
0.50000000 0.00798611
0.50785366 0.00842496
0.51570538 0.00885338
0.52355323 0.00927111
0.53139526 0.00967791
0.53922955 0.01007354
0.54705416 0.01045777
0.55486716 0.01083039
0.56266662 0.01119117
0.57045062 0.01153991
0.57821723 0.01187641
0.58596455 0.01220046
0.59369066 0.01251187
0.60139365 0.01281046
0.60907162 0.01309605
0.61672268 0.01336845
0.62434494 0.01362749
0.63193652 0.01387301
0.63949555 0.01410483
0.64702016 0.01432281
0.65450850 0.01452678
0.66195871 0.01471660
0.66936896 0.01489212
0.67673742 0.01505322
0.68406228 0.01519975
0.69134172 0.01533160
0.69857395 0.01544865
0.70575718 0.01555080
0.71288965 0.01563794
0.71996958 0.01571000
0.72699525 0.01576689
0.73396491 0.01580855
0.74087684 0.01583493
0.74772933 0.01584598
0.75452071 0.01584170
0.76124928 0.01582206
0.76791340 0.01578707
0.77451141 0.01573677
0.78104169 0.01567120
0.78750263 0.01559041
0.79389263 0.01549451
0.80021011 0.01538359
0.80645353 0.01525779
0.81262133 0.01511727
0.81871199 0.01496220
0.82472402 0.01479278
0.83065593 0.01460927
0.83650626 0.01441191
0.84227355 0.01420099
0.84795640 0.01397684
0.85355339 0.01373980
0.85906315 0.01349025
0.86448431 0.01322860
0.86981555 0.01295529
0.87505553 0.01267080
0.88020298 0.01237562
0.88525662 0.01207028
0.89021520 0.01175536
0.89507751 0.01143144
0.89984233 0.01109914
0.90450850 0.01075912
0.90907486 0.01041206
0.91354029 0.01005866
0.91790368 0.00969966
0.92216396 0.00933581
0.92632008 0.00896789
0.93037101 0.00859671
0.93431576 0.00822308
0.93815334 0.00784784
0.94188282 0.00747184
0.94550326 0.00709596
0.94901379 0.00672107
0.95241353 0.00634806
0.95570164 0.00597783
0.95887731 0.00561126
0.96193977 0.00524926
0.96488824 0.00489273
0.96772202 0.00454255
0.97044038 0.00419962
0.97304268 0.00386481
0.97552826 0.00353897
0.97789651 0.00322296
0.98014684 0.00291760
0.98227871 0.00262369
0.98429158 0.00234202
0.98618496 0.00207333
0.98795838 0.00181835
0.98961141 0.00157777
0.99114363 0.00135225
0.99255466 0.00114238
0.99384417 0.00094877
0.99501183 0.00077192
0.99605735 0.00061235
0.99698048 0.00047048
0.99778098 0.00034671
0.99845867 0.00024139
0.99901336 0.00015482
0.99944494 0.00008723
0.99975328 0.00003882
0.99993832 0.00000971
1.00000000 0.00000000
