sample_367
1.00000000 0.00000000
0.99993832 0.00002639
0.99975328 0.00010552
0.99944494 0.00023729
0.99901336 0.00042157
0.99845867 0.00065812
0.99778098 0.00094667
0.99698048 0.00128690
0.99605735 0.00167840
0.99501183 0.00212072
0.99384417 0.00261336
0.99255466 0.00315575
0.99114363 0.00374728
0.98961141 0.00438728
0.98795838 0.00507504
0.98618496 0.00580978
0.98429158 0.00659071
0.98227871 0.00741696
0.98014684 0.00828764
0.97789651 0.00920181
0.97552826 0.01015850
0.97304268 0.01115671
0.97044038 0.01219538
0.96772202 0.01327346
0.96488824 0.01438983
0.96193977 0.01554338
0.95887731 0.01673294
0.95570164 0.01795735
0.95241353 0.01921541
0.94901379 0.02050590
0.94550326 0.02182760
0.94188282 0.02317926
0.93815334 0.02455961
0.93431576 0.02596739
0.93037101 0.02740132
0.92632008 0.02886009
0.92216396 0.03034242
0.91790368 0.03184700
0.91354029 0.03337250
0.90907486 0.03491762
0.90450850 0.03648102
0.89984233 0.03806140
0.89507751 0.03965740
0.89021520 0.04126771
0.88525662 0.04289100
0.88020298 0.04452592
0.87505553 0.04617115
0.86981555 0.04782535
0.86448431 0.04948719
0.85906315 0.05115533
0.85355339 0.05282845
0.84795640 0.05450521
0.84227355 0.05618429
0.83650626 0.05786436
0.83065593 0.05954411
0.82472402 0.06122220
0.81871199 0.06289734
0.81262133 0.06456820
0.80645353 0.06623349
0.80021011 0.06789191
0.79389263 0.06954217
0.78750263 0.07118298
0.78104169 0.07281306
0.77451141 0.07443117
0.76791340 0.07603603
0.76124928 0.07762640
0.75452071 0.07920106
0.74772933 0.08075879
0.74087684 0.08229838
0.73396491 0.08381865
0.72699525 0.08531844
0.71996958 0.08679658
0.71288965 0.08825194
0.70575718 0.08968343
0.69857395 0.09108994
0.69134172 0.09247042
0.68406228 0.09382382
0.67673742 0.09514913
0.66936896 0.09644535
0.66195871 0.09771153
0.65450850 0.09894673
0.64702016 0.10015005
0.63949555 0.10132061
0.63193652 0.10245757
0.62434494 0.10356011
0.61672268 0.10462746
0.60907162 0.10565886
0.60139365 0.10665358
0.59369066 0.10761096
0.58596455 0.10853033
0.57821723 0.10941106
0.57045062 0.11025258
0.56266662 0.11105431
0.55486716 0.11181573
0.54705416 0.11253635
0.53922955 0.11321569
0.53139526 0.11385331
0.52355323 0.11444880
0.51570538 0.11500179
0.50785366 0.11551191
0.50000000 0.11597883
0.49214634 0.11640226
0.48429462 0.11678190
0.47644677 0.11711750
0.46860474 0.11740883
0.46077045 0.11765568
0.45294584 0.11785785
0.44513284 0.11801517
0.43733338 0.11812749
0.42954938 0.11819469
0.42178277 0.11821665
0.41403545 0.11819327
0.40630934 0.11812449
0.39860635 0.11801024
0.39092838 0.11785050
0.38327732 0.11764524
0.37565506 0.11739448
0.36806348 0.11709822
0.36050445 0.11675653
0.35297984 0.11636946
0.34549150 0.11593710
0.33804129 0.11545958
0.33063104 0.11493702
0.32326258 0.11436960
0.31593772 0.11375751
0.30865828 0.11310098
0.30142605 0.11240026
0.29424282 0.11165564
0.28711035 0.11086746
0.28003042 0.11003606
0.27300475 0.10916186
0.26603509 0.10824528
0.25912316 0.10728683
0.25227067 0.10628702
0.24547929 0.10524642
0.23875072 0.10416566
0.23208660 0.10304539
0.22548859 0.10188635
0.21895831 0.10068928
0.21249737 0.09945501
0.20610737 0.09818441
0.19978989 0.09687838
0.19354647 0.09553790
0.18737867 0.09416399
0.18128801 0.09275771
0.17527598 0.09132018
0.16934407 0.08985257
0.16349374 0.08835609
0.15772645 0.08683198
0.15204360 0.08528155
0.14644661 0.08370613
0.14093685 0.08210709
0.13551569 0.08048583
0.13018445 0.07884378
0.12494447 0.07718240
0.11979702 0.07550316
0.11474338 0.07380755
0.10978480 0.07209708
0.10492249 0.07037326
0.10015767 0.06863760
0.09549150 0.06689159
0.09092514 0.06513675
0.08645971 0.06337454
0.08209632 0.06160642
0.07783604 0.05983384
0.07367992 0.05805818
0.06962899 0.05628082
0.06568424 0.05450306
0.06184666 0.05272618
0.05811718 0.05095138
0.05449674 0.04917983
0.05098621 0.04741261
0.04758647 0.04565075
0.04429836 0.04389519
0.04112269 0.04214680
0.03806023 0.04040637
0.03511176 0.03867461
0.03227798 0.03695213
0.02955962 0.03523947
0.02695732 0.03353707
0.02447174 0.03184528
0.02210349 0.03016434
0.01985316 0.02849443
0.01772129 0.02683561
0.01570842 0.02518787
0.01381504 0.02355108
0.01204162 0.02192506
0.01038859 0.02030952
0.00885637 0.01870409
0.00744534 0.01710832
0.00615583 0.01552170
0.00498817 0.01394362
0.00394265 0.01237344
0.00301952 0.01081043
0.00221902 0.00925382
0.00154133 0.00770280
0.00098664 0.00615648
0.00055506 0.00461399
0.00024672 0.00307437
0.00006168 0.00153670
0.00000000 0.00000000
0.00006168 -0.00090403
0.00024672 -0.00180596
0.00055506 -0.00270371
0.00098664 -0.00359522
0.00154133 -0.00447843
0.00221902 -0.00535135
0.00301952 -0.00621202
0.00394265 -0.00705855
0.00498817 -0.00788909
0.00615583 -0.00870188
0.00744534 -0.00949523
0.00885637 -0.01026754
0.01038859 -0.01101729
0.01204162 -0.01174308
0.01381504 -0.01244358
0.01570842 -0.01311759
0.01772129 -0.01376402
0.01985316 -0.01438189
0.02210349 -0.01497033
0.02447174 -0.01552859
0.02695732 -0.01605605
0.02955962 -0.01655219
0.03227798 -0.01701663
0.03511176 -0.01744909
0.03806023 -0.01784941
0.04112269 -0.01821755
0.04429836 -0.01855357
0.04758647 -0.01885764
0.05098621 -0.01913003
0.05449674 -0.01937112
0.05811718 -0.01958136
0.06184666 -0.01976130
0.06568424 -0.01991157
0.06962899 -0.02003287
0.07367992 -0.02012595
0.07783604 -0.02019165
0.08209632 -0.02023084
0.08645971 -0.02024444
0.09092514 -0.02023341
0.09549150 -0.02019873
0.10015767 -0.02014142
0.10492249 -0.02006249
0.10978480 -0.01996297
0.11474338 -0.01984389
0.11979702 -0.01970629
0.12494447 -0.01955115
0.13018445 -0.01937948
0.13551569 -0.01919223
0.14093685 -0.01899034
0.14644661 -0.01877471
0.15204360 -0.01854618
0.15772645 -0.01830556
0.16349374 -0.01805363
0.16934407 -0.01779108
0.17527598 -0.01751857
0.18128801 -0.01723670
0.18737867 -0.01694600
0.19354647 -0.01664696
0.19978989 -0.01634000
0.20610737 -0.01602548
0.21249737 -0.01570371
0.21895831 -0.01537493
0.22548859 -0.01503933
0.23208660 -0.01469704
0.23875072 -0.01434817
0.24547929 -0.01399273
0.25227067 -0.01363072
0.25912316 -0.01326211
0.26603509 -0.01288679
0.27300475 -0.01250466
0.28003042 -0.01211556
0.28711035 -0.01171933
0.29424282 -0.01131578
0.30142605 -0.01090470
0.30865828 -0.01048588
0.31593772 -0.01005911
0.32326258 -0.00962416
0.33063104 -0.00918084
0.33804129 -0.00872894
0.34549150 -0.00826827
0.35297984 -0.00779869
0.36050445 -0.00732004
0.36806348 -0.00683222
0.37565506 -0.00633515
0.38327732 -0.00582880
0.39092838 -0.00531315
0.39860635 -0.00478826
0.40630934 -0.00425421
0.41403545 -0.00371114
0.42178277 -0.00315922
0.42954938 -0.00259871
0.43733338 -0.00202987
0.44513284 -0.00145307
0.45294584 -0.00086869
0.46077045 -0.00027719
0.46860474 0.00032094
0.47644677 0.00092513
0.48429462 0.00153477
0.49214634 0.00214921
0.50000000 0.00276773
0.50785366 0.00338957
0.51570538 0.00401394
0.52355323 0.00463998
0.53139526 0.00526682
0.53922955 0.00589352
0.54705416 0.00651913
0.55486716 0.00714267
0.56266662 0.00776312
0.57045062 0.00837945
0.57821723 0.00899059
0.58596455 0.00959548
0.59369066 0.01019303
0.60139365 0.01078216
0.60907162 0.01136176
0.61672268 0.01193074
0.62434494 0.01248801
0.63193652 0.01303250
0.63949555 0.01356312
0.64702016 0.01407884
0.65450850 0.01457862
0.66195871 0.01506145
0.66936896 0.01552634
0.67673742 0.01597235
0.68406228 0.01639857
0.69134172 0.01680411
0.69857395 0.01718814
0.70575718 0.01754985
0.71288965 0.01788852
0.71996958 0.01820342
0.72699525 0.01849392
0.73396491 0.01875941
0.74087684 0.01899937
0.74772933 0.01921329
0.75452071 0.01940077
0.76124928 0.01956144
0.76791340 0.01969498
0.77451141 0.01980117
0.78104169 0.01987983
0.78750263 0.01993084
0.79389263 0.01995415
0.80021011 0.01994980
0.80645353 0.01991786
0.81262133 0.01985848
0.81871199 0.01977189
0.82472402 0.01965836
0.83065593 0.01951824
0.83650626 0.01935195
0.84227355 0.01915996
0.84795640 0.01894282
0.85355339 0.01870114
0.85906315 0.01843557
0.86448431 0.01814685
0.86981555 0.01783575
0.87505553 0.01750313
0.88020298 0.01714988
0.88525662 0.01677695
0.89021520 0.01638535
0.89507751 0.01597612
0.89984233 0.01555038
0.90450850 0.01510926
0.90907486 0.01465395
0.91354029 0.01418569
0.91790368 0.01370572
0.92216396 0.01321537
0.92632008 0.01271594
0.93037101 0.01220880
0.93431576 0.01169533
0.93815334 0.01117693
0.94188282 0.01065502
0.94550326 0.01013103
0.94901379 0.00960639
0.95241353 0.00908256
0.95570164 0.00856099
0.95887731 0.00804312
0.96193977 0.00753039
0.96488824 0.00702423
0.96772202 0.00652607
0.97044038 0.00603729
0.97304268 0.00555927
0.97552826 0.00509336
0.97789651 0.00464088
0.98014684 0.00420311
0.98227871 0.00378130
0.98429158 0.00337665
0.98618496 0.00299031
0.98795838 0.00262340
0.98961141 0.00227696
0.99114363 0.00195200
0.99255466 0.00164944
0.99384417 0.00137017
0.99501183 0.00111499
0.99605735 0.00088463
0.99698048 0.00067977
0.99778098 0.00050101
0.99845867 0.00034886
0.99901336 0.00022376
0.99944494 0.00012608
0.99975328 0.00005610
0.99993832 0.00001404
1.00000000 0.00000000
