sample_264
1.00000000 0.00000000
0.99993832 0.00002638
0.99975328 0.00010549
0.99944494 0.00023723
0.99901336 0.00042143
0.99845867 0.00065787
0.99778098 0.00094627
0.99698048 0.00128626
0.99605735 0.00167745
0.99501183 0.00211934
0.99384417 0.00261143
0.99255466 0.00315311
0.99114363 0.00374375
0.98961141 0.00438266
0.98795838 0.00506910
0.98618496 0.00580229
0.98429158 0.00658138
0.98227871 0.00740551
0.98014684 0.00827377
0.97789651 0.00918520
0.97552826 0.01013884
0.97304268 0.01113368
0.97044038 0.01216867
0.96772202 0.01324277
0.96488824 0.01435488
0.96193977 0.01550392
0.95887731 0.01668878
0.95570164 0.01790834
0.95241353 0.01916146
0.94901379 0.02044701
0.94550326 0.02176385
0.94188282 0.02311083
0.93815334 0.02448683
0.93431576 0.02589071
0.93037101 0.02732133
0.92632008 0.02877758
0.92216396 0.03025834
0.91790368 0.03176252
0.91354029 0.03328902
0.90907486 0.03483677
0.90450850 0.03640471
0.89984233 0.03799178
0.89507751 0.03959697
0.89021520 0.04121924
0.88525662 0.04285761
0.88020298 0.04451109
0.87505553 0.04617870
0.86981555 0.04785949
0.86448431 0.04955252
0.85906315 0.05125686
0.85355339 0.05297160
0.84795640 0.05469583
0.84227355 0.05642864
0.83650626 0.05816917
0.83065593 0.05991651
0.82472402 0.06166980
0.81871199 0.06342816
0.81262133 0.06519072
0.80645353 0.06695660
0.80021011 0.06872493
0.79389263 0.07049484
0.78750263 0.07226543
0.78104169 0.07403581
0.77451141 0.07580508
0.76791340 0.07757232
0.76124928 0.07933660
0.75452071 0.08109700
0.74772933 0.08285253
0.74087684 0.08460224
0.73396491 0.08634512
0.72699525 0.08808016
0.71996958 0.08980634
0.71288965 0.09152258
0.70575718 0.09322782
0.69857395 0.09492096
0.69134172 0.09660088
0.68406228 0.09826643
0.67673742 0.09991646
0.66936896 0.10154977
0.66195871 0.10316516
0.65450850 0.10476141
0.64702016 0.10633727
0.63949555 0.10789149
0.63193652 0.10942279
0.62434494 0.11092988
0.61672268 0.11241146
0.60907162 0.11386623
0.60139365 0.11529287
0.59369066 0.11669005
0.58596455 0.11805646
0.57821723 0.11939077
0.57045062 0.12069168
0.56266662 0.12195785
0.55486716 0.12318801
0.54705416 0.12438085
0.53922955 0.12553510
0.53139526 0.12664952
0.52355323 0.12772288
0.51570538 0.12875396
0.50785366 0.12974161
0.50000000 0.13068466
0.49214634 0.13158202
0.48429462 0.13243262
0.47644677 0.13323543
0.46860474 0.13398946
0.46077045 0.13469378
0.45294584 0.13534751
0.44513284 0.13594981
0.43733338 0.13649989
0.42954938 0.13699703
0.42178277 0.13744056
0.41403545 0.13782987
0.40630934 0.13816442
0.39860635 0.13844372
0.39092838 0.13866735
0.38327732 0.13883494
0.37565506 0.13894621
0.36806348 0.13900091
0.36050445 0.13899889
0.35297984 0.13894004
0.34549150 0.13882431
0.33804129 0.13865174
0.33063104 0.13842241
0.32326258 0.13813645
0.31593772 0.13779408
0.30865828 0.13739556
0.30142605 0.13694121
0.29424282 0.13643139
0.28711035 0.13586653
0.28003042 0.13524710
0.27300475 0.13457363
0.26603509 0.13384668
0.25912316 0.13306684
0.25227067 0.13223478
0.24547929 0.13135117
0.23875072 0.13041673
0.23208660 0.12943220
0.22548859 0.12839836
0.21895831 0.12731601
0.21249737 0.12618598
0.20610737 0.12500910
0.19978989 0.12378623
0.19354647 0.12251824
0.18737867 0.12120602
0.18128801 0.11985047
0.17527598 0.11845247
0.16934407 0.11701294
0.16349374 0.11553277
0.15772645 0.11401288
0.15204360 0.11245417
0.14644661 0.11085753
0.14093685 0.10922385
0.13551569 0.10755404
0.13018445 0.10584895
0.12494447 0.10410947
0.11979702 0.10233645
0.11474338 0.10053074
0.10978480 0.09869318
0.10492249 0.09682460
0.10015767 0.09492579
0.09549150 0.09299758
0.09092514 0.09104073
0.08645971 0.08905604
0.08209632 0.08704426
0.07783604 0.08500614
0.07367992 0.08294243
0.06962899 0.08085386
0.06568424 0.07874115
0.06184666 0.07660501
0.05811718 0.07444615
0.05449674 0.07226526
0.05098621 0.07006303
0.04758647 0.06784016
0.04429836 0.06559731
0.04112269 0.06333517
0.03806023 0.06105442
0.03511176 0.05875572
0.03227798 0.05643975
0.02955962 0.05410719
0.02695732 0.05175871
0.02447174 0.04939499
0.02210349 0.04701670
0.01985316 0.04462454
0.01772129 0.04221918
0.01570842 0.03980132
0.01381504 0.03737166
0.01204162 0.03493090
0.01038859 0.03247974
0.00885637 0.03001889
0.00744534 0.02754909
0.00615583 0.02507104
0.00498817 0.02258547
0.00394265 0.02009314
0.00301952 0.01759476
0.00221902 0.01509109
0.00154133 0.01258287
0.00098664 0.01007086
0.00055506 0.00755581
0.00024672 0.00503847
0.00006168 0.00251962
0.00000000 0.00000000
0.00006168 -0.00028556
0.00024672 -0.00057070
0.00055506 -0.00085499
0.00098664 -0.00113801
0.00154133 -0.00141934
0.00221902 -0.00169859
0.00301952 -0.00197535
0.00394265 -0.00224922
0.00498817 -0.00251984
0.00615583 -0.00278683
0.00744534 -0.00304985
0.00885637 -0.00330854
0.01038859 -0.00356259
0.01204162 -0.00381170
0.01381504 -0.00405555
0.01570842 -0.00429389
0.01772129 -0.00452645
0.01985316 -0.00475297
0.02210349 -0.00497324
0.02447174 -0.00518703
0.02695732 -0.00539414
0.02955962 -0.00559438
0.03227798 -0.00578758
0.03511176 -0.00597356
0.03806023 -0.00615217
0.04112269 -0.00632325
0.04429836 -0.00648666
0.04758647 -0.00664225
0.05098621 -0.00678989
0.05449674 -0.00692943
0.05811718 -0.00706074
0.06184666 -0.00718367
0.06568424 -0.00729806
0.06962899 -0.00740378
0.07367992 -0.00750064
0.07783604 -0.00758848
0.08209632 -0.00766711
0.08645971 -0.00773634
0.09092514 -0.00779596
0.09549150 -0.00784574
0.10015767 -0.00788545
0.10492249 -0.00791483
0.10978480 -0.00793361
0.11474338 -0.00794152
0.11979702 -0.00793825
0.12494447 -0.00792349
0.13018445 -0.00789691
0.13551569 -0.00785819
0.14093685 -0.00780697
0.14644661 -0.00774289
0.15204360 -0.00766559
0.15772645 -0.00757470
0.16349374 -0.00746986
0.16934407 -0.00735068
0.17527598 -0.00721680
0.18128801 -0.00706787
0.18737867 -0.00690351
0.19354647 -0.00672340
0.19978989 -0.00652720
0.20610737 -0.00631461
0.21249737 -0.00608534
0.21895831 -0.00583913
0.22548859 -0.00557576
0.23208660 -0.00529502
0.23875072 -0.00499675
0.24547929 -0.00468084
0.25227067 -0.00434719
0.25912316 -0.00399579
0.26603509 -0.00362663
0.27300475 -0.00323979
0.28003042 -0.00283537
0.28711035 -0.00241357
0.29424282 -0.00197459
0.30142605 -0.00151874
0.30865828 -0.00104636
0.31593772 -0.00055785
0.32326258 -0.00005368
0.33063104 0.00046561
0.33804129 0.00099944
0.34549150 0.00154715
0.35297984 0.00210804
0.36050445 0.00268134
0.36806348 0.00326623
0.37565506 0.00386183
0.38327732 0.00446721
0.39092838 0.00508139
0.39860635 0.00570335
0.40630934 0.00633202
0.41403545 0.00696630
0.42178277 0.00760505
0.42954938 0.00824709
0.43733338 0.00889123
0.44513284 0.00953624
0.45294584 0.01018088
0.46077045 0.01082391
0.46860474 0.01146405
0.47644677 0.01210005
0.48429462 0.01273063
0.49214634 0.01335454
0.50000000 0.01397053
0.50785366 0.01457737
0.51570538 0.01517384
0.52355323 0.01575875
0.53139526 0.01633093
0.53922955 0.01688926
0.54705416 0.01743264
0.55486716 0.01796002
0.56266662 0.01847038
0.57045062 0.01896276
0.57821723 0.01943624
0.58596455 0.01988995
0.59369066 0.02032308
0.60139365 0.02073488
0.60907162 0.02112465
0.61672268 0.02149174
0.62434494 0.02183557
0.63193652 0.02215563
0.63949555 0.02245144
0.64702016 0.02272262
0.65450850 0.02296882
0.66195871 0.02318976
0.66936896 0.02338522
0.67673742 0.02355505
0.68406228 0.02369913
0.69134172 0.02381743
0.69857395 0.02390995
0.70575718 0.02397675
0.71288965 0.02401794
0.71996958 0.02403368
0.72699525 0.02402419
0.73396491 0.02398972
0.74087684 0.02393057
0.74772933 0.02384707
0.75452071 0.02373961
0.76124928 0.02360860
0.76791340 0.02345449
0.77451141 0.02327777
0.78104169 0.02307895
0.78750263 0.02285857
0.79389263 0.02261722
0.80021011 0.02235547
0.80645353 0.02207396
0.81262133 0.02177333
0.81871199 0.02145424
0.82472402 0.02111738
0.83065593 0.02076345
0.83650626 0.02039317
0.84227355 0.02000729
0.84795640 0.01960655
0.85355339 0.01919172
0.85906315 0.01876360
0.86448431 0.01832297
0.86981555 0.01787065
0.87505553 0.01740747
0.88020298 0.01693427
0.88525662 0.01645189
0.89021520 0.01596120
0.89507751 0.01546307
0.89984233 0.01495840
0.90450850 0.01444808
0.90907486 0.01393302
0.91354029 0.01341414
0.91790368 0.01289237
0.92216396 0.01236865
0.92632008 0.01184393
0.93037101 0.01131916
0.93431576 0.01079531
0.93815334 0.01027334
0.94188282 0.00975423
0.94550326 0.00923895
0.94901379 0.00872848
0.95241353 0.00822381
0.95570164 0.00772590
0.95887731 0.00723574
0.96193977 0.00675429
0.96488824 0.00628251
0.96772202 0.00582137
0.97044038 0.00537179
0.97304268 0.00493470
0.97552826 0.00451102
0.97789651 0.00410164
0.98014684 0.00370743
0.98227871 0.00332922
0.98429158 0.00296785
0.98618496 0.00262410
0.98795838 0.00229873
0.98961141 0.00199246
0.99114363 0.00170597
0.99255466 0.00143991
0.99384417 0.00119488
0.99501183 0.00097144
0.99605735 0.00077011
0.99698048 0.00059135
0.99778098 0.00043557
0.99845867 0.00030313
0.99901336 0.00019435
0.99944494 0.00010947
0.99975328 0.00004870
0.99993832 0.00001218
1.00000000 0.00000000
