sample_026
1.00000000 0.00000000
0.99993832 0.00002494
0.99975328 0.00009970
0.99944494 0.00022420
0.99901336 0.00039825
0.99845867 0.00062162
0.99778098 0.00089401
0.99698048 0.00121504
0.99605735 0.00158427
0.99501183 0.00200121
0.99384417 0.00246530
0.99255466 0.00297592
0.99114363 0.00353240
0.98961141 0.00413400
0.98795838 0.00477996
0.98618496 0.00546944
0.98429158 0.00620157
0.98227871 0.00697544
0.98014684 0.00779009
0.97789651 0.00864454
0.97552826 0.00953775
0.97304268 0.01046869
0.97044038 0.01143627
0.96772202 0.01243940
0.96488824 0.01347697
0.96193977 0.01454783
0.95887731 0.01565085
0.95570164 0.01678489
0.95241353 0.01794878
0.94901379 0.01914137
0.94550326 0.02036151
0.94188282 0.02160805
0.93815334 0.02287985
0.93431576 0.02417579
0.93037101 0.02549473
0.92632008 0.02683559
0.92216396 0.02819728
0.91790368 0.02957874
0.91354029 0.03097892
0.90907486 0.03239681
0.90450850 0.03383142
0.89984233 0.03528177
0.89507751 0.03674693
0.89021520 0.03822598
0.88525662 0.03971803
0.88020298 0.04122222
0.87505553 0.04273772
0.86981555 0.04426373
0.86448431 0.04579946
0.85906315 0.04734416
0.85355339 0.04889711
0.84795640 0.05045760
0.84227355 0.05202494
0.83650626 0.05359847
0.83065593 0.05517756
0.82472402 0.05676155
0.81871199 0.05834986
0.81262133 0.05994186
0.80645353 0.06153698
0.80021011 0.06313462
0.79389263 0.06473420
0.78750263 0.06633515
0.78104169 0.06793688
0.77451141 0.06953881
0.76791340 0.07114036
0.76124928 0.07274093
0.75452071 0.07433989
0.74772933 0.07593664
0.74087684 0.07753053
0.73396491 0.07912091
0.72699525 0.08070708
0.71996958 0.08228834
0.71288965 0.08386396
0.70575718 0.08543319
0.69857395 0.08699523
0.69134172 0.08854926
0.68406228 0.09009443
0.67673742 0.09162985
0.66936896 0.09315460
0.66195871 0.09466772
0.65450850 0.09616821
0.64702016 0.09765505
0.63949555 0.09912716
0.63193652 0.10058345
0.62434494 0.10202277
0.61672268 0.10344395
0.60907162 0.10484577
0.60139365 0.10622701
0.59369066 0.10758638
0.58596455 0.10892259
0.57821723 0.11023431
0.57045062 0.11152018
0.56266662 0.11277883
0.55486716 0.11400887
0.54705416 0.11520887
0.53922955 0.11637742
0.53139526 0.11751308
0.52355323 0.11861441
0.51570538 0.11967996
0.50785366 0.12070829
0.50000000 0.12169796
0.49214634 0.12264754
0.48429462 0.12355560
0.47644677 0.12442076
0.46860474 0.12524164
0.46077045 0.12601687
0.45294584 0.12674513
0.44513284 0.12742514
0.43733338 0.12805565
0.42954938 0.12863544
0.42178277 0.12916336
0.41403545 0.12963829
0.40630934 0.13005918
0.39860635 0.13042502
0.39092838 0.13073488
0.38327732 0.13098789
0.37565506 0.13118325
0.36806348 0.13132022
0.36050445 0.13139814
0.35297984 0.13141643
0.34549150 0.13137460
0.33804129 0.13127222
0.33063104 0.13110894
0.32326258 0.13088453
0.31593772 0.13059880
0.30865828 0.13025168
0.30142605 0.12984317
0.29424282 0.12937337
0.28711035 0.12884246
0.28003042 0.12825071
0.27300475 0.12759847
0.26603509 0.12688619
0.25912316 0.12611438
0.25227067 0.12528367
0.24547929 0.12439475
0.23875072 0.12344838
0.23208660 0.12244541
0.22548859 0.12138678
0.21895831 0.12027347
0.21249737 0.11910656
0.20610737 0.11788717
0.19978989 0.11661650
0.19354647 0.11529580
0.18737867 0.11392639
0.18128801 0.11250961
0.17527598 0.11104688
0.16934407 0.10953964
0.16349374 0.10798938
0.15772645 0.10639761
0.15204360 0.10476590
0.14644661 0.10309581
0.14093685 0.10138892
0.13551569 0.09964686
0.13018445 0.09787124
0.12494447 0.09606368
0.11979702 0.09422580
0.11474338 0.09235923
0.10978480 0.09046557
0.10492249 0.08854642
0.10015767 0.08660337
0.09549150 0.08463798
0.09092514 0.08265177
0.08645971 0.08064626
0.08209632 0.07862291
0.07783604 0.07658317
0.07367992 0.07452842
0.06962899 0.07246001
0.06568424 0.07037926
0.06184666 0.06828741
0.05811718 0.06618567
0.05449674 0.06407519
0.05098621 0.06195707
0.04758647 0.05983233
0.04429836 0.05770197
0.04112269 0.05556689
0.03806023 0.05342795
0.03511176 0.05128595
0.03227798 0.04914162
0.02955962 0.04699562
0.02695732 0.04484857
0.02447174 0.04270102
0.02210349 0.04055344
0.01985316 0.03840626
0.01772129 0.03625985
0.01570842 0.03411451
0.01381504 0.03197050
0.01204162 0.02982802
0.01038859 0.02768722
0.00885637 0.02554819
0.00744534 0.02341099
0.00615583 0.02127563
0.00498817 0.01914207
0.00394265 0.01701024
0.00301952 0.01488004
0.00221902 0.01275134
0.00154133 0.01062397
0.00098664 0.00849775
0.00055506 0.00637246
0.00024672 0.00424790
0.00006168 0.00212383
0.00000000 0.00000000
0.00006168 -0.00026459
0.00024672 -0.00052853
0.00055506 -0.00079118
0.00098664 -0.00105190
0.00154133 -0.00131006
0.00221902 -0.00156502
0.00301952 -0.00181619
0.00394265 -0.00206295
0.00498817 -0.00230473
0.00615583 -0.00254096
0.00744534 -0.00277108
0.00885637 -0.00299458
0.01038859 -0.00321094
0.01204162 -0.00341970
0.01381504 -0.00362038
0.01570842 -0.00381257
0.01772129 -0.00399587
0.01985316 -0.00416990
0.02210349 -0.00433433
0.02447174 -0.00448884
0.02695732 -0.00463316
0.02955962 -0.00476704
0.03227798 -0.00489026
0.03511176 -0.00500265
0.03806023 -0.00510404
0.04112269 -0.00519432
0.04429836 -0.00527340
0.04758647 -0.00534122
0.05098621 -0.00539776
0.05449674 -0.00544301
0.05811718 -0.00547700
0.06184666 -0.00549979
0.06568424 -0.00551146
0.06962899 -0.00551211
0.07367992 -0.00550186
0.07783604 -0.00548086
0.08209632 -0.00544928
0.08645971 -0.00540730
0.09092514 -0.00535511
0.09549150 -0.00529292
0.10015767 -0.00522095
0.10492249 -0.00513943
0.10978480 -0.00504859
0.11474338 -0.00494867
0.11979702 -0.00483991
0.12494447 -0.00472255
0.13018445 -0.00459682
0.13551569 -0.00446296
0.14093685 -0.00432119
0.14644661 -0.00417173
0.15204360 -0.00401478
0.15772645 -0.00385053
0.16349374 -0.00367918
0.16934407 -0.00350087
0.17527598 -0.00331577
0.18128801 -0.00312400
0.18737867 -0.00292566
0.19354647 -0.00272086
0.19978989 -0.00250967
0.20610737 -0.00229212
0.21249737 -0.00206826
0.21895831 -0.00183809
0.22548859 -0.00160159
0.23208660 -0.00135874
0.23875072 -0.00110947
0.24547929 -0.00085372
0.25227067 -0.00059139
0.25912316 -0.00032238
0.26603509 -0.00004656
0.27300475 0.00023622
0.28003042 0.00052609
0.28711035 0.00082322
0.29424282 0.00112778
0.30142605 0.00143994
0.30865828 0.00175988
0.31593772 0.00208777
0.32326258 0.00242380
0.33063104 0.00276813
0.33804129 0.00312092
0.34549150 0.00348232
0.35297984 0.00385248
0.36050445 0.00423150
0.36806348 0.00461949
0.37565506 0.00501653
0.38327732 0.00542266
0.39092838 0.00583790
0.39860635 0.00626225
0.40630934 0.00669565
0.41403545 0.00713802
0.42178277 0.00758924
0.42954938 0.00804914
0.43733338 0.00851752
0.44513284 0.00899411
0.45294584 0.00947860
0.46077045 0.00997066
0.46860474 0.01046987
0.47644677 0.01097577
0.48429462 0.01148787
0.49214634 0.01200559
0.50000000 0.01252833
0.50785366 0.01305543
0.51570538 0.01358617
0.52355323 0.01411977
0.53139526 0.01465544
0.53922955 0.01519230
0.54705416 0.01572944
0.55486716 0.01626591
0.56266662 0.01680073
0.57045062 0.01733285
0.57821723 0.01786120
0.58596455 0.01838470
0.59369066 0.01890220
0.60139365 0.01941257
0.60907162 0.01991461
0.61672268 0.02040715
0.62434494 0.02088897
0.63193652 0.02135888
0.63949555 0.02181565
0.64702016 0.02225808
0.65450850 0.02268496
0.66195871 0.02309511
0.66936896 0.02348734
0.67673742 0.02386051
0.68406228 0.02421348
0.69134172 0.02454518
0.69857395 0.02485453
0.70575718 0.02514053
0.71288965 0.02540220
0.71996958 0.02563864
0.72699525 0.02584897
0.73396491 0.02603240
0.74087684 0.02618819
0.74772933 0.02631566
0.75452071 0.02641422
0.76124928 0.02648334
0.76791340 0.02652257
0.77451141 0.02653154
0.78104169 0.02650997
0.78750263 0.02645764
0.79389263 0.02637444
0.80021011 0.02626034
0.80645353 0.02611540
0.81262133 0.02593976
0.81871199 0.02573366
0.82472402 0.02549741
0.83065593 0.02523144
0.83650626 0.02493624
0.84227355 0.02461239
0.84795640 0.02426057
0.85355339 0.02388153
0.85906315 0.02347610
0.86448431 0.02304521
0.86981555 0.02258984
0.87505553 0.02211106
0.88020298 0.02160999
0.88525662 0.02108785
0.89021520 0.02054590
0.89507751 0.01998546
0.89984233 0.01940790
0.90450850 0.01881467
0.90907486 0.01820724
0.91354029 0.01758712
0.91790368 0.01695588
0.92216396 0.01631510
0.92632008 0.01566640
0.93037101 0.01501143
0.93431576 0.01435184
0.93815334 0.01368931
0.94188282 0.01302552
0.94550326 0.01236217
0.94901379 0.01170092
0.95241353 0.01104348
0.95570164 0.01039151
0.95887731 0.00974666
0.96193977 0.00911058
0.96488824 0.00848487
0.96772202 0.00787113
0.97044038 0.00727090
0.97304268 0.00668572
0.97552826 0.00611705
0.97789651 0.00556633
0.98014684 0.00503494
0.98227871 0.00452424
0.98429158 0.00403549
0.98618496 0.00356993
0.98795838 0.00312873
0.98961141 0.00271298
0.99114363 0.00232373
0.99255466 0.00196195
0.99384417 0.00162853
0.99501183 0.00132433
0.99605735 0.00105008
0.99698048 0.00080647
0.99778098 0.00059410
0.99845867 0.00041351
0.99901336 0.00026514
0.99944494 0.00014936
0.99975328 0.00006645
0.99993832 0.00001662
1.00000000 0.00000000
