sample_551
1.00000000 0.00000000
0.99993832 0.00002421
0.99975328 0.00009681
0.99944494 0.00021771
0.99901336 0.00038678
0.99845867 0.00060382
0.99778098 0.00086858
0.99698048 0.00118075
0.99605735 0.00153997
0.99501183 0.00194584
0.99384417 0.00239789
0.99255466 0.00289560
0.99114363 0.00343841
0.98961141 0.00402572
0.98795838 0.00465686
0.98618496 0.00533113
0.98429158 0.00604779
0.98227871 0.00680604
0.98014684 0.00760507
0.97789651 0.00844401
0.97552826 0.00932196
0.97304268 0.01023798
0.97044038 0.01119111
0.96772202 0.01218037
0.96488824 0.01320471
0.96193977 0.01426310
0.95887731 0.01535447
0.95570164 0.01647772
0.95241353 0.01763174
0.94901379 0.01881540
0.94550326 0.02002756
0.94188282 0.02126705
0.93815334 0.02253272
0.93431576 0.02382337
0.93037101 0.02513783
0.92632008 0.02647490
0.92216396 0.02783339
0.91790368 0.02921208
0.91354029 0.03060979
0.90907486 0.03202532
0.90450850 0.03345745
0.89984233 0.03490501
0.89507751 0.03636679
0.89021520 0.03784160
0.88525662 0.03932828
0.88020298 0.04082564
0.87505553 0.04233252
0.86981555 0.04384777
0.86448431 0.04537023
0.85906315 0.04689877
0.85355339 0.04843228
0.84795640 0.04996962
0.84227355 0.05150970
0.83650626 0.05305144
0.83065593 0.05459374
0.82472402 0.05613556
0.81871199 0.05767583
0.81262133 0.05921351
0.80645353 0.06074758
0.80021011 0.06227702
0.79389263 0.06380084
0.78750263 0.06531804
0.78104169 0.06682764
0.77451141 0.06832868
0.76791340 0.06982022
0.76124928 0.07130130
0.75452071 0.07277100
0.74772933 0.07422840
0.74087684 0.07567260
0.73396491 0.07710269
0.72699525 0.07851779
0.71996958 0.07991703
0.71288965 0.08129953
0.70575718 0.08266444
0.69857395 0.08401091
0.69134172 0.08533810
0.68406228 0.08664518
0.67673742 0.08793132
0.66936896 0.08919570
0.66195871 0.09043751
0.65450850 0.09165595
0.64702016 0.09285023
0.63949555 0.09401955
0.63193652 0.09516312
0.62434494 0.09628018
0.61672268 0.09736994
0.60907162 0.09843164
0.60139365 0.09946452
0.59369066 0.10046783
0.58596455 0.10144081
0.57821723 0.10238273
0.57045062 0.10329284
0.56266662 0.10417041
0.55486716 0.10501473
0.54705416 0.10582508
0.53922955 0.10660074
0.53139526 0.10734102
0.52355323 0.10804522
0.51570538 0.10871267
0.50785366 0.10934268
0.50000000 0.10993461
0.49214634 0.11048779
0.48429462 0.11100159
0.47644677 0.11147539
0.46860474 0.11190858
0.46077045 0.11230057
0.45294584 0.11265079
0.44513284 0.11295868
0.43733338 0.11322371
0.42954938 0.11344536
0.42178277 0.11362316
0.41403545 0.11375663
0.40630934 0.11384533
0.39860635 0.11388887
0.39092838 0.11388687
0.38327732 0.11383898
0.37565506 0.11374490
0.36806348 0.11360435
0.36050445 0.11341709
0.35297984 0.11318294
0.34549150 0.11290173
0.33804129 0.11257336
0.33063104 0.11219777
0.32326258 0.11177493
0.31593772 0.11130489
0.30865828 0.11078772
0.30142605 0.11022355
0.29424282 0.10961258
0.28711035 0.10895505
0.28003042 0.10825124
0.27300475 0.10750153
0.26603509 0.10670631
0.25912316 0.10586606
0.25227067 0.10498130
0.24547929 0.10405263
0.23875072 0.10308067
0.23208660 0.10206615
0.22548859 0.10100982
0.21895831 0.09991249
0.21249737 0.09877505
0.20610737 0.09759842
0.19978989 0.09638359
0.19354647 0.09513159
0.18737867 0.09384351
0.18128801 0.09252049
0.17527598 0.09116371
0.16934407 0.08977439
0.16349374 0.08835380
0.15772645 0.08690324
0.15204360 0.08542405
0.14644661 0.08391759
0.14093685 0.08238526
0.13551569 0.08082848
0.13018445 0.07924867
0.12494447 0.07764730
0.11979702 0.07602582
0.11474338 0.07438570
0.10978480 0.07272840
0.10492249 0.07105540
0.10015767 0.06936814
0.09549150 0.06766806
0.09092514 0.06595660
0.08645971 0.06423514
0.08209632 0.06250508
0.07783604 0.06076775
0.07367992 0.05902445
0.06962899 0.05727646
0.06568424 0.05552500
0.06184666 0.05377122
0.05811718 0.05201627
0.05449674 0.05026119
0.05098621 0.04850699
0.04758647 0.04675462
0.04429836 0.04500493
0.04112269 0.04325875
0.03806023 0.04151679
0.03511176 0.03977973
0.03227798 0.03804816
0.02955962 0.03632257
0.02695732 0.03460342
0.02447174 0.03289106
0.02210349 0.03118578
0.01985316 0.02948778
0.01772129 0.02779719
0.01570842 0.02611408
0.01381504 0.02443843
0.01204162 0.02277016
0.01038859 0.02110911
0.00885637 0.01945506
0.00744534 0.01780775
0.00615583 0.01616681
0.00498817 0.01453187
0.00394265 0.01290247
0.00301952 0.01127812
0.00221902 0.00965829
0.00154133 0.00804239
0.00098664 0.00642984
0.00055506 0.00481999
0.00024672 0.00321218
0.00006168 0.00160574
0.00000000 0.00000000
0.00006168 -0.00104206
0.00024672 -0.00208236
0.00055506 -0.00311913
0.00098664 -0.00415061
0.00154133 -0.00517508
0.00221902 -0.00619081
0.00301952 -0.00719612
0.00394265 -0.00818935
0.00498817 -0.00916888
0.00615583 -0.01013313
0.00744534 -0.01108055
0.00885637 -0.01200967
0.01038859 -0.01291903
0.01204162 -0.01380728
0.01381504 -0.01467308
0.01570842 -0.01551518
0.01772129 -0.01633240
0.01985316 -0.01712360
0.02210349 -0.01788775
0.02447174 -0.01862386
0.02695732 -0.01933104
0.02955962 -0.02000845
0.03227798 -0.02065534
0.03511176 -0.02127104
0.03806023 -0.02185496
0.04112269 -0.02240658
0.04429836 -0.02292544
0.04758647 -0.02341120
0.05098621 -0.02386355
0.05449674 -0.02428229
0.05811718 -0.02466725
0.06184666 -0.02501838
0.06568424 -0.02533566
0.06962899 -0.02561914
0.07367992 -0.02586896
0.07783604 -0.02608528
0.08209632 -0.02626835
0.08645971 -0.02641846
0.09092514 -0.02653595
0.09549150 -0.02662120
0.10015767 -0.02667465
0.10492249 -0.02669676
0.10978480 -0.02668804
0.11474338 -0.02664903
0.11979702 -0.02658029
0.12494447 -0.02648242
0.13018445 -0.02635602
0.13551569 -0.02620173
0.14093685 -0.02602019
0.14644661 -0.02581204
0.15204360 -0.02557796
0.15772645 -0.02531860
0.16349374 -0.02503464
0.16934407 -0.02472673
0.17527598 -0.02439554
0.18128801 -0.02404173
0.18737867 -0.02366594
0.19354647 -0.02326880
0.19978989 -0.02285095
0.20610737 -0.02241300
0.21249737 -0.02195554
0.21895831 -0.02147917
0.22548859 -0.02098444
0.23208660 -0.02047193
0.23875072 -0.01994216
0.24547929 -0.01939566
0.25227067 -0.01883294
0.25912316 -0.01825451
0.26603509 -0.01766083
0.27300475 -0.01705240
0.28003042 -0.01642967
0.28711035 -0.01579310
0.29424282 -0.01514313
0.30142605 -0.01448021
0.30865828 -0.01380479
0.31593772 -0.01311731
0.32326258 -0.01241821
0.33063104 -0.01170794
0.33804129 -0.01098696
0.34549150 -0.01025573
0.35297984 -0.00951473
0.36050445 -0.00876445
0.36806348 -0.00800540
0.37565506 -0.00723810
0.38327732 -0.00646311
0.39092838 -0.00568098
0.39860635 -0.00489232
0.40630934 -0.00409774
0.41403545 -0.00329790
0.42178277 -0.00249347
0.42954938 -0.00168516
0.43733338 -0.00087371
0.44513284 -0.00005989
0.45294584 0.00075549
0.46077045 0.00157160
0.46860474 0.00238758
0.47644677 0.00320251
0.48429462 0.00401547
0.49214634 0.00482550
0.50000000 0.00563161
0.50785366 0.00643278
0.51570538 0.00722797
0.52355323 0.00801611
0.53139526 0.00879611
0.53922955 0.00956688
0.54705416 0.01032729
0.55486716 0.01107621
0.56266662 0.01181250
0.57045062 0.01253502
0.57821723 0.01324261
0.58596455 0.01393414
0.59369066 0.01460848
0.60139365 0.01526448
0.60907162 0.01590105
0.61672268 0.01651708
0.62434494 0.01711151
0.63193652 0.01768330
0.63949555 0.01823145
0.64702016 0.01875497
0.65450850 0.01925293
0.66195871 0.01972445
0.66936896 0.02016869
0.67673742 0.02058486
0.68406228 0.02097223
0.69134172 0.02133014
0.69857395 0.02165796
0.70575718 0.02195517
0.71288965 0.02222128
0.71996958 0.02245589
0.72699525 0.02265867
0.73396491 0.02282937
0.74087684 0.02296781
0.74772933 0.02307389
0.75452071 0.02314758
0.76124928 0.02318895
0.76791340 0.02319813
0.77451141 0.02317534
0.78104169 0.02312088
0.78750263 0.02303513
0.79389263 0.02291852
0.80021011 0.02277161
0.80645353 0.02259498
0.81262133 0.02238932
0.81871199 0.02215537
0.82472402 0.02189395
0.83065593 0.02160594
0.83650626 0.02129228
0.84227355 0.02095396
0.84795640 0.02059205
0.85355339 0.02020765
0.85906315 0.01980192
0.86448431 0.01937606
0.86981555 0.01893130
0.87505553 0.01846892
0.88020298 0.01799023
0.88525662 0.01749657
0.89021520 0.01698928
0.89507751 0.01646974
0.89984233 0.01593935
0.90450850 0.01539951
0.90907486 0.01485163
0.91354029 0.01429711
0.91790368 0.01373736
0.92216396 0.01317380
0.92632008 0.01260780
0.93037101 0.01204076
0.93431576 0.01147405
0.93815334 0.01090900
0.94188282 0.01034694
0.94550326 0.00978917
0.94901379 0.00923698
0.95241353 0.00869159
0.95570164 0.00815421
0.95887731 0.00762604
0.96193977 0.00710819
0.96488824 0.00660179
0.96772202 0.00610788
0.97044038 0.00562750
0.97304268 0.00516162
0.97552826 0.00471119
0.97789651 0.00427709
0.98014684 0.00386018
0.98227871 0.00346127
0.98429158 0.00308112
0.98618496 0.00272045
0.98795838 0.00237993
0.98961141 0.00206019
0.99114363 0.00176182
0.99255466 0.00148535
0.99384417 0.00123128
0.99501183 0.00100005
0.99605735 0.00079209
0.99698048 0.00060774
0.99778098 0.00044733
0.99845867 0.00031113
0.99901336 0.00019938
0.99944494 0.00011226
0.99975328 0.00004993
0.99993832 0.00001249
1.00000000 0.00000000
