sample_115
1.00000000 0.00000000
0.99993832 0.00002719
0.99975328 0.00010870
0.99944494 0.00024441
0.99901336 0.00043409
0.99845867 0.00067743
0.99778098 0.00097403
0.99698048 0.00132341
0.99605735 0.00172500
0.99501183 0.00217816
0.99384417 0.00268218
0.99255466 0.00323626
0.99114363 0.00383954
0.98961141 0.00449112
0.98795838 0.00518999
0.98618496 0.00593515
0.98429158 0.00672549
0.98227871 0.00755990
0.98014684 0.00843720
0.97789651 0.00935622
0.97552826 0.01031571
0.97304268 0.01131444
0.97044038 0.01235114
0.96772202 0.01342454
0.96488824 0.01453338
0.96193977 0.01567636
0.95887731 0.01685222
0.95570164 0.01805971
0.95241353 0.01929757
0.94901379 0.02056459
0.94550326 0.02185955
0.94188282 0.02318129
0.93815334 0.02452867
0.93431576 0.02590057
0.93037101 0.02729592
0.92632008 0.02871369
0.92216396 0.03015289
0.91790368 0.03161257
0.91354029 0.03309183
0.90907486 0.03458979
0.90450850 0.03610564
0.89984233 0.03763860
0.89507751 0.03918795
0.89021520 0.04075298
0.88525662 0.04233306
0.88020298 0.04392755
0.87505553 0.04553589
0.86981555 0.04715753
0.86448431 0.04879195
0.85906315 0.05043865
0.85355339 0.05209717
0.84795640 0.05376706
0.84227355 0.05544787
0.83650626 0.05713918
0.83065593 0.05884057
0.82472402 0.06055160
0.81871199 0.06227185
0.81262133 0.06400087
0.80645353 0.06573822
0.80021011 0.06748343
0.79389263 0.06923598
0.78750263 0.07099536
0.78104169 0.07276101
0.77451141 0.07453232
0.76791340 0.07630867
0.76124928 0.07808936
0.75452071 0.07987366
0.74772933 0.08166079
0.74087684 0.08344990
0.73396491 0.08524009
0.72699525 0.08703040
0.71996958 0.08881981
0.71288965 0.09060723
0.70575718 0.09239151
0.69857395 0.09417144
0.69134172 0.09594574
0.68406228 0.09771306
0.67673742 0.09947198
0.66936896 0.10122105
0.66195871 0.10295872
0.65450850 0.10468340
0.64702016 0.10639344
0.63949555 0.10808715
0.63193652 0.10976277
0.62434494 0.11141851
0.61672268 0.11305252
0.60907162 0.11466293
0.60139365 0.11624782
0.59369066 0.11780528
0.58596455 0.11933332
0.57821723 0.12082999
0.57045062 0.12229330
0.56266662 0.12372125
0.55486716 0.12511186
0.54705416 0.12646316
0.53922955 0.12777318
0.53139526 0.12903996
0.52355323 0.13026161
0.51570538 0.13143623
0.50785366 0.13256198
0.50000000 0.13363707
0.49214634 0.13465975
0.48429462 0.13562833
0.47644677 0.13654119
0.46860474 0.13739677
0.46077045 0.13819360
0.45294584 0.13893027
0.44513284 0.13960547
0.43733338 0.14021797
0.42954938 0.14076663
0.42178277 0.14125042
0.41403545 0.14166838
0.40630934 0.14201969
0.39860635 0.14230360
0.39092838 0.14251948
0.38327732 0.14266682
0.37565506 0.14274520
0.36806348 0.14275431
0.36050445 0.14269398
0.35297984 0.14256410
0.34549150 0.14236472
0.33804129 0.14209597
0.33063104 0.14175808
0.32326258 0.14135141
0.31593772 0.14087642
0.30865828 0.14033364
0.30142605 0.13972375
0.29424282 0.13904748
0.28711035 0.13830568
0.28003042 0.13749926
0.27300475 0.13662926
0.26603509 0.13569675
0.25912316 0.13470290
0.25227067 0.13364897
0.24547929 0.13253624
0.23875072 0.13136610
0.23208660 0.13013996
0.22548859 0.12885931
0.21895831 0.12752566
0.21249737 0.12614058
0.20610737 0.12470568
0.19978989 0.12322257
0.19354647 0.12169293
0.18737867 0.12011842
0.18128801 0.11850075
0.17527598 0.11684160
0.16934407 0.11514270
0.16349374 0.11340575
0.15772645 0.11163247
0.15204360 0.10982453
0.14644661 0.10798364
0.14093685 0.10611146
0.13551569 0.10420964
0.13018445 0.10227980
0.12494447 0.10032354
0.11979702 0.09834241
0.11474338 0.09633797
0.10978480 0.09431169
0.10492249 0.09226503
0.10015767 0.09019940
0.09549150 0.08811617
0.09092514 0.08601667
0.08645971 0.08390216
0.08209632 0.08177388
0.07783604 0.07963299
0.07367992 0.07748063
0.06962899 0.07531786
0.06568424 0.07314571
0.06184666 0.07096513
0.05811718 0.06877705
0.05449674 0.06658233
0.05098621 0.06438177
0.04758647 0.06217613
0.04429836 0.05996611
0.04112269 0.05775236
0.03806023 0.05553550
0.03511176 0.05331607
0.03227798 0.05109457
0.02955962 0.04887147
0.02695732 0.04664718
0.02447174 0.04442207
0.02210349 0.04219646
0.01985316 0.03997065
0.01772129 0.03774487
0.01570842 0.03551934
0.01381504 0.03329422
0.01204162 0.03106967
0.01038859 0.02884578
0.00885637 0.02662264
0.00744534 0.02440030
0.00615583 0.02217878
0.00498817 0.01995808
0.00394265 0.01773818
0.00301952 0.01551905
0.00221902 0.01330062
0.00154133 0.01108282
0.00098664 0.00886557
0.00055506 0.00664877
0.00024672 0.00443232
0.00006168 0.00221610
0.00000000 0.00000000
0.00006168 -0.00093379
0.00024672 -0.00186513
0.00055506 -0.00279154
0.00098664 -0.00371061
0.00154133 -0.00461992
0.00221902 -0.00551711
0.00301952 -0.00639986
0.00394265 -0.00726589
0.00498817 -0.00811300
0.00615583 -0.00893907
0.00744534 -0.00974203
0.00885637 -0.01051992
0.01038859 -0.01127086
0.01204162 -0.01199309
0.01381504 -0.01268492
0.01570842 -0.01334480
0.01772129 -0.01397128
0.01985316 -0.01456304
0.02210349 -0.01511888
0.02447174 -0.01563772
0.02695732 -0.01611860
0.02955962 -0.01656072
0.03227798 -0.01696337
0.03511176 -0.01732599
0.03806023 -0.01764817
0.04112269 -0.01792959
0.04429836 -0.01817009
0.04758647 -0.01836961
0.05098621 -0.01852824
0.05449674 -0.01864618
0.05811718 -0.01872372
0.06184666 -0.01876131
0.06568424 -0.01875948
0.06962899 -0.01871885
0.07367992 -0.01864017
0.07783604 -0.01852427
0.08209632 -0.01837205
0.08645971 -0.01818450
0.09092514 -0.01796270
0.09549150 -0.01770778
0.10015767 -0.01742093
0.10492249 -0.01710340
0.10978480 -0.01675649
0.11474338 -0.01638152
0.11979702 -0.01597987
0.12494447 -0.01555294
0.13018445 -0.01510214
0.13551569 -0.01462890
0.14093685 -0.01413467
0.14644661 -0.01362088
0.15204360 -0.01308896
0.15772645 -0.01254036
0.16349374 -0.01197648
0.16934407 -0.01139871
0.17527598 -0.01080844
0.18128801 -0.01020700
0.18737867 -0.00959570
0.19354647 -0.00897583
0.19978989 -0.00834862
0.20610737 -0.00771528
0.21249737 -0.00707696
0.21895831 -0.00643476
0.22548859 -0.00578976
0.23208660 -0.00514297
0.23875072 -0.00449536
0.24547929 -0.00384784
0.25227067 -0.00320130
0.25912316 -0.00255654
0.26603509 -0.00191435
0.27300475 -0.00127544
0.28003042 -0.00064049
0.28711035 -0.00001013
0.29424282 0.00061506
0.30142605 0.00123452
0.30865828 0.00184775
0.31593772 0.00245431
0.32326258 0.00305375
0.33063104 0.00364569
0.33804129 0.00422978
0.34549150 0.00480567
0.35297984 0.00537309
0.36050445 0.00593174
0.36806348 0.00648139
0.37565506 0.00702181
0.38327732 0.00755278
0.39092838 0.00807412
0.39860635 0.00858565
0.40630934 0.00908719
0.41403545 0.00957861
0.42178277 0.01005975
0.42954938 0.01053047
0.43733338 0.01099065
0.44513284 0.01144014
0.45294584 0.01187883
0.46077045 0.01230659
0.46860474 0.01272330
0.47644677 0.01312883
0.48429462 0.01352304
0.49214634 0.01390582
0.50000000 0.01427704
0.50785366 0.01463654
0.51570538 0.01498421
0.52355323 0.01531990
0.53139526 0.01564345
0.53922955 0.01595473
0.54705416 0.01625359
0.55486716 0.01653986
0.56266662 0.01681340
0.57045062 0.01707405
0.57821723 0.01732164
0.58596455 0.01755602
0.59369066 0.01777703
0.60139365 0.01798451
0.60907162 0.01817830
0.61672268 0.01835825
0.62434494 0.01852420
0.63193652 0.01867601
0.63949555 0.01881354
0.64702016 0.01893664
0.65450850 0.01904520
0.66195871 0.01913908
0.66936896 0.01921818
0.67673742 0.01928238
0.68406228 0.01933161
0.69134172 0.01936577
0.69857395 0.01938480
0.70575718 0.01938864
0.71288965 0.01937724
0.71996958 0.01935059
0.72699525 0.01930866
0.73396491 0.01925148
0.74087684 0.01917904
0.74772933 0.01909141
0.75452071 0.01898862
0.76124928 0.01887078
0.76791340 0.01873796
0.77451141 0.01859029
0.78104169 0.01842792
0.78750263 0.01825100
0.79389263 0.01805971
0.80021011 0.01785428
0.80645353 0.01763492
0.81262133 0.01740189
0.81871199 0.01715547
0.82472402 0.01689598
0.83065593 0.01662372
0.83650626 0.01633907
0.84227355 0.01604240
0.84795640 0.01573412
0.85355339 0.01541466
0.85906315 0.01508447
0.86448431 0.01474404
0.86981555 0.01439388
0.87505553 0.01403452
0.88020298 0.01366652
0.88525662 0.01329046
0.89021520 0.01290696
0.89507751 0.01251664
0.89984233 0.01212015
0.90450850 0.01171818
0.90907486 0.01131143
0.91354029 0.01090060
0.91790368 0.01048644
0.92216396 0.01006971
0.92632008 0.00965117
0.93037101 0.00923161
0.93431576 0.00881184
0.93815334 0.00839266
0.94188282 0.00797490
0.94550326 0.00755940
0.94901379 0.00714699
0.95241353 0.00673851
0.95570164 0.00633481
0.95887731 0.00593673
0.96193977 0.00554512
0.96488824 0.00516082
0.96772202 0.00478466
0.97044038 0.00441746
0.97304268 0.00406004
0.97552826 0.00371319
0.97789651 0.00337769
0.98014684 0.00305431
0.98227871 0.00274379
0.98429158 0.00244683
0.98618496 0.00216415
0.98795838 0.00189638
0.98961141 0.00164418
0.99114363 0.00140813
0.99255466 0.00118880
0.99384417 0.00098671
0.99501183 0.00080235
0.99605735 0.00063617
0.99698048 0.00048857
0.99778098 0.00035991
0.99845867 0.00025050
0.99901336 0.00016062
0.99944494 0.00009048
0.99975328 0.00004026
0.99993832 0.00001007
1.00000000 0.00000000
