sample_685
1.00000000 0.00000000
0.99993832 0.00002649
0.99975328 0.00010594
0.99944494 0.00023830
0.99901336 0.00042346
0.99845867 0.00066129
0.99778098 0.00095163
0.99698048 0.00129425
0.99605735 0.00168892
0.99501183 0.00213532
0.99384417 0.00263312
0.99255466 0.00318196
0.99114363 0.00378139
0.98961141 0.00443096
0.98795838 0.00513016
0.98618496 0.00587841
0.98429158 0.00667512
0.98227871 0.00751962
0.98014684 0.00841120
0.97789651 0.00934911
0.97552826 0.01033254
0.97304268 0.01136061
0.97044038 0.01243242
0.96772202 0.01354698
0.96488824 0.01470329
0.96193977 0.01590025
0.95887731 0.01713674
0.95570164 0.01841156
0.95241353 0.01972348
0.94901379 0.02107121
0.94550326 0.02245340
0.94188282 0.02386867
0.93815334 0.02531556
0.93431576 0.02679259
0.93037101 0.02829823
0.92632008 0.02983090
0.92216396 0.03138899
0.91790368 0.03297085
0.91354029 0.03457479
0.90907486 0.03619911
0.90450850 0.03784204
0.89984233 0.03950184
0.89507751 0.04117672
0.89021520 0.04286488
0.88525662 0.04456451
0.88020298 0.04627379
0.87505553 0.04799092
0.86981555 0.04971407
0.86448431 0.05144144
0.85906315 0.05317124
0.85355339 0.05490169
0.84795640 0.05663104
0.84227355 0.05835756
0.83650626 0.06007956
0.83065593 0.06179537
0.82472402 0.06350337
0.81871199 0.06520199
0.81262133 0.06688970
0.80645353 0.06856501
0.80021011 0.07022651
0.79389263 0.07187283
0.78750263 0.07350267
0.78104169 0.07511478
0.77451141 0.07670798
0.76791340 0.07828118
0.76124928 0.07983332
0.75452071 0.08136344
0.74772933 0.08287063
0.74087684 0.08435406
0.73396491 0.08581298
0.72699525 0.08724668
0.71996958 0.08865455
0.71288965 0.09003602
0.70575718 0.09139060
0.69857395 0.09271787
0.69134172 0.09401745
0.68406228 0.09528902
0.67673742 0.09653233
0.66936896 0.09774716
0.66195871 0.09893335
0.65450850 0.10009078
0.64702016 0.10121935
0.63949555 0.10231901
0.63193652 0.10338974
0.62434494 0.10443152
0.61672268 0.10544437
0.60907162 0.10642832
0.60139365 0.10738340
0.59369066 0.10830963
0.58596455 0.10920705
0.57821723 0.11007568
0.57045062 0.11091553
0.56266662 0.11172659
0.55486716 0.11250882
0.54705416 0.11326217
0.53922955 0.11398655
0.53139526 0.11468183
0.52355323 0.11534785
0.51570538 0.11598441
0.50785366 0.11659127
0.50000000 0.11716812
0.49214634 0.11771464
0.48429462 0.11823043
0.47644677 0.11871506
0.46860474 0.11916805
0.46077045 0.11958886
0.45294584 0.11997692
0.44513284 0.12033158
0.43733338 0.12065218
0.42954938 0.12093799
0.42178277 0.12118827
0.41403545 0.12140222
0.40630934 0.12157901
0.39860635 0.12171778
0.39092838 0.12181765
0.38327732 0.12187773
0.37565506 0.12189710
0.36806348 0.12187483
0.36050445 0.12180999
0.35297984 0.12170168
0.34549150 0.12154897
0.33804129 0.12135096
0.33063104 0.12110679
0.32326258 0.12081562
0.31593772 0.12047662
0.30865828 0.12008905
0.30142605 0.11965219
0.29424282 0.11916538
0.28711035 0.11862803
0.28003042 0.11803961
0.27300475 0.11739968
0.26603509 0.11670786
0.25912316 0.11596387
0.25227067 0.11516753
0.24547929 0.11431873
0.23875072 0.11341748
0.23208660 0.11246389
0.22548859 0.11145816
0.21895831 0.11040062
0.21249737 0.10929169
0.20610737 0.10813192
0.19978989 0.10692197
0.19354647 0.10566259
0.18737867 0.10435466
0.18128801 0.10299918
0.17527598 0.10159723
0.16934407 0.10015001
0.16349374 0.09865882
0.15772645 0.09712506
0.15204360 0.09555023
0.14644661 0.09393591
0.14093685 0.09228375
0.13551569 0.09059551
0.13018445 0.08887298
0.12494447 0.08711804
0.11979702 0.08533262
0.11474338 0.08351870
0.10978480 0.08167828
0.10492249 0.07981342
0.10015767 0.07792617
0.09549150 0.07601861
0.09092514 0.07409283
0.08645971 0.07215089
0.08209632 0.07019487
0.07783604 0.06822678
0.07367992 0.06624865
0.06962899 0.06426242
0.06568424 0.06227000
0.06184666 0.06027324
0.05811718 0.05827393
0.05449674 0.05627376
0.05098621 0.05427437
0.04758647 0.05227728
0.04429836 0.05028393
0.04112269 0.04829565
0.03806023 0.04631368
0.03511176 0.04433913
0.03227798 0.04237299
0.02955962 0.04041616
0.02695732 0.03846938
0.02447174 0.03653330
0.02210349 0.03460844
0.01985316 0.03269516
0.01772129 0.03079375
0.01570842 0.02890434
0.01381504 0.02702695
0.01204162 0.02516147
0.01038859 0.02330770
0.00885637 0.02146531
0.00744534 0.01963387
0.00615583 0.01781285
0.00498817 0.01600161
0.00394265 0.01419944
0.00301952 0.01240556
0.00221902 0.01061908
0.00154133 0.00883907
0.00098664 0.00706455
0.00055506 0.00529447
0.00024672 0.00352776
0.00006168 0.00176331
0.00000000 0.00000000
0.00006168 -0.00060340
0.00024672 -0.00120576
0.00055506 -0.00180603
0.00098664 -0.00240319
0.00154133 -0.00299621
0.00221902 -0.00358407
0.00301952 -0.00416578
0.00394265 -0.00474036
0.00498817 -0.00530685
0.00615583 -0.00586431
0.00744534 -0.00641183
0.00885637 -0.00694854
0.01038859 -0.00747357
0.01204162 -0.00798612
0.01381504 -0.00848540
0.01570842 -0.00897066
0.01772129 -0.00944120
0.01985316 -0.00989635
0.02210349 -0.01033549
0.02447174 -0.01075804
0.02695732 -0.01116346
0.02955962 -0.01155127
0.03227798 -0.01192103
0.03511176 -0.01227233
0.03806023 -0.01260483
0.04112269 -0.01291823
0.04429836 -0.01321227
0.04758647 -0.01348676
0.05098621 -0.01374153
0.05449674 -0.01397647
0.05811718 -0.01419152
0.06184666 -0.01438664
0.06568424 -0.01456187
0.06962899 -0.01471726
0.07367992 -0.01485291
0.07783604 -0.01496897
0.08209632 -0.01506560
0.08645971 -0.01514303
0.09092514 -0.01520149
0.09549150 -0.01524124
0.10015767 -0.01526259
0.10492249 -0.01526586
0.10978480 -0.01525138
0.11474338 -0.01521952
0.11979702 -0.01517065
0.12494447 -0.01510516
0.13018445 -0.01502345
0.13551569 -0.01492591
0.14093685 -0.01481295
0.14644661 -0.01468499
0.15204360 -0.01454242
0.15772645 -0.01438565
0.16349374 -0.01421507
0.16934407 -0.01403106
0.17527598 -0.01383398
0.18128801 -0.01362421
0.18737867 -0.01340206
0.19354647 -0.01316786
0.19978989 -0.01292192
0.20610737 -0.01266450
0.21249737 -0.01239586
0.21895831 -0.01211623
0.22548859 -0.01182581
0.23208660 -0.01152479
0.23875072 -0.01121331
0.24547929 -0.01089151
0.25227067 -0.01055949
0.25912316 -0.01021733
0.26603509 -0.00986508
0.27300475 -0.00950279
0.28003042 -0.00913045
0.28711035 -0.00874808
0.29424282 -0.00835563
0.30142605 -0.00795309
0.30865828 -0.00754040
0.31593772 -0.00711750
0.32326258 -0.00668433
0.33063104 -0.00624082
0.33804129 -0.00578690
0.34549150 -0.00532251
0.35297984 -0.00484759
0.36050445 -0.00436210
0.36806348 -0.00386599
0.37565506 -0.00335927
0.38327732 -0.00284192
0.39092838 -0.00231399
0.39860635 -0.00177552
0.40630934 -0.00122663
0.41403545 -0.00066742
0.42178277 -0.00009807
0.42954938 0.00048122
0.43733338 0.00107019
0.44513284 0.00166855
0.45294584 0.00227595
0.46077045 0.00289198
0.46860474 0.00351619
0.47644677 0.00414808
0.48429462 0.00478708
0.49214634 0.00543256
0.50000000 0.00608385
0.50785366 0.00674022
0.51570538 0.00740086
0.52355323 0.00806492
0.53139526 0.00873151
0.53922955 0.00939965
0.54705416 0.01006835
0.55486716 0.01073653
0.56266662 0.01140309
0.57045062 0.01206689
0.57821723 0.01272672
0.58596455 0.01338136
0.59369066 0.01402954
0.60139365 0.01466998
0.60907162 0.01530137
0.61672268 0.01592237
0.62434494 0.01653164
0.63193652 0.01712782
0.63949555 0.01770956
0.64702016 0.01827551
0.65450850 0.01882432
0.66195871 0.01935467
0.66936896 0.01986525
0.67673742 0.02035478
0.68406228 0.02082200
0.69134172 0.02126572
0.69857395 0.02168476
0.70575718 0.02207800
0.71288965 0.02244439
0.71996958 0.02278293
0.72699525 0.02309268
0.73396491 0.02337277
0.74087684 0.02362242
0.74772933 0.02384090
0.75452071 0.02402759
0.76124928 0.02418195
0.76791340 0.02430351
0.77451141 0.02439192
0.78104169 0.02444690
0.78750263 0.02446828
0.79389263 0.02445597
0.80021011 0.02441000
0.80645353 0.02433049
0.81262133 0.02421764
0.81871199 0.02407178
0.82472402 0.02389332
0.83065593 0.02368276
0.83650626 0.02344071
0.84227355 0.02316786
0.84795640 0.02286500
0.85355339 0.02253301
0.85906315 0.02217283
0.86448431 0.02178550
0.86981555 0.02137216
0.87505553 0.02093398
0.88020298 0.02047222
0.88525662 0.01998821
0.89021520 0.01948334
0.89507751 0.01895904
0.89984233 0.01841680
0.90450850 0.01785816
0.90907486 0.01728469
0.91354029 0.01669801
0.91790368 0.01609975
0.92216396 0.01549158
0.92632008 0.01487518
0.93037101 0.01425226
0.93431576 0.01362451
0.93815334 0.01299364
0.94188282 0.01236136
0.94550326 0.01172938
0.94901379 0.01109938
0.95241353 0.01047304
0.95570164 0.00985202
0.95887731 0.00923793
0.96193977 0.00863239
0.96488824 0.00803696
0.96772202 0.00745317
0.97044038 0.00688252
0.97304268 0.00632646
0.97552826 0.00578639
0.97789651 0.00526366
0.98014684 0.00475958
0.98227871 0.00427540
0.98429158 0.00381232
0.98618496 0.00337145
0.98795838 0.00295389
0.98961141 0.00256064
0.99114363 0.00219265
0.99255466 0.00185080
0.99384417 0.00153591
0.99501183 0.00124873
0.99605735 0.00098994
0.99698048 0.00076014
0.99778098 0.00055989
0.99845867 0.00038965
0.99901336 0.00024981
0.99944494 0.00014071
0.99975328 0.00006260
0.99993832 0.00001566
1.00000000 0.00000000
