sample_084
1.00000000 0.00000000
0.99993832 0.00002465
0.99975328 0.00009856
0.99944494 0.00022167
0.99901336 0.00039386
0.99845867 0.00061495
0.99778098 0.00088475
0.99698048 0.00120298
0.99605735 0.00156934
0.99501183 0.00198347
0.99384417 0.00244498
0.99255466 0.00295342
0.99114363 0.00350830
0.98961141 0.00410908
0.98795838 0.00475519
0.98618496 0.00544601
0.98429158 0.00618088
0.98227871 0.00695909
0.98014684 0.00777989
0.97789651 0.00864251
0.97552826 0.00954612
0.97304268 0.01048987
0.97044038 0.01147287
0.96772202 0.01249419
0.96488824 0.01355287
0.96193977 0.01464792
0.95887731 0.01577832
0.95570164 0.01694304
0.95241353 0.01814099
0.94901379 0.01937108
0.94550326 0.02063220
0.94188282 0.02192320
0.93815334 0.02324294
0.93431576 0.02459024
0.93037101 0.02596391
0.92632008 0.02736278
0.92216396 0.02878562
0.91790368 0.03023122
0.91354029 0.03169838
0.90907486 0.03318587
0.90450850 0.03469246
0.89984233 0.03621695
0.89507751 0.03775812
0.89021520 0.03931475
0.88525662 0.04088565
0.88020298 0.04246963
0.87505553 0.04406549
0.86981555 0.04567209
0.86448431 0.04728826
0.85906315 0.04891287
0.85355339 0.05054480
0.84795640 0.05218295
0.84227355 0.05382623
0.83650626 0.05547360
0.83065593 0.05712401
0.82472402 0.05877645
0.81871199 0.06042992
0.81262133 0.06208346
0.80645353 0.06373611
0.80021011 0.06538696
0.79389263 0.06703510
0.78750263 0.06867965
0.78104169 0.07031975
0.77451141 0.07195458
0.76791340 0.07358330
0.76124928 0.07520512
0.75452071 0.07681925
0.74772933 0.07842494
0.74087684 0.08002143
0.73396491 0.08160798
0.72699525 0.08318387
0.71996958 0.08474837
0.71288965 0.08630077
0.70575718 0.08784037
0.69857395 0.08936646
0.69134172 0.09087834
0.68406228 0.09237532
0.67673742 0.09385667
0.66936896 0.09532170
0.66195871 0.09676968
0.65450850 0.09819989
0.64702016 0.09961159
0.63949555 0.10100403
0.63193652 0.10237644
0.62434494 0.10372805
0.61672268 0.10505806
0.60907162 0.10636566
0.60139365 0.10765001
0.59369066 0.10891026
0.58596455 0.11014553
0.57821723 0.11135494
0.57045062 0.11253757
0.56266662 0.11369247
0.55486716 0.11481871
0.54705416 0.11591529
0.53922955 0.11698124
0.53139526 0.11801552
0.52355323 0.11901712
0.51570538 0.11998499
0.50785366 0.12091807
0.50000000 0.12181530
0.49214634 0.12267559
0.48429462 0.12349786
0.47644677 0.12428103
0.46860474 0.12502401
0.46077045 0.12572570
0.45294584 0.12638503
0.44513284 0.12700093
0.43733338 0.12757233
0.42954938 0.12809820
0.42178277 0.12857750
0.41403545 0.12900923
0.40630934 0.12939242
0.39860635 0.12972613
0.39092838 0.13000945
0.38327732 0.13024150
0.37565506 0.13042146
0.36806348 0.13054855
0.36050445 0.13062204
0.35297984 0.13064124
0.34549150 0.13060553
0.33804129 0.13051435
0.33063104 0.13036721
0.32326258 0.13016365
0.31593772 0.12990333
0.30865828 0.12958594
0.30142605 0.12921126
0.29424282 0.12877913
0.28711035 0.12828950
0.28003042 0.12774236
0.27300475 0.12713779
0.26603509 0.12647596
0.25912316 0.12575712
0.25227067 0.12498158
0.24547929 0.12414975
0.23875072 0.12326210
0.23208660 0.12231919
0.22548859 0.12132167
0.21895831 0.12027024
0.21249737 0.11916569
0.20610737 0.11800887
0.19978989 0.11680071
0.19354647 0.11554220
0.18737867 0.11423440
0.18128801 0.11287842
0.17527598 0.11147544
0.16934407 0.11002668
0.16349374 0.10853342
0.15772645 0.10699697
0.15204360 0.10541871
0.14644661 0.10380002
0.14093685 0.10214235
0.13551569 0.10044715
0.13018445 0.09871591
0.12494447 0.09695012
0.11979702 0.09515131
0.11474338 0.09332099
0.10978480 0.09146070
0.10492249 0.08957197
0.10015767 0.08765631
0.09549150 0.08571525
0.09092514 0.08375028
0.08645971 0.08176289
0.08209632 0.07975453
0.07783604 0.07772665
0.07367992 0.07568064
0.06962899 0.07361786
0.06568424 0.07153967
0.06184666 0.06944733
0.05811718 0.06734211
0.05449674 0.06522519
0.05098621 0.06309774
0.04758647 0.06096084
0.04429836 0.05881555
0.04112269 0.05666286
0.03806023 0.05450370
0.03511176 0.05233894
0.03227798 0.05016941
0.02955962 0.04799586
0.02695732 0.04581899
0.02447174 0.04363945
0.02210349 0.04145782
0.01985316 0.03927461
0.01772129 0.03709030
0.01570842 0.03490529
0.01381504 0.03271994
0.01204162 0.03053456
0.01038859 0.02834939
0.00885637 0.02616464
0.00744534 0.02398047
0.00615583 0.02179698
0.00498817 0.01961425
0.00394265 0.01743232
0.00301952 0.01525118
0.00221902 0.01307081
0.00154133 0.01089115
0.00098664 0.00871211
0.00055506 0.00653360
0.00024672 0.00435550
0.00006168 0.00217768
0.00000000 0.00000000
0.00006168 -0.00123958
0.00024672 -0.00247704
0.00055506 -0.00371025
0.00098664 -0.00493712
0.00154133 -0.00615553
0.00221902 -0.00736342
0.00301952 -0.00855873
0.00394265 -0.00973942
0.00498817 -0.01090350
0.00615583 -0.01204900
0.00744534 -0.01317401
0.00885637 -0.01427663
0.01038859 -0.01535504
0.01204162 -0.01640746
0.01381504 -0.01743215
0.01570842 -0.01842745
0.01772129 -0.01939176
0.01985316 -0.02032353
0.02210349 -0.02122131
0.02447174 -0.02208369
0.02695732 -0.02290937
0.02955962 -0.02369709
0.03227798 -0.02444570
0.03511176 -0.02515412
0.03806023 -0.02582138
0.04112269 -0.02644657
0.04429836 -0.02702888
0.04758647 -0.02756761
0.05098621 -0.02806212
0.05449674 -0.02851189
0.05811718 -0.02891649
0.06184666 -0.02927559
0.06568424 -0.02958894
0.06962899 -0.02985640
0.07367992 -0.03007793
0.07783604 -0.03025356
0.08209632 -0.03038345
0.08645971 -0.03046784
0.09092514 -0.03050703
0.09549150 -0.03050146
0.10015767 -0.03045163
0.10492249 -0.03035812
0.10978480 -0.03022160
0.11474338 -0.03004283
0.11979702 -0.02982263
0.12494447 -0.02956190
0.13018445 -0.02926160
0.13551569 -0.02892277
0.14093685 -0.02854649
0.14644661 -0.02813393
0.15204360 -0.02768627
0.15772645 -0.02720476
0.16349374 -0.02669069
0.16934407 -0.02614540
0.17527598 -0.02557022
0.18128801 -0.02496656
0.18737867 -0.02433581
0.19354647 -0.02367942
0.19978989 -0.02299880
0.20610737 -0.02229541
0.21249737 -0.02157070
0.21895831 -0.02082612
0.22548859 -0.02006311
0.23208660 -0.01928309
0.23875072 -0.01848748
0.24547929 -0.01767769
0.25227067 -0.01685508
0.25912316 -0.01602101
0.26603509 -0.01517679
0.27300475 -0.01432372
0.28003042 -0.01346305
0.28711035 -0.01259599
0.29424282 -0.01172374
0.30142605 -0.01084742
0.30865828 -0.00996813
0.31593772 -0.00908694
0.32326258 -0.00820485
0.33063104 -0.00732283
0.33804129 -0.00644181
0.34549150 -0.00556267
0.35297984 -0.00468625
0.36050445 -0.00381336
0.36806348 -0.00294474
0.37565506 -0.00208111
0.38327732 -0.00122317
0.39092838 -0.00037156
0.39860635 0.00047312
0.40630934 0.00131027
0.41403545 0.00213934
0.42178277 0.00295981
0.42954938 0.00377118
0.43733338 0.00457295
0.44513284 0.00536467
0.45294584 0.00614588
0.46077045 0.00691615
0.46860474 0.00767506
0.47644677 0.00842218
0.48429462 0.00915710
0.49214634 0.00987942
0.50000000 0.01058872
0.50785366 0.01128460
0.51570538 0.01196663
0.52355323 0.01263441
0.53139526 0.01328751
0.53922955 0.01392550
0.54705416 0.01454794
0.55486716 0.01515438
0.56266662 0.01574437
0.57045062 0.01631744
0.57821723 0.01687312
0.58596455 0.01741093
0.59369066 0.01793038
0.60139365 0.01843098
0.60907162 0.01891221
0.61672268 0.01937359
0.62434494 0.01981460
0.63193652 0.02023474
0.63949555 0.02063351
0.64702016 0.02101041
0.65450850 0.02136494
0.66195871 0.02169664
0.66936896 0.02200504
0.67673742 0.02228968
0.68406228 0.02255014
0.69134172 0.02278601
0.69857395 0.02299691
0.70575718 0.02318248
0.71288965 0.02334241
0.71996958 0.02347640
0.72699525 0.02358422
0.73396491 0.02366566
0.74087684 0.02372054
0.74772933 0.02374876
0.75452071 0.02375025
0.76124928 0.02372499
0.76791340 0.02367302
0.77451141 0.02359442
0.78104169 0.02348935
0.78750263 0.02335802
0.79389263 0.02320067
0.80021011 0.02301764
0.80645353 0.02280932
0.81262133 0.02257613
0.81871199 0.02231859
0.82472402 0.02203726
0.83065593 0.02173276
0.83650626 0.02140577
0.84227355 0.02105703
0.84795640 0.02068732
0.85355339 0.02029749
0.85906315 0.01988843
0.86448431 0.01946109
0.86981555 0.01901646
0.87505553 0.01855557
0.88020298 0.01807950
0.88525662 0.01758936
0.89021520 0.01708629
0.89507751 0.01657148
0.89984233 0.01604613
0.90450850 0.01551146
0.90907486 0.01496873
0.91354029 0.01441921
0.91790368 0.01386417
0.92216396 0.01330492
0.92632008 0.01274273
0.93037101 0.01217891
0.93431576 0.01161476
0.93815334 0.01105157
0.94188282 0.01049062
0.94550326 0.00993320
0.94901379 0.00938054
0.95241353 0.00883391
0.95570164 0.00829451
0.95887731 0.00776354
0.96193977 0.00724218
0.96488824 0.00673157
0.96772202 0.00623282
0.97044038 0.00574700
0.97304268 0.00527517
0.97552826 0.00481833
0.97789651 0.00437744
0.98014684 0.00395344
0.98227871 0.00354721
0.98429158 0.00315960
0.98618496 0.00279141
0.98795838 0.00244339
0.98961141 0.00211626
0.99114363 0.00181067
0.99255466 0.00152724
0.99384417 0.00126655
0.99501183 0.00102910
0.99605735 0.00081538
0.99698048 0.00062581
0.99778098 0.00046075
0.99845867 0.00032054
0.99901336 0.00020545
0.99944494 0.00011570
0.99975328 0.00005146
0.99993832 0.00001287
1.00000000 0.00000000
