sample_297
1.00000000 0.00000000
0.99993832 0.00002490
0.99975328 0.00009956
0.99944494 0.00022389
0.99901336 0.00039771
0.99845867 0.00062080
0.99778098 0.00089284
0.99698048 0.00121349
0.99605735 0.00158232
0.99501183 0.00199885
0.99384417 0.00246254
0.99255466 0.00297279
0.99114363 0.00352898
0.98961141 0.00413042
0.98795838 0.00477636
0.98618496 0.00546604
0.98429158 0.00619866
0.98227871 0.00697337
0.98014684 0.00778930
0.97789651 0.00864556
0.97552826 0.00954124
0.97304268 0.01047541
0.97044038 0.01144711
0.96772202 0.01245540
0.96488824 0.01349931
0.96193977 0.01457788
0.95887731 0.01569014
0.95570164 0.01683513
0.95241353 0.01801190
0.94901379 0.01921947
0.94550326 0.02045693
0.94188282 0.02172332
0.93815334 0.02301773
0.93431576 0.02433926
0.93037101 0.02568699
0.92632008 0.02706006
0.92216396 0.02845758
0.91790368 0.02987870
0.91354029 0.03132258
0.90907486 0.03278837
0.90450850 0.03427525
0.89984233 0.03578240
0.89507751 0.03730900
0.89021520 0.03885425
0.88525662 0.04041734
0.88020298 0.04199745
0.87505553 0.04359378
0.86981555 0.04520549
0.86448431 0.04683177
0.85906315 0.04847177
0.85355339 0.05012463
0.84795640 0.05178948
0.84227355 0.05346542
0.83650626 0.05515155
0.83065593 0.05684691
0.82472402 0.05855053
0.81871199 0.06026143
0.81262133 0.06197856
0.80645353 0.06370087
0.80021011 0.06542725
0.79389263 0.06715657
0.78750263 0.06888767
0.78104169 0.07061933
0.77451141 0.07235032
0.76791340 0.07407936
0.76124928 0.07580513
0.75452071 0.07752628
0.74772933 0.07924143
0.74087684 0.08094917
0.73396491 0.08264806
0.72699525 0.08433662
0.71996958 0.08601335
0.71288965 0.08767675
0.70575718 0.08932527
0.69857395 0.09095736
0.69134172 0.09257146
0.68406228 0.09416600
0.67673742 0.09573941
0.66936896 0.09729011
0.66195871 0.09881653
0.65450850 0.10031712
0.64702016 0.10179032
0.63949555 0.10323461
0.63193652 0.10464848
0.62434494 0.10603045
0.61672268 0.10737907
0.60907162 0.10869292
0.60139365 0.10997062
0.59369066 0.11121084
0.58596455 0.11241228
0.57821723 0.11357371
0.57045062 0.11469393
0.56266662 0.11577181
0.55486716 0.11680626
0.54705416 0.11779627
0.53922955 0.11874087
0.53139526 0.11963917
0.52355323 0.12049033
0.51570538 0.12129358
0.50785366 0.12204821
0.50000000 0.12275358
0.49214634 0.12340912
0.48429462 0.12401430
0.47644677 0.12456869
0.46860474 0.12507190
0.46077045 0.12552359
0.45294584 0.12592352
0.44513284 0.12627146
0.43733338 0.12656727
0.42954938 0.12681086
0.42178277 0.12700218
0.41403545 0.12714124
0.40630934 0.12722810
0.39860635 0.12726285
0.39092838 0.12724564
0.38327732 0.12717666
0.37565506 0.12705612
0.36806348 0.12688430
0.36050445 0.12666147
0.35297984 0.12638797
0.34549150 0.12606414
0.33804129 0.12569038
0.33063104 0.12526708
0.32326258 0.12479468
0.31593772 0.12427362
0.30865828 0.12370440
0.30142605 0.12308749
0.29424282 0.12242342
0.28711035 0.12171271
0.28003042 0.12095592
0.27300475 0.12015361
0.26603509 0.11930636
0.25912316 0.11841479
0.25227067 0.11747949
0.24547929 0.11650112
0.23875072 0.11548031
0.23208660 0.11441775
0.22548859 0.11331411
0.21895831 0.11217011
0.21249737 0.11098647
0.20610737 0.10976394
0.19978989 0.10850328
0.19354647 0.10720528
0.18737867 0.10587075
0.18128801 0.10450052
0.17527598 0.10309543
0.16934407 0.10165638
0.16349374 0.10018424
0.15772645 0.09867994
0.15204360 0.09714442
0.14644661 0.09557864
0.14093685 0.09398358
0.13551569 0.09236025
0.13018445 0.09070967
0.12494447 0.08903287
0.11979702 0.08733092
0.11474338 0.08560487
0.10978480 0.08385580
0.10492249 0.08208482
0.10015767 0.08029302
0.09549150 0.07848149
0.09092514 0.07665135
0.08645971 0.07480370
0.08209632 0.07293965
0.07783604 0.07106028
0.07367992 0.06916669
0.06962899 0.06725994
0.06568424 0.06534109
0.06184666 0.06341117
0.05811718 0.06147120
0.05449674 0.05952217
0.05098621 0.05756502
0.04758647 0.05560068
0.04429836 0.05363004
0.04112269 0.05165394
0.03806023 0.04967320
0.03511176 0.04768856
0.03227798 0.04570075
0.02955962 0.04371044
0.02695732 0.04171824
0.02447174 0.03972472
0.02210349 0.03773040
0.01985316 0.03573573
0.01772129 0.03374113
0.01570842 0.03174695
0.01381504 0.02975348
0.01204162 0.02776099
0.01038859 0.02576968
0.00885637 0.02377968
0.00744534 0.02179110
0.00615583 0.01980401
0.00498817 0.01781840
0.00394265 0.01583426
0.00301952 0.01385152
0.00221902 0.01187008
0.00154133 0.00988982
0.00098664 0.00791057
0.00055506 0.00593217
0.00024672 0.00395441
0.00006168 0.00197709
0.00000000 0.00000000
0.00006168 -0.00056965
0.00024672 -0.00113841
0.00055506 -0.00170537
0.00098664 -0.00226965
0.00154133 -0.00283034
0.00221902 -0.00338655
0.00301952 -0.00393738
0.00394265 -0.00448196
0.00498817 -0.00501938
0.00615583 -0.00554876
0.00744534 -0.00606923
0.00885637 -0.00657989
0.01038859 -0.00707988
0.01204162 -0.00756833
0.01381504 -0.00804438
0.01570842 -0.00850719
0.01772129 -0.00895592
0.01985316 -0.00938973
0.02210349 -0.00980783
0.02447174 -0.01020940
0.02695732 -0.01059369
0.02955962 -0.01095992
0.03227798 -0.01130738
0.03511176 -0.01163534
0.03806023 -0.01194313
0.04112269 -0.01223010
0.04429836 -0.01249564
0.04758647 -0.01273915
0.05098621 -0.01296009
0.05449674 -0.01315797
0.05811718 -0.01333232
0.06184666 -0.01348272
0.06568424 -0.01360880
0.06962899 -0.01371026
0.07367992 -0.01378681
0.07783604 -0.01383826
0.08209632 -0.01386444
0.08645971 -0.01386525
0.09092514 -0.01384066
0.09549150 -0.01379068
0.10015767 -0.01371539
0.10492249 -0.01361493
0.10978480 -0.01348951
0.11474338 -0.01333939
0.11979702 -0.01316490
0.12494447 -0.01296641
0.13018445 -0.01274438
0.13551569 -0.01249930
0.14093685 -0.01223174
0.14644661 -0.01194232
0.15204360 -0.01163169
0.15772645 -0.01130059
0.16349374 -0.01094977
0.16934407 -0.01058004
0.17527598 -0.01019227
0.18128801 -0.00978732
0.18737867 -0.00936614
0.19354647 -0.00892967
0.19978989 -0.00847889
0.20610737 -0.00801480
0.21249737 -0.00753843
0.21895831 -0.00705079
0.22548859 -0.00655293
0.23208660 -0.00604589
0.23875072 -0.00553071
0.24547929 -0.00500842
0.25227067 -0.00448006
0.25912316 -0.00394663
0.26603509 -0.00340912
0.27300475 -0.00286850
0.28003042 -0.00232571
0.28711035 -0.00178167
0.29424282 -0.00123725
0.30142605 -0.00069329
0.30865828 -0.00015058
0.31593772 0.00039012
0.32326258 0.00092809
0.33063104 0.00146268
0.33804129 0.00199326
0.34549150 0.00251929
0.35297984 0.00304024
0.36050445 0.00355566
0.36806348 0.00406514
0.37565506 0.00456831
0.38327732 0.00506488
0.39092838 0.00555459
0.39860635 0.00603722
0.40630934 0.00651263
0.41403545 0.00698068
0.42178277 0.00744132
0.42954938 0.00789449
0.43733338 0.00834020
0.44513284 0.00877850
0.45294584 0.00920943
0.46077045 0.00963309
0.46860474 0.01004960
0.47644677 0.01045908
0.48429462 0.01086167
0.49214634 0.01125753
0.50000000 0.01164682
0.50785366 0.01202970
0.51570538 0.01240633
0.52355323 0.01277685
0.53139526 0.01314140
0.53922955 0.01350011
0.54705416 0.01385309
0.55486716 0.01420040
0.56266662 0.01454212
0.57045062 0.01487827
0.57821723 0.01520883
0.58596455 0.01553378
0.59369066 0.01585304
0.60139365 0.01616649
0.60907162 0.01647398
0.61672268 0.01677531
0.62434494 0.01707024
0.63193652 0.01735851
0.63949555 0.01763977
0.64702016 0.01791367
0.65450850 0.01817981
0.66195871 0.01843774
0.66936896 0.01868697
0.67673742 0.01892700
0.68406228 0.01915725
0.69134172 0.01937716
0.69857395 0.01958611
0.70575718 0.01978346
0.71288965 0.01996856
0.71996958 0.02014074
0.72699525 0.02029930
0.73396491 0.02044355
0.74087684 0.02057279
0.74772933 0.02068634
0.75452071 0.02078349
0.76124928 0.02086357
0.76791340 0.02092592
0.77451141 0.02096989
0.78104169 0.02099487
0.78750263 0.02100029
0.79389263 0.02098558
0.80021011 0.02095026
0.80645353 0.02089386
0.81262133 0.02081598
0.81871199 0.02071626
0.82472402 0.02059442
0.83065593 0.02045023
0.83650626 0.02028354
0.84227355 0.02009424
0.84795640 0.01988234
0.85355339 0.01964788
0.85906315 0.01939102
0.86448431 0.01911197
0.86981555 0.01881104
0.87505553 0.01848861
0.88020298 0.01814515
0.88525662 0.01778122
0.89021520 0.01739746
0.89507751 0.01699459
0.89984233 0.01657340
0.90450850 0.01613479
0.90907486 0.01567972
0.91354029 0.01520923
0.91790368 0.01472442
0.92216396 0.01422649
0.92632008 0.01371668
0.93037101 0.01319630
0.93431576 0.01266673
0.93815334 0.01212938
0.94188282 0.01158574
0.94550326 0.01103731
0.94901379 0.01048566
0.95241353 0.00993237
0.95570164 0.00937905
0.95887731 0.00882735
0.96193977 0.00827890
0.96488824 0.00773537
0.96772202 0.00719842
0.97044038 0.00666970
0.97304268 0.00615086
0.97552826 0.00564351
0.97789651 0.00514927
0.98014684 0.00466969
0.98227871 0.00420632
0.98429158 0.00376065
0.98618496 0.00333410
0.98795838 0.00292808
0.98961141 0.00254390
0.99114363 0.00218282
0.99255466 0.00184604
0.99384417 0.00153465
0.99501183 0.00124971
0.99605735 0.00099214
0.99698048 0.00076280
0.99778098 0.00056247
0.99845867 0.00039181
0.99901336 0.00025139
0.99944494 0.00014169
0.99975328 0.00006306
0.99993832 0.00001578
1.00000000 0.00000000
