sample_1217
1.00000000 0.00000000
0.99993832 0.00002571
0.99975328 0.00010280
0.99944494 0.00023116
0.99901336 0.00041060
0.99845867 0.00064087
0.99778098 0.00092162
0.99698048 0.00125245
0.99605735 0.00163288
0.99501183 0.00206237
0.99384417 0.00254030
0.99255466 0.00306599
0.99114363 0.00363869
0.98961141 0.00425761
0.98795838 0.00492186
0.98618496 0.00563053
0.98429158 0.00638264
0.98227871 0.00717716
0.98014684 0.00801302
0.97789651 0.00888907
0.97552826 0.00980417
0.97304268 0.01075711
0.97044038 0.01174663
0.96772202 0.01277147
0.96488824 0.01383033
0.96193977 0.01492186
0.95887731 0.01604472
0.95570164 0.01719754
0.95241353 0.01837893
0.94901379 0.01958748
0.94550326 0.02082179
0.94188282 0.02208044
0.93815334 0.02336200
0.93431576 0.02466507
0.93037101 0.02598822
0.92632008 0.02733005
0.92216396 0.02868914
0.91790368 0.03006413
0.91354029 0.03145362
0.90907486 0.03285626
0.90450850 0.03427070
0.89984233 0.03569563
0.89507751 0.03712976
0.89021520 0.03857180
0.88525662 0.04002050
0.88020298 0.04147466
0.87505553 0.04293307
0.86981555 0.04439458
0.86448431 0.04585805
0.85906315 0.04732238
0.85355339 0.04878650
0.84795640 0.05024938
0.84227355 0.05171001
0.83650626 0.05316741
0.83065593 0.05462065
0.82472402 0.05606881
0.81871199 0.05751102
0.81262133 0.05894643
0.80645353 0.06037423
0.80021011 0.06179362
0.79389263 0.06320384
0.78750263 0.06460418
0.78104169 0.06599391
0.77451141 0.06737236
0.76791340 0.06873887
0.76124928 0.07009280
0.75452071 0.07143356
0.74772933 0.07276053
0.74087684 0.07407315
0.73396491 0.07537085
0.72699525 0.07665311
0.71996958 0.07791937
0.71288965 0.07916914
0.70575718 0.08040190
0.69857395 0.08161716
0.69134172 0.08281443
0.68406228 0.08399324
0.67673742 0.08515309
0.66936896 0.08629354
0.66195871 0.08741410
0.65450850 0.08851432
0.64702016 0.08959374
0.63949555 0.09065188
0.63193652 0.09168830
0.62434494 0.09270252
0.61672268 0.09369408
0.60907162 0.09466252
0.60139365 0.09560736
0.59369066 0.09652815
0.58596455 0.09742440
0.57821723 0.09829564
0.57045062 0.09914138
0.56266662 0.09996116
0.55486716 0.10075449
0.54705416 0.10152087
0.53922955 0.10225983
0.53139526 0.10297088
0.52355323 0.10365353
0.51570538 0.10430730
0.50785366 0.10493169
0.50000000 0.10552623
0.49214634 0.10609043
0.48429462 0.10662381
0.47644677 0.10712591
0.46860474 0.10759626
0.46077045 0.10803439
0.45294584 0.10843986
0.44513284 0.10881223
0.43733338 0.10915105
0.42954938 0.10945591
0.42178277 0.10972640
0.41403545 0.10996212
0.40630934 0.11016269
0.39860635 0.11032774
0.39092838 0.11045693
0.38327732 0.11054992
0.37565506 0.11060640
0.36806348 0.11062607
0.36050445 0.11060866
0.35297984 0.11055392
0.34549150 0.11046161
0.33804129 0.11033152
0.33063104 0.11016348
0.32326258 0.10995730
0.31593772 0.10971287
0.30865828 0.10943006
0.30142605 0.10910877
0.29424282 0.10874896
0.28711035 0.10835058
0.28003042 0.10791360
0.27300475 0.10743806
0.26603509 0.10692397
0.25912316 0.10637141
0.25227067 0.10578046
0.24547929 0.10515123
0.23875072 0.10448386
0.23208660 0.10377851
0.22548859 0.10303537
0.21895831 0.10225464
0.21249737 0.10143656
0.20610737 0.10058138
0.19978989 0.09968939
0.19354647 0.09876086
0.18737867 0.09779614
0.18128801 0.09679556
0.17527598 0.09575947
0.16934407 0.09468825
0.16349374 0.09358231
0.15772645 0.09244206
0.15204360 0.09126793
0.14644661 0.09006036
0.14093685 0.08881983
0.13551569 0.08754680
0.13018445 0.08624178
0.12494447 0.08490527
0.11979702 0.08353779
0.11474338 0.08213987
0.10978480 0.08071205
0.10492249 0.07925490
0.10015767 0.07776897
0.09549150 0.07625485
0.09092514 0.07471311
0.08645971 0.07314435
0.08209632 0.07154918
0.07783604 0.06992820
0.07367992 0.06828203
0.06962899 0.06661130
0.06568424 0.06491665
0.06184666 0.06319870
0.05811718 0.06145811
0.05449674 0.05969553
0.05098621 0.05791161
0.04758647 0.05610701
0.04429836 0.05428241
0.04112269 0.05243847
0.03806023 0.05057587
0.03511176 0.04869530
0.03227798 0.04679743
0.02955962 0.04488297
0.02695732 0.04295259
0.02447174 0.04100700
0.02210349 0.03904689
0.01985316 0.03707298
0.01772129 0.03508597
0.01570842 0.03308657
0.01381504 0.03107549
0.01204162 0.02905344
0.01038859 0.02702116
0.00885637 0.02497935
0.00744534 0.02292874
0.00615583 0.02087006
0.00498817 0.01880403
0.00394265 0.01673139
0.00301952 0.01465286
0.00221902 0.01256917
0.00154133 0.01048107
0.00098664 0.00838928
0.00055506 0.00629454
0.00024672 0.00419759
0.00006168 0.00209916
0.00000000 0.00000000
0.00006168 -0.00076070
0.00024672 -0.00151955
0.00055506 -0.00227472
0.00098664 -0.00302439
0.00154133 -0.00376675
0.00221902 -0.00450002
0.00301952 -0.00522245
0.00394265 -0.00593234
0.00498817 -0.00662803
0.00615583 -0.00730790
0.00744534 -0.00797039
0.00885637 -0.00861401
0.01038859 -0.00923732
0.01204162 -0.00983898
0.01381504 -0.01041770
0.01570842 -0.01097227
0.01772129 -0.01150158
0.01985316 -0.01200460
0.02210349 -0.01248039
0.02447174 -0.01292810
0.02695732 -0.01334698
0.02955962 -0.01373638
0.03227798 -0.01409575
0.03511176 -0.01442464
0.03806023 -0.01472269
0.04112269 -0.01498966
0.04429836 -0.01522541
0.04758647 -0.01542988
0.05098621 -0.01560313
0.05449674 -0.01574532
0.05811718 -0.01585670
0.06184666 -0.01593760
0.06568424 -0.01598847
0.06962899 -0.01600984
0.07367992 -0.01600230
0.07783604 -0.01596656
0.08209632 -0.01590337
0.08645971 -0.01581358
0.09092514 -0.01569810
0.09549150 -0.01555789
0.10015767 -0.01539399
0.10492249 -0.01520746
0.10978480 -0.01499944
0.11474338 -0.01477107
0.11979702 -0.01452357
0.12494447 -0.01425814
0.13018445 -0.01397602
0.13551569 -0.01367848
0.14093685 -0.01336677
0.14644661 -0.01304216
0.15204360 -0.01270589
0.15772645 -0.01235923
0.16349374 -0.01200339
0.16934407 -0.01163957
0.17527598 -0.01126895
0.18128801 -0.01089268
0.18737867 -0.01051183
0.19354647 -0.01012748
0.19978989 -0.00974061
0.20610737 -0.00935218
0.21249737 -0.00896307
0.21895831 -0.00857412
0.22548859 -0.00818608
0.23208660 -0.00779965
0.23875072 -0.00741546
0.24547929 -0.00703406
0.25227067 -0.00665593
0.25912316 -0.00628148
0.26603509 -0.00591105
0.27300475 -0.00554490
0.28003042 -0.00518322
0.28711035 -0.00482613
0.29424282 -0.00447367
0.30142605 -0.00412583
0.30865828 -0.00378254
0.31593772 -0.00344363
0.32326258 -0.00310892
0.33063104 -0.00277814
0.33804129 -0.00245100
0.34549150 -0.00212714
0.35297984 -0.00180618
0.36050445 -0.00148768
0.36806348 -0.00117119
0.37565506 -0.00085623
0.38327732 -0.00054231
0.39092838 -0.00022891
0.39860635 0.00008448
0.40630934 0.00039838
0.41403545 0.00071331
0.42178277 0.00102976
0.42954938 0.00134823
0.43733338 0.00166917
0.44513284 0.00199302
0.45294584 0.00232017
0.46077045 0.00265100
0.46860474 0.00298583
0.47644677 0.00332491
0.48429462 0.00366848
0.49214634 0.00401671
0.50000000 0.00436969
0.50785366 0.00472749
0.51570538 0.00509007
0.52355323 0.00545736
0.53139526 0.00582920
0.53922955 0.00620539
0.54705416 0.00658563
0.55486716 0.00696957
0.56266662 0.00735679
0.57045062 0.00774680
0.57821723 0.00813905
0.58596455 0.00853292
0.59369066 0.00892774
0.60139365 0.00932277
0.60907162 0.00971722
0.61672268 0.01011025
0.62434494 0.01050099
0.63193652 0.01088849
0.63949555 0.01127181
0.64702016 0.01164994
0.65450850 0.01202186
0.66195871 0.01238654
0.66936896 0.01274291
0.67673742 0.01308991
0.68406228 0.01342648
0.69134172 0.01375154
0.69857395 0.01406404
0.70575718 0.01436294
0.71288965 0.01464722
0.71996958 0.01491589
0.72699525 0.01516799
0.73396491 0.01540259
0.74087684 0.01561883
0.74772933 0.01581588
0.75452071 0.01599296
0.76124928 0.01614935
0.76791340 0.01628441
0.77451141 0.01639756
0.78104169 0.01648827
0.78750263 0.01655610
0.79389263 0.01660070
0.80021011 0.01662177
0.80645353 0.01661911
0.81262133 0.01659259
0.81871199 0.01654217
0.82472402 0.01646789
0.83065593 0.01636988
0.83650626 0.01624835
0.84227355 0.01610358
0.84795640 0.01593595
0.85355339 0.01574591
0.85906315 0.01553399
0.86448431 0.01530079
0.86981555 0.01504699
0.87505553 0.01477334
0.88020298 0.01448066
0.88525662 0.01416982
0.89021520 0.01384177
0.89507751 0.01349749
0.89984233 0.01313803
0.90450850 0.01276449
0.90907486 0.01237800
0.91354029 0.01197974
0.91790368 0.01157091
0.92216396 0.01115276
0.92632008 0.01072655
0.93037101 0.01029355
0.93431576 0.00985507
0.93815334 0.00941242
0.94188282 0.00896690
0.94550326 0.00851984
0.94901379 0.00807256
0.95241353 0.00762635
0.95570164 0.00718251
0.95887731 0.00674233
0.96193977 0.00630707
0.96488824 0.00587797
0.96772202 0.00545624
0.97044038 0.00504307
0.97304268 0.00463962
0.97552826 0.00424700
0.97789651 0.00386630
0.98014684 0.00349857
0.98227871 0.00314480
0.98429158 0.00280595
0.98618496 0.00248293
0.98795838 0.00217660
0.98961141 0.00188779
0.99114363 0.00161725
0.99255466 0.00136569
0.99384417 0.00113377
0.99501183 0.00092210
0.99605735 0.00073123
0.99698048 0.00056164
0.99778098 0.00041378
0.99845867 0.00028802
0.99901336 0.00018469
0.99944494 0.00010404
0.99975328 0.00004629
0.99993832 0.00001158
1.00000000 0.00000000
