sample_1323
1.00000000 0.00000000
0.99993832 0.00002874
0.99975328 0.00011490
0.99944494 0.00025833
0.99901336 0.00045880
0.99845867 0.00071595
0.99778098 0.00102935
0.99698048 0.00139847
0.99605735 0.00182268
0.99501183 0.00230127
0.99384417 0.00283342
0.99255466 0.00341825
0.99114363 0.00405479
0.98961141 0.00474199
0.98795838 0.00547871
0.98618496 0.00626376
0.98429158 0.00709586
0.98227871 0.00797370
0.98014684 0.00889586
0.97789651 0.00986092
0.97552826 0.01086737
0.97304268 0.01191367
0.97044038 0.01299824
0.96772202 0.01411947
0.96488824 0.01527571
0.96193977 0.01646531
0.95887731 0.01768657
0.95570164 0.01893781
0.95241353 0.02021732
0.94901379 0.02152340
0.94550326 0.02285436
0.94188282 0.02420850
0.93815334 0.02558418
0.93431576 0.02697973
0.93037101 0.02839354
0.92632008 0.02982403
0.92216396 0.03126964
0.91790368 0.03272888
0.91354029 0.03420027
0.90907486 0.03568242
0.90450850 0.03717396
0.89984233 0.03867360
0.89507751 0.04018011
0.89021520 0.04169231
0.88525662 0.04320909
0.88020298 0.04472943
0.87505553 0.04625235
0.86981555 0.04777695
0.86448431 0.04930241
0.85906315 0.05082798
0.85355339 0.05235298
0.84795640 0.05387678
0.84227355 0.05539885
0.83650626 0.05691872
0.83065593 0.05843596
0.82472402 0.05995024
0.81871199 0.06146126
0.81262133 0.06296879
0.80645353 0.06447265
0.80021011 0.06597271
0.79389263 0.06746887
0.78750263 0.06896107
0.78104169 0.07044930
0.77451141 0.07193356
0.76791340 0.07341387
0.76124928 0.07489028
0.75452071 0.07636283
0.74772933 0.07783157
0.74087684 0.07929655
0.73396491 0.08075780
0.72699525 0.08221534
0.71996958 0.08366916
0.71288965 0.08511924
0.70575718 0.08656549
0.69857395 0.08800781
0.69134172 0.08944603
0.68406228 0.09087994
0.67673742 0.09230928
0.66936896 0.09373372
0.66195871 0.09515285
0.65450850 0.09656621
0.64702016 0.09797326
0.63949555 0.09937338
0.63193652 0.10076589
0.62434494 0.10215002
0.61672268 0.10352490
0.60907162 0.10488962
0.60139365 0.10624315
0.59369066 0.10758440
0.58596455 0.10891221
0.57821723 0.11022533
0.57045062 0.11152244
0.56266662 0.11280214
0.55486716 0.11406299
0.54705416 0.11530347
0.53922955 0.11652199
0.53139526 0.11771694
0.52355323 0.11888663
0.51570538 0.12002936
0.50785366 0.12114337
0.50000000 0.12222689
0.49214634 0.12327813
0.48429462 0.12429529
0.47644677 0.12527654
0.46860474 0.12622009
0.46077045 0.12712414
0.45294584 0.12798691
0.44513284 0.12880665
0.43733338 0.12958165
0.42954938 0.13031023
0.42178277 0.13099077
0.41403545 0.13162170
0.40630934 0.13220153
0.39860635 0.13272880
0.39092838 0.13320218
0.38327732 0.13362038
0.37565506 0.13398222
0.36806348 0.13428659
0.36050445 0.13453252
0.35297984 0.13471908
0.34549150 0.13484550
0.33804129 0.13491108
0.33063104 0.13491524
0.32326258 0.13485751
0.31593772 0.13473754
0.30865828 0.13455506
0.30142605 0.13430994
0.29424282 0.13400215
0.28711035 0.13363177
0.28003042 0.13319897
0.27300475 0.13270404
0.26603509 0.13214737
0.25912316 0.13152942
0.25227067 0.13085077
0.24547929 0.13011207
0.23875072 0.12931407
0.23208660 0.12845757
0.22548859 0.12754347
0.21895831 0.12657270
0.21249737 0.12554629
0.20610737 0.12446528
0.19978989 0.12333080
0.19354647 0.12214399
0.18737867 0.12090604
0.18128801 0.11961815
0.17527598 0.11828157
0.16934407 0.11689753
0.16349374 0.11546732
0.15772645 0.11399218
0.15204360 0.11247340
0.14644661 0.11091222
0.14093685 0.10930990
0.13551569 0.10766767
0.13018445 0.10598677
0.12494447 0.10426837
0.11979702 0.10251366
0.11474338 0.10072379
0.10978480 0.09889986
0.10492249 0.09704297
0.10015767 0.09515417
0.09549150 0.09323447
0.09092514 0.09128487
0.08645971 0.08930631
0.08209632 0.08729971
0.07783604 0.08526595
0.07367992 0.08320589
0.06962899 0.08112035
0.06568424 0.07901011
0.06184666 0.07687595
0.05811718 0.07471861
0.05449674 0.07253880
0.05098621 0.07033721
0.04758647 0.06811453
0.04429836 0.06587141
0.04112269 0.06360852
0.03806023 0.06132648
0.03511176 0.05902594
0.03227798 0.05670753
0.02955962 0.05437187
0.02695732 0.05201959
0.02447174 0.04965133
0.02210349 0.04726773
0.01985316 0.04486943
0.01772129 0.04245709
0.01570842 0.04003138
0.01381504 0.03759298
0.01204162 0.03514257
0.01038859 0.03268088
0.00885637 0.03020861
0.00744534 0.02772652
0.00615583 0.02523535
0.00498817 0.02273587
0.00394265 0.02022887
0.00301952 0.01771514
0.00221902 0.01519549
0.00154133 0.01267075
0.00098664 0.01014174
0.00055506 0.00760931
0.00024672 0.00507430
0.00006168 0.00253758
0.00000000 0.00000000
0.00006168 -0.00067962
0.00024672 -0.00135811
0.00055506 -0.00203435
0.00098664 -0.00270722
0.00154133 -0.00337562
0.00221902 -0.00403846
0.00301952 -0.00469465
0.00394265 -0.00534316
0.00498817 -0.00598296
0.00615583 -0.00661303
0.00744534 -0.00723242
0.00885637 -0.00784019
0.01038859 -0.00843542
0.01204162 -0.00901727
0.01381504 -0.00958490
0.01570842 -0.01013753
0.01772129 -0.01067442
0.01985316 -0.01119487
0.02210349 -0.01169822
0.02447174 -0.01218387
0.02695732 -0.01265125
0.02955962 -0.01309984
0.03227798 -0.01352917
0.03511176 -0.01393882
0.03806023 -0.01432839
0.04112269 -0.01469755
0.04429836 -0.01504599
0.04758647 -0.01537347
0.05098621 -0.01567975
0.05449674 -0.01596466
0.05811718 -0.01622804
0.06184666 -0.01646979
0.06568424 -0.01668983
0.06962899 -0.01688809
0.07367992 -0.01706455
0.07783604 -0.01721921
0.08209632 -0.01735210
0.08645971 -0.01746324
0.09092514 -0.01755269
0.09549150 -0.01762054
0.10015767 -0.01766686
0.10492249 -0.01769174
0.10978480 -0.01769530
0.11474338 -0.01767765
0.11979702 -0.01763889
0.12494447 -0.01757916
0.13018445 -0.01749858
0.13551569 -0.01739726
0.14093685 -0.01727533
0.14644661 -0.01713293
0.15204360 -0.01697016
0.15772645 -0.01678715
0.16349374 -0.01658402
0.16934407 -0.01636088
0.17527598 -0.01611784
0.18128801 -0.01585503
0.18737867 -0.01557256
0.19354647 -0.01527053
0.19978989 -0.01494907
0.20610737 -0.01460830
0.21249737 -0.01424833
0.21895831 -0.01386929
0.22548859 -0.01347133
0.23208660 -0.01305458
0.23875072 -0.01261920
0.24547929 -0.01216536
0.25227067 -0.01169326
0.25912316 -0.01120308
0.26603509 -0.01069505
0.27300475 -0.01016942
0.28003042 -0.00962646
0.28711035 -0.00906644
0.29424282 -0.00848971
0.30142605 -0.00789660
0.30865828 -0.00728750
0.31593772 -0.00666282
0.32326258 -0.00602301
0.33063104 -0.00536857
0.33804129 -0.00470000
0.34549150 -0.00401787
0.35297984 -0.00332278
0.36050445 -0.00261537
0.36806348 -0.00189631
0.37565506 -0.00116633
0.38327732 -0.00042618
0.39092838 0.00032333
0.39860635 0.00108138
0.40630934 0.00184708
0.41403545 0.00261952
0.42178277 0.00339775
0.42954938 0.00418080
0.43733338 0.00496763
0.44513284 0.00575720
0.45294584 0.00654845
0.46077045 0.00734025
0.46860474 0.00813149
0.47644677 0.00892102
0.48429462 0.00970767
0.49214634 0.01049025
0.50000000 0.01126758
0.50785366 0.01203843
0.51570538 0.01280161
0.52355323 0.01355590
0.53139526 0.01430008
0.53922955 0.01503295
0.54705416 0.01575329
0.55486716 0.01645993
0.56266662 0.01715168
0.57045062 0.01782738
0.57821723 0.01848589
0.58596455 0.01912610
0.59369066 0.01974693
0.60139365 0.02034732
0.60907162 0.02092624
0.61672268 0.02148271
0.62434494 0.02201578
0.63193652 0.02252456
0.63949555 0.02300819
0.64702016 0.02346584
0.65450850 0.02389677
0.66195871 0.02430025
0.66936896 0.02467564
0.67673742 0.02502234
0.68406228 0.02533978
0.69134172 0.02562750
0.69857395 0.02588506
0.70575718 0.02611210
0.71288965 0.02630830
0.71996958 0.02647342
0.72699525 0.02660728
0.73396491 0.02670976
0.74087684 0.02678081
0.74772933 0.02682042
0.75452071 0.02682868
0.76124928 0.02680570
0.76791340 0.02675169
0.77451141 0.02666689
0.78104169 0.02655163
0.78750263 0.02640628
0.79389263 0.02623128
0.80021011 0.02602713
0.80645353 0.02579436
0.81262133 0.02553361
0.81871199 0.02524551
0.82472402 0.02493080
0.83065593 0.02459024
0.83650626 0.02422464
0.84227355 0.02383489
0.84795640 0.02342188
0.85355339 0.02298658
0.85906315 0.02252999
0.86448431 0.02205316
0.86981555 0.02155717
0.87505553 0.02104315
0.88020298 0.02051224
0.88525662 0.01996564
0.89021520 0.01940457
0.89507751 0.01883028
0.89984233 0.01824404
0.90450850 0.01764716
0.90907486 0.01704096
0.91354029 0.01642677
0.91790368 0.01580595
0.92216396 0.01517988
0.92632008 0.01454993
0.93037101 0.01391749
0.93431576 0.01328396
0.93815334 0.01265074
0.94188282 0.01201923
0.94550326 0.01139082
0.94901379 0.01076690
0.95241353 0.01014885
0.95570164 0.00953806
0.95887731 0.00893586
0.96193977 0.00834360
0.96488824 0.00776260
0.96772202 0.00719415
0.97044038 0.00663953
0.97304268 0.00609998
0.97552826 0.00557669
0.97789651 0.00507086
0.98014684 0.00458361
0.98227871 0.00411604
0.98429158 0.00366921
0.98618496 0.00324413
0.98795838 0.00284175
0.98961141 0.00246300
0.99114363 0.00210873
0.99255466 0.00177974
0.99384417 0.00147678
0.99501183 0.00120055
0.99605735 0.00095167
0.99698048 0.00073072
0.99778098 0.00053819
0.99845867 0.00037453
0.99901336 0.00024011
0.99944494 0.00013525
0.99975328 0.00006017
0.99993832 0.00001505
1.00000000 0.00000000
