sample_510
1.00000000 0.00000000
0.99993832 0.00002453
0.99975328 0.00009810
0.99944494 0.00022064
0.99901336 0.00039202
0.99845867 0.00061208
0.99778098 0.00088061
0.99698048 0.00119734
0.99605735 0.00156196
0.99501183 0.00197411
0.99384417 0.00243339
0.99255466 0.00293935
0.99114363 0.00349148
0.98961141 0.00408924
0.98795838 0.00473202
0.98618496 0.00541920
0.98429158 0.00615007
0.98227871 0.00692391
0.98014684 0.00773994
0.97789651 0.00859733
0.97552826 0.00949520
0.97304268 0.01043266
0.97044038 0.01140874
0.96772202 0.01242246
0.96488824 0.01347277
0.96193977 0.01455861
0.95887731 0.01567886
0.95570164 0.01683238
0.95241353 0.01801799
0.94901379 0.01923449
0.94550326 0.02048063
0.94188282 0.02175516
0.93815334 0.02305678
0.93431576 0.02438420
0.93037101 0.02573607
0.92632008 0.02711107
0.92216396 0.02850782
0.91790368 0.02992497
0.91354029 0.03136114
0.90907486 0.03281496
0.90450850 0.03428504
0.89984233 0.03577002
0.89507751 0.03726852
0.89021520 0.03877918
0.88525662 0.04030066
0.88020298 0.04183162
0.87505553 0.04337074
0.86981555 0.04491673
0.86448431 0.04646831
0.85906315 0.04802425
0.85355339 0.04958331
0.84795640 0.05114432
0.84227355 0.05270611
0.83650626 0.05426757
0.83065593 0.05582760
0.82472402 0.05738516
0.81871199 0.05893923
0.81262133 0.06048885
0.80645353 0.06203307
0.80021011 0.06357100
0.79389263 0.06510178
0.78750263 0.06662459
0.78104169 0.06813866
0.77451141 0.06964324
0.76791340 0.07113763
0.76124928 0.07262114
0.75452071 0.07409314
0.74772933 0.07555302
0.74087684 0.07700020
0.73396491 0.07843411
0.72699525 0.07985424
0.71996958 0.08126006
0.71288965 0.08265109
0.70575718 0.08402684
0.69857395 0.08538685
0.69134172 0.08673065
0.68406228 0.08805781
0.67673742 0.08936785
0.66936896 0.09066034
0.66195871 0.09193482
0.65450850 0.09319082
0.64702016 0.09442787
0.63949555 0.09564549
0.63193652 0.09684317
0.62434494 0.09802040
0.61672268 0.09917663
0.60907162 0.10031131
0.60139365 0.10142386
0.59369066 0.10251365
0.58596455 0.10358006
0.57821723 0.10462242
0.57045062 0.10564003
0.56266662 0.10663219
0.55486716 0.10759813
0.54705416 0.10853708
0.53922955 0.10944825
0.53139526 0.11033079
0.52355323 0.11118386
0.51570538 0.11200657
0.50785366 0.11279804
0.50000000 0.11355733
0.49214634 0.11428354
0.48429462 0.11497569
0.47644677 0.11563285
0.46860474 0.11625405
0.46077045 0.11683833
0.45294584 0.11738471
0.44513284 0.11789226
0.43733338 0.11836000
0.42954938 0.11878701
0.42178277 0.11917238
0.41403545 0.11951519
0.40630934 0.11981458
0.39860635 0.12006970
0.39092838 0.12027975
0.38327732 0.12044395
0.37565506 0.12056159
0.36806348 0.12063196
0.36050445 0.12065445
0.35297984 0.12062847
0.34549150 0.12055350
0.33804129 0.12042907
0.33063104 0.12025478
0.32326258 0.12003029
0.31593772 0.11975533
0.30865828 0.11942969
0.30142605 0.11905324
0.29424282 0.11862592
0.28711035 0.11814774
0.28003042 0.11761876
0.27300475 0.11703916
0.26603509 0.11640914
0.25912316 0.11572901
0.25227067 0.11499913
0.24547929 0.11421993
0.23875072 0.11339193
0.23208660 0.11251568
0.22548859 0.11159182
0.21895831 0.11062103
0.21249737 0.10960408
0.20610737 0.10854176
0.19978989 0.10743494
0.19354647 0.10628451
0.18737867 0.10509144
0.18128801 0.10385672
0.17527598 0.10258137
0.16934407 0.10126647
0.16349374 0.09991310
0.15772645 0.09852240
0.15204360 0.09709550
0.14644661 0.09563356
0.14093685 0.09413777
0.13551569 0.09260931
0.13018445 0.09104936
0.12494447 0.08945913
0.11979702 0.08783980
0.11474338 0.08619257
0.10978480 0.08451862
0.10492249 0.08281912
0.10015767 0.08109523
0.09549150 0.07934808
0.09092514 0.07757879
0.08645971 0.07578847
0.08209632 0.07397819
0.07783604 0.07214899
0.07367992 0.07030190
0.06962899 0.06843791
0.06568424 0.06655797
0.06184666 0.06466303
0.05811718 0.06275397
0.05449674 0.06083166
0.05098621 0.05889692
0.04758647 0.05695056
0.04429836 0.05499334
0.04112269 0.05302598
0.03806023 0.05104918
0.03511176 0.04906360
0.03227798 0.04706987
0.02955962 0.04506858
0.02695732 0.04306030
0.02447174 0.04104556
0.02210349 0.03902487
0.01985316 0.03699871
0.01772129 0.03496752
0.01570842 0.03293172
0.01381504 0.03089173
0.01204162 0.02884790
0.01038859 0.02680061
0.00885637 0.02475018
0.00744534 0.02269692
0.00615583 0.02064113
0.00498817 0.01858310
0.00394265 0.01652309
0.00301952 0.01446135
0.00221902 0.01239813
0.00154133 0.01033365
0.00098664 0.00826814
0.00055506 0.00620181
0.00024672 0.00413488
0.00006168 0.00206754
0.00000000 0.00000000
0.00006168 -0.00116025
0.00024672 -0.00231907
0.00055506 -0.00347502
0.00098664 -0.00462667
0.00154133 -0.00577259
0.00221902 -0.00691134
0.00301952 -0.00804149
0.00394265 -0.00916159
0.00498817 -0.01027020
0.00615583 -0.01136588
0.00744534 -0.01244720
0.00885637 -0.01351271
0.01038859 -0.01456097
0.01204162 -0.01559055
0.01381504 -0.01660001
0.01570842 -0.01758795
0.01772129 -0.01855294
0.01985316 -0.01949359
0.02210349 -0.02040851
0.02447174 -0.02129635
0.02695732 -0.02215575
0.02955962 -0.02298541
0.03227798 -0.02378405
0.03511176 -0.02455041
0.03806023 -0.02528329
0.04112269 -0.02598152
0.04429836 -0.02664399
0.04758647 -0.02726963
0.05098621 -0.02785745
0.05449674 -0.02840651
0.05811718 -0.02891594
0.06184666 -0.02938493
0.06568424 -0.02981278
0.06962899 -0.03019884
0.07367992 -0.03054257
0.07783604 -0.03084351
0.08209632 -0.03110129
0.08645971 -0.03131565
0.09092514 -0.03148642
0.09549150 -0.03161353
0.10015767 -0.03169703
0.10492249 -0.03173707
0.10978480 -0.03173391
0.11474338 -0.03168790
0.11979702 -0.03159952
0.12494447 -0.03146936
0.13018445 -0.03129809
0.13551569 -0.03108652
0.14093685 -0.03083553
0.14644661 -0.03054612
0.15204360 -0.03021938
0.15772645 -0.02985648
0.16349374 -0.02945871
0.16934407 -0.02902742
0.17527598 -0.02856402
0.18128801 -0.02807003
0.18737867 -0.02754700
0.19354647 -0.02699656
0.19978989 -0.02642038
0.20610737 -0.02582017
0.21249737 -0.02519769
0.21895831 -0.02455472
0.22548859 -0.02389305
0.23208660 -0.02321448
0.23875072 -0.02252085
0.24547929 -0.02181395
0.25227067 -0.02109557
0.25912316 -0.02036750
0.26603509 -0.01963148
0.27300475 -0.01888922
0.28003042 -0.01814239
0.28711035 -0.01739261
0.29424282 -0.01664144
0.30142605 -0.01589039
0.30865828 -0.01514088
0.31593772 -0.01439428
0.32326258 -0.01365189
0.33063104 -0.01291489
0.33804129 -0.01218442
0.34549150 -0.01146151
0.35297984 -0.01074711
0.36050445 -0.01004208
0.36806348 -0.00934718
0.37565506 -0.00866310
0.38327732 -0.00799041
0.39092838 -0.00732963
0.39860635 -0.00668116
0.40630934 -0.00604534
0.41403545 -0.00542240
0.42178277 -0.00481252
0.42954938 -0.00421579
0.43733338 -0.00363224
0.44513284 -0.00306182
0.45294584 -0.00250444
0.46077045 -0.00195993
0.46860474 -0.00142810
0.47644677 -0.00090869
0.48429462 -0.00040142
0.49214634 0.00009401
0.50000000 0.00057797
0.50785366 0.00105079
0.51570538 0.00151286
0.52355323 0.00196454
0.53139526 0.00240622
0.53922955 0.00283825
0.54705416 0.00326101
0.55486716 0.00367483
0.56266662 0.00408003
0.57045062 0.00447690
0.57821723 0.00486570
0.58596455 0.00524667
0.59369066 0.00561999
0.60139365 0.00598581
0.60907162 0.00634424
0.61672268 0.00669534
0.62434494 0.00703912
0.63193652 0.00737556
0.63949555 0.00770456
0.64702016 0.00802601
0.65450850 0.00833973
0.66195871 0.00864550
0.66936896 0.00894305
0.67673742 0.00923209
0.68406228 0.00951227
0.69134172 0.00978320
0.69857395 0.01004448
0.70575718 0.01029566
0.71288965 0.01053627
0.71996958 0.01076582
0.72699525 0.01098380
0.73396491 0.01118971
0.74087684 0.01138300
0.74772933 0.01156315
0.75452071 0.01172965
0.76124928 0.01188196
0.76791340 0.01201958
0.77451141 0.01214203
0.78104169 0.01224883
0.78750263 0.01233956
0.79389263 0.01241380
0.80021011 0.01247118
0.80645353 0.01251138
0.81262133 0.01253410
0.81871199 0.01253911
0.82472402 0.01252622
0.83065593 0.01249530
0.83650626 0.01244627
0.84227355 0.01237910
0.84795640 0.01229385
0.85355339 0.01219062
0.85906315 0.01206957
0.86448431 0.01193093
0.86981555 0.01177500
0.87505553 0.01160214
0.88020298 0.01141278
0.88525662 0.01120738
0.89021520 0.01098652
0.89507751 0.01075078
0.89984233 0.01050084
0.90450850 0.01023742
0.90907486 0.00996129
0.91354029 0.00967327
0.91790368 0.00937424
0.92216396 0.00906511
0.92632008 0.00874684
0.93037101 0.00842043
0.93431576 0.00808691
0.93815334 0.00774732
0.94188282 0.00740275
0.94550326 0.00705430
0.94901379 0.00670310
0.95241353 0.00635028
0.95570164 0.00599697
0.95887731 0.00564432
0.96193977 0.00529348
0.96488824 0.00494558
0.96772202 0.00460176
0.97044038 0.00426313
0.97304268 0.00393080
0.97552826 0.00360585
0.97789651 0.00328933
0.98014684 0.00298227
0.98227871 0.00268568
0.98429158 0.00240051
0.98618496 0.00212768
0.98795838 0.00186809
0.98961141 0.00162257
0.99114363 0.00139192
0.99255466 0.00117688
0.99384417 0.00097815
0.99501183 0.00079636
0.99605735 0.00063210
0.99698048 0.00048590
0.99778098 0.00035824
0.99845867 0.00024951
0.99901336 0.00016007
0.99944494 0.00009021
0.99975328 0.00004015
0.99993832 0.00001005
1.00000000 0.00000000
