sample_452
1.00000000 0.00000000
0.99993832 0.00002513
0.99975328 0.00010048
0.99944494 0.00022602
0.99901336 0.00040166
0.99845867 0.00062727
0.99778098 0.00090270
0.99698048 0.00122776
0.99605735 0.00160223
0.99501183 0.00202585
0.99384417 0.00249832
0.99255466 0.00301930
0.99114363 0.00358842
0.98961141 0.00420528
0.98795838 0.00486942
0.98618496 0.00558037
0.98429158 0.00633759
0.98227871 0.00714051
0.98014684 0.00798854
0.97789651 0.00888102
0.97552826 0.00981726
0.97304268 0.01079653
0.97044038 0.01181806
0.96772202 0.01288103
0.96488824 0.01398459
0.96193977 0.01512783
0.95887731 0.01630982
0.95570164 0.01752957
0.95241353 0.01878605
0.94901379 0.02007821
0.94550326 0.02140494
0.94188282 0.02276509
0.93815334 0.02415749
0.93431576 0.02558092
0.93037101 0.02703413
0.92632008 0.02851583
0.92216396 0.03002471
0.91790368 0.03155941
0.91354029 0.03311857
0.90907486 0.03470078
0.90450850 0.03630461
0.89984233 0.03792861
0.89507751 0.03957132
0.89021520 0.04123126
0.88525662 0.04290692
0.88020298 0.04459678
0.87505553 0.04629934
0.86981555 0.04801305
0.86448431 0.04973640
0.85906315 0.05146783
0.85355339 0.05320583
0.84795640 0.05494885
0.84227355 0.05669537
0.83650626 0.05844388
0.83065593 0.06019288
0.82472402 0.06194086
0.81871199 0.06368636
0.81262133 0.06542792
0.80645353 0.06716409
0.80021011 0.06889346
0.79389263 0.07061464
0.78750263 0.07232625
0.78104169 0.07402696
0.77451141 0.07571545
0.76791340 0.07739044
0.76124928 0.07905067
0.75452071 0.08069491
0.74772933 0.08232198
0.74087684 0.08393073
0.73396491 0.08552001
0.72699525 0.08708875
0.71996958 0.08863588
0.71288965 0.09016039
0.70575718 0.09166127
0.69857395 0.09313758
0.69134172 0.09458840
0.68406228 0.09601283
0.67673742 0.09741003
0.66936896 0.09877916
0.66195871 0.10011944
0.65450850 0.10143010
0.64702016 0.10271043
0.63949555 0.10395972
0.63193652 0.10517731
0.62434494 0.10636255
0.61672268 0.10751484
0.60907162 0.10863359
0.60139365 0.10971825
0.59369066 0.11076829
0.58596455 0.11178320
0.57821723 0.11276252
0.57045062 0.11370578
0.56266662 0.11461256
0.55486716 0.11548246
0.54705416 0.11631509
0.53922955 0.11711010
0.53139526 0.11786716
0.52355323 0.11858595
0.51570538 0.11926620
0.50785366 0.11990762
0.50000000 0.12050999
0.49214634 0.12107308
0.48429462 0.12159669
0.47644677 0.12208065
0.46860474 0.12252481
0.46077045 0.12292903
0.45294584 0.12329320
0.44513284 0.12361725
0.43733338 0.12390110
0.42954938 0.12414471
0.42178277 0.12434805
0.41403545 0.12451114
0.40630934 0.12463399
0.39860635 0.12471664
0.39092838 0.12475916
0.38327732 0.12476162
0.37565506 0.12472412
0.36806348 0.12464680
0.36050445 0.12452978
0.35297984 0.12437321
0.34549150 0.12417728
0.33804129 0.12394216
0.33063104 0.12366805
0.32326258 0.12335517
0.31593772 0.12300374
0.30865828 0.12261400
0.30142605 0.12218617
0.29424282 0.12172053
0.28711035 0.12121731
0.28003042 0.12067679
0.27300475 0.12009922
0.26603509 0.11948487
0.25912316 0.11883400
0.25227067 0.11814687
0.24547929 0.11742375
0.23875072 0.11666489
0.23208660 0.11587053
0.22548859 0.11504091
0.21895831 0.11417627
0.21249737 0.11327683
0.20610737 0.11234280
0.19978989 0.11137437
0.19354647 0.11037174
0.18737867 0.10933508
0.18128801 0.10826455
0.17527598 0.10716030
0.16934407 0.10602245
0.16349374 0.10485114
0.15772645 0.10364647
0.15204360 0.10240852
0.14644661 0.10113740
0.14093685 0.09983316
0.13551569 0.09849586
0.13018445 0.09712558
0.12494447 0.09572235
0.11979702 0.09428621
0.11474338 0.09281722
0.10978480 0.09131540
0.10492249 0.08978080
0.10015767 0.08821347
0.09549150 0.08661346
0.09092514 0.08498083
0.08645971 0.08331565
0.08209632 0.08161802
0.07783604 0.07988805
0.07367992 0.07812586
0.06962899 0.07633160
0.06568424 0.07450546
0.06184666 0.07264764
0.05811718 0.07075838
0.05449674 0.06883796
0.05098621 0.06688670
0.04758647 0.06490494
0.04429836 0.06289309
0.04112269 0.06085159
0.03806023 0.05878092
0.03511176 0.05668162
0.03227798 0.05455428
0.02955962 0.05239954
0.02695732 0.05021809
0.02447174 0.04801067
0.02210349 0.04577808
0.01985316 0.04352116
0.01772129 0.04124083
0.01570842 0.03893804
0.01381504 0.03661379
0.01204162 0.03426916
0.01038859 0.03190523
0.00885637 0.02952318
0.00744534 0.02712421
0.00615583 0.02470955
0.00498817 0.02228051
0.00394265 0.01983839
0.00301952 0.01738457
0.00221902 0.01492044
0.00154133 0.01244740
0.00098664 0.00996692
0.00055506 0.00748045
0.00024672 0.00498948
0.00006168 0.00249549
0.00000000 0.00000000
0.00006168 -0.00103820
0.00024672 -0.00207477
0.00055506 -0.00310810
0.00098664 -0.00413658
0.00154133 -0.00515859
0.00221902 -0.00617255
0.00301952 -0.00717687
0.00394265 -0.00816998
0.00498817 -0.00915033
0.00615583 -0.01011640
0.00744534 -0.01106669
0.00885637 -0.01199971
0.01038859 -0.01291402
0.01204162 -0.01380821
0.01381504 -0.01468089
0.01570842 -0.01553071
0.01772129 -0.01635639
0.01985316 -0.01715665
0.02210349 -0.01793028
0.02447174 -0.01867611
0.02695732 -0.01939304
0.02955962 -0.02007999
0.03227798 -0.02073597
0.03511176 -0.02136002
0.03806023 -0.02195126
0.04112269 -0.02250887
0.04429836 -0.02303209
0.04758647 -0.02352022
0.05098621 -0.02397266
0.05449674 -0.02438884
0.05811718 -0.02476830
0.06184666 -0.02511062
0.06568424 -0.02541549
0.06962899 -0.02568266
0.07367992 -0.02591195
0.07783604 -0.02610327
0.08209632 -0.02625661
0.08645971 -0.02637202
0.09092514 -0.02644965
0.09549150 -0.02648973
0.10015767 -0.02649254
0.10492249 -0.02645847
0.10978480 -0.02638796
0.11474338 -0.02628154
0.11979702 -0.02613981
0.12494447 -0.02596342
0.13018445 -0.02575313
0.13551569 -0.02550972
0.14093685 -0.02523407
0.14644661 -0.02492709
0.15204360 -0.02458977
0.15772645 -0.02422313
0.16349374 -0.02382826
0.16934407 -0.02340628
0.17527598 -0.02295837
0.18128801 -0.02248572
0.18737867 -0.02198957
0.19354647 -0.02147118
0.19978989 -0.02093185
0.20610737 -0.02037287
0.21249737 -0.01979558
0.21895831 -0.01920129
0.22548859 -0.01859133
0.23208660 -0.01796705
0.23875072 -0.01732977
0.24547929 -0.01668081
0.25227067 -0.01602146
0.25912316 -0.01535302
0.26603509 -0.01467674
0.27300475 -0.01399387
0.28003042 -0.01330561
0.28711035 -0.01261312
0.29424282 -0.01191755
0.30142605 -0.01121999
0.30865828 -0.01052149
0.31593772 -0.00982305
0.32326258 -0.00912564
0.33063104 -0.00843015
0.33804129 -0.00773745
0.34549150 -0.00704835
0.35297984 -0.00636359
0.36050445 -0.00568388
0.36806348 -0.00500986
0.37565506 -0.00434212
0.38327732 -0.00368120
0.39092838 -0.00302759
0.39860635 -0.00238172
0.40630934 -0.00174399
0.41403545 -0.00111472
0.42178277 -0.00049422
0.42954938 0.00011727
0.43733338 0.00071953
0.44513284 0.00131240
0.45294584 0.00189574
0.46077045 0.00246944
0.46860474 0.00303342
0.47644677 0.00358764
0.48429462 0.00413207
0.49214634 0.00466670
0.50000000 0.00519153
0.50785366 0.00570657
0.51570538 0.00621185
0.52355323 0.00670740
0.53139526 0.00719324
0.53922955 0.00766940
0.54705416 0.00813589
0.55486716 0.00859274
0.56266662 0.00903993
0.57045062 0.00947745
0.57821723 0.00990527
0.58596455 0.01032333
0.59369066 0.01073157
0.60139365 0.01112988
0.60907162 0.01151815
0.61672268 0.01189623
0.62434494 0.01226396
0.63193652 0.01262112
0.63949555 0.01296751
0.64702016 0.01330287
0.65450850 0.01362691
0.66195871 0.01393934
0.66936896 0.01423984
0.67673742 0.01452804
0.68406228 0.01480359
0.69134172 0.01506608
0.69857395 0.01531512
0.70575718 0.01555027
0.71288965 0.01577111
0.71996958 0.01597719
0.72699525 0.01616805
0.73396491 0.01634326
0.74087684 0.01650235
0.74772933 0.01664487
0.75452071 0.01677040
0.76124928 0.01687850
0.76791340 0.01696875
0.77451141 0.01704077
0.78104169 0.01709418
0.78750263 0.01712865
0.79389263 0.01714385
0.80021011 0.01713951
0.80645353 0.01711539
0.81262133 0.01707129
0.81871199 0.01700705
0.82472402 0.01692257
0.83065593 0.01681779
0.83650626 0.01669270
0.84227355 0.01654737
0.84795640 0.01638189
0.85355339 0.01619644
0.85906315 0.01599124
0.86448431 0.01576660
0.86981555 0.01552287
0.87505553 0.01526046
0.88020298 0.01497987
0.88525662 0.01468165
0.89021520 0.01436641
0.89507751 0.01403483
0.89984233 0.01368764
0.90450850 0.01332567
0.90907486 0.01294976
0.91354029 0.01256083
0.91790368 0.01215988
0.92216396 0.01174791
0.92632008 0.01132602
0.93037101 0.01089533
0.93431576 0.01045701
0.93815334 0.01001227
0.94188282 0.00956236
0.94550326 0.00910855
0.94901379 0.00865215
0.95241353 0.00819448
0.95570164 0.00773690
0.95887731 0.00728076
0.96193977 0.00682744
0.96488824 0.00637830
0.96772202 0.00593471
0.97044038 0.00549805
0.97304268 0.00506965
0.97552826 0.00465087
0.97789651 0.00424300
0.98014684 0.00384735
0.98227871 0.00346515
0.98429158 0.00309764
0.98618496 0.00274599
0.98795838 0.00241133
0.98961141 0.00209475
0.99114363 0.00179725
0.99255466 0.00151983
0.99384417 0.00126337
0.99501183 0.00102871
0.99605735 0.00081664
0.99698048 0.00062784
0.99778098 0.00046293
0.99845867 0.00032246
0.99901336 0.00020689
0.99944494 0.00011660
0.99975328 0.00005190
0.99993832 0.00001299
1.00000000 0.00000000
