sample_1103
1.00000000 0.00000000
0.99993832 0.00002222
0.99975328 0.00008887
0.99944494 0.00019991
0.99901336 0.00035530
0.99845867 0.00055497
0.99778098 0.00079884
0.99698048 0.00108679
0.99605735 0.00141870
0.99501183 0.00179442
0.99384417 0.00221379
0.99255466 0.00267662
0.99114363 0.00318271
0.98961141 0.00373182
0.98795838 0.00432371
0.98618496 0.00495812
0.98429158 0.00563477
0.98227871 0.00635333
0.98014684 0.00711350
0.97789651 0.00791491
0.97552826 0.00875720
0.97304268 0.00963998
0.97044038 0.01056283
0.96772202 0.01152533
0.96488824 0.01252701
0.96193977 0.01356739
0.95887731 0.01464598
0.95570164 0.01576224
0.95241353 0.01691563
0.94901379 0.01810557
0.94550326 0.01933146
0.94188282 0.02059268
0.93815334 0.02188857
0.93431576 0.02321845
0.93037101 0.02458162
0.92632008 0.02597735
0.92216396 0.02740486
0.91790368 0.02886337
0.91354029 0.03035206
0.90907486 0.03187008
0.90450850 0.03341653
0.89984233 0.03499051
0.89507751 0.03659106
0.89021520 0.03821720
0.88525662 0.03986792
0.88020298 0.04154218
0.87505553 0.04323887
0.86981555 0.04495690
0.86448431 0.04669510
0.85906315 0.04845229
0.85355339 0.05022724
0.84795640 0.05201869
0.84227355 0.05382535
0.83650626 0.05564589
0.83065593 0.05747894
0.82472402 0.05932311
0.81871199 0.06117695
0.81262133 0.06303900
0.80645353 0.06490776
0.80021011 0.06678170
0.79389263 0.06865925
0.78750263 0.07053882
0.78104169 0.07241879
0.77451141 0.07429751
0.76791340 0.07617331
0.76124928 0.07804449
0.75452071 0.07990934
0.74772933 0.08176611
0.74087684 0.08361306
0.73396491 0.08544841
0.72699525 0.08727039
0.71996958 0.08907720
0.71288965 0.09086706
0.70575718 0.09263817
0.69857395 0.09438872
0.69134172 0.09611693
0.68406228 0.09782100
0.67673742 0.09949916
0.66936896 0.10114965
0.66195871 0.10277071
0.65450850 0.10436063
0.64702016 0.10591769
0.63949555 0.10744024
0.63193652 0.10892662
0.62434494 0.11037523
0.61672268 0.11178451
0.60907162 0.11315293
0.60139365 0.11447901
0.59369066 0.11576134
0.58596455 0.11699853
0.57821723 0.11818928
0.57045062 0.11933233
0.56266662 0.12042648
0.55486716 0.12147061
0.54705416 0.12246367
0.53922955 0.12340466
0.53139526 0.12429268
0.52355323 0.12512688
0.51570538 0.12590652
0.50785366 0.12663090
0.50000000 0.12729944
0.49214634 0.12791162
0.48429462 0.12846699
0.47644677 0.12896521
0.46860474 0.12940601
0.46077045 0.12978921
0.45294584 0.13011470
0.44513284 0.13038247
0.43733338 0.13059258
0.42954938 0.13074516
0.42178277 0.13084045
0.41403545 0.13087873
0.40630934 0.13086039
0.39860635 0.13078587
0.39092838 0.13065568
0.38327732 0.13047041
0.37565506 0.13023070
0.36806348 0.12993726
0.36050445 0.12959085
0.35297984 0.12919231
0.34549150 0.12874248
0.33804129 0.12824229
0.33063104 0.12769269
0.32326258 0.12709468
0.31593772 0.12644928
0.30865828 0.12575754
0.30142605 0.12502054
0.29424282 0.12423938
0.28711035 0.12341518
0.28003042 0.12254905
0.27300475 0.12164213
0.26603509 0.12069555
0.25912316 0.11971043
0.25227067 0.11868791
0.24547929 0.11762910
0.23875072 0.11653509
0.23208660 0.11540697
0.22548859 0.11424580
0.21895831 0.11305261
0.21249737 0.11182842
0.20610737 0.11057421
0.19978989 0.10929092
0.19354647 0.10797947
0.18737867 0.10664073
0.18128801 0.10527555
0.17527598 0.10388472
0.16934407 0.10246901
0.16349374 0.10102913
0.15772645 0.09956577
0.15204360 0.09807956
0.14644661 0.09657109
0.14093685 0.09504093
0.13551569 0.09348958
0.13018445 0.09191753
0.12494447 0.09032522
0.11979702 0.08871304
0.11474338 0.08708138
0.10978480 0.08543056
0.10492249 0.08376090
0.10015767 0.08207268
0.09549150 0.08036615
0.09092514 0.07864155
0.08645971 0.07689910
0.08209632 0.07513900
0.07783604 0.07336142
0.07367992 0.07156656
0.06962899 0.06975458
0.06568424 0.06792564
0.06184666 0.06607991
0.05811718 0.06421757
0.05449674 0.06233877
0.05098621 0.06044372
0.04758647 0.05853259
0.04429836 0.05660560
0.04112269 0.05466297
0.03806023 0.05270495
0.03511176 0.05073180
0.03227798 0.04874379
0.02955962 0.04674126
0.02695732 0.04472453
0.02447174 0.04269397
0.02210349 0.04064998
0.01985316 0.03859297
0.01772129 0.03652342
0.01570842 0.03444179
0.01381504 0.03234860
0.01204162 0.03024441
0.01038859 0.02812979
0.00885637 0.02600533
0.00744534 0.02387169
0.00615583 0.02172952
0.00498817 0.01957950
0.00394265 0.01742235
0.00301952 0.01525879
0.00221902 0.01308959
0.00154133 0.01091552
0.00098664 0.00873735
0.00055506 0.00655591
0.00024672 0.00437198
0.00006168 0.00218641
0.00000000 0.00000000
0.00006168 -0.00061525
0.00024672 -0.00123022
0.00055506 -0.00184465
0.00098664 -0.00245824
0.00154133 -0.00307072
0.00221902 -0.00368180
0.00301952 -0.00429120
0.00394265 -0.00489861
0.00498817 -0.00550374
0.00615583 -0.00610626
0.00744534 -0.00670586
0.00885637 -0.00730221
0.01038859 -0.00789496
0.01204162 -0.00848377
0.01381504 -0.00906827
0.01570842 -0.00964807
0.01772129 -0.01022280
0.01985316 -0.01079204
0.02210349 -0.01135538
0.02447174 -0.01191238
0.02695732 -0.01246259
0.02955962 -0.01300555
0.03227798 -0.01354079
0.03511176 -0.01406780
0.03806023 -0.01458609
0.04112269 -0.01509512
0.04429836 -0.01559435
0.04758647 -0.01608325
0.05098621 -0.01656123
0.05449674 -0.01702773
0.05811718 -0.01748214
0.06184666 -0.01792388
0.06568424 -0.01835233
0.06962899 -0.01876687
0.07367992 -0.01916688
0.07783604 -0.01955171
0.08209632 -0.01992074
0.08645971 -0.02027333
0.09092514 -0.02060883
0.09549150 -0.02092660
0.10015767 -0.02122602
0.10492249 -0.02150644
0.10978480 -0.02176724
0.11474338 -0.02200782
0.11979702 -0.02222756
0.12494447 -0.02242588
0.13018445 -0.02260222
0.13551569 -0.02275601
0.14093685 -0.02288673
0.14644661 -0.02299387
0.15204360 -0.02307697
0.15772645 -0.02313556
0.16349374 -0.02316925
0.16934407 -0.02317763
0.17527598 -0.02316038
0.18128801 -0.02311718
0.18737867 -0.02304778
0.19354647 -0.02295195
0.19978989 -0.02282953
0.20610737 -0.02268038
0.21249737 -0.02250444
0.21895831 -0.02230168
0.22548859 -0.02207213
0.23208660 -0.02181588
0.23875072 -0.02153306
0.24547929 -0.02122386
0.25227067 -0.02088854
0.25912316 -0.02052741
0.26603509 -0.02014083
0.27300475 -0.01972924
0.28003042 -0.01929310
0.28711035 -0.01883295
0.29424282 -0.01834940
0.30142605 -0.01784309
0.30865828 -0.01731473
0.31593772 -0.01676507
0.32326258 -0.01619492
0.33063104 -0.01560514
0.33804129 -0.01499663
0.34549150 -0.01437035
0.35297984 -0.01372728
0.36050445 -0.01306846
0.36806348 -0.01239496
0.37565506 -0.01170788
0.38327732 -0.01100837
0.39092838 -0.01029757
0.39860635 -0.00957669
0.40630934 -0.00884693
0.41403545 -0.00810952
0.42178277 -0.00736571
0.42954938 -0.00661674
0.43733338 -0.00586388
0.44513284 -0.00510839
0.45294584 -0.00435154
0.46077045 -0.00359458
0.46860474 -0.00283877
0.47644677 -0.00208536
0.48429462 -0.00133556
0.49214634 -0.00059061
0.50000000 0.00014832
0.50785366 0.00088006
0.51570538 0.00160345
0.52355323 0.00231740
0.53139526 0.00302080
0.53922955 0.00371262
0.54705416 0.00439185
0.55486716 0.00505749
0.56266662 0.00570863
0.57045062 0.00634437
0.57821723 0.00696385
0.58596455 0.00756626
0.59369066 0.00815086
0.60139365 0.00871691
0.60907162 0.00926374
0.61672268 0.00979075
0.62434494 0.01029734
0.63193652 0.01078299
0.63949555 0.01124723
0.64702016 0.01168961
0.65450850 0.01210976
0.66195871 0.01250733
0.66936896 0.01288203
0.67673742 0.01323361
0.68406228 0.01356187
0.69134172 0.01386664
0.69857395 0.01414782
0.70575718 0.01440532
0.71288965 0.01463910
0.71996958 0.01484918
0.72699525 0.01503560
0.73396491 0.01519844
0.74087684 0.01533781
0.74772933 0.01545387
0.75452071 0.01554680
0.76124928 0.01561682
0.76791340 0.01566419
0.77451141 0.01568919
0.78104169 0.01569213
0.78750263 0.01567335
0.79389263 0.01563323
0.80021011 0.01557215
0.80645353 0.01549056
0.81262133 0.01538890
0.81871199 0.01526764
0.82472402 0.01512730
0.83065593 0.01496839
0.83650626 0.01479148
0.84227355 0.01459712
0.84795640 0.01438593
0.85355339 0.01415853
0.85906315 0.01391555
0.86448431 0.01365766
0.86981555 0.01338555
0.87505553 0.01309993
0.88020298 0.01280153
0.88525662 0.01249109
0.89021520 0.01216939
0.89507751 0.01183721
0.89984233 0.01149536
0.90450850 0.01114466
0.90907486 0.01078596
0.91354029 0.01042011
0.91790368 0.01004798
0.92216396 0.00967047
0.92632008 0.00928847
0.93037101 0.00890289
0.93431576 0.00851466
0.93815334 0.00812470
0.94188282 0.00773396
0.94550326 0.00734337
0.94901379 0.00695390
0.95241353 0.00656647
0.95570164 0.00618205
0.95887731 0.00580158
0.96193977 0.00542600
0.96488824 0.00505625
0.96772202 0.00469325
0.97044038 0.00433791
0.97304268 0.00399115
0.97552826 0.00365383
0.97789651 0.00332683
0.98014684 0.00301099
0.98227871 0.00270712
0.98429158 0.00241602
0.98618496 0.00213844
0.98795838 0.00187513
0.98961141 0.00162677
0.99114363 0.00139402
0.99255466 0.00117751
0.99384417 0.00097781
0.99501183 0.00079546
0.99605735 0.00063095
0.99698048 0.00048472
0.99778098 0.00035718
0.99845867 0.00024866
0.99901336 0.00015947
0.99944494 0.00008985
0.99975328 0.00003998
0.99993832 0.00001000
1.00000000 0.00000000
