sample_505
1.00000000 0.00000000
0.99993832 0.00002538
0.99975328 0.00010146
0.99944494 0.00022814
0.99901336 0.00040526
0.99845867 0.00063254
0.99778098 0.00090969
0.99698048 0.00123631
0.99605735 0.00161196
0.99501183 0.00203612
0.99384417 0.00250822
0.99255466 0.00302762
0.99114363 0.00359365
0.98961141 0.00420557
0.98795838 0.00486258
0.98618496 0.00556386
0.98429158 0.00630855
0.98227871 0.00709572
0.98014684 0.00792445
0.97789651 0.00879375
0.97552826 0.00970263
0.97304268 0.01065008
0.97044038 0.01163506
0.96772202 0.01265651
0.96488824 0.01371338
0.96193977 0.01480459
0.95887731 0.01592908
0.95570164 0.01708576
0.95241353 0.01827356
0.94901379 0.01949142
0.94550326 0.02073826
0.94188282 0.02201302
0.93815334 0.02331467
0.93431576 0.02464215
0.93037101 0.02599445
0.92632008 0.02737056
0.92216396 0.02876946
0.91790368 0.03019018
0.91354029 0.03163173
0.90907486 0.03309316
0.90450850 0.03457352
0.89984233 0.03607186
0.89507751 0.03758726
0.89021520 0.03911880
0.88525662 0.04066557
0.88020298 0.04222665
0.87505553 0.04380116
0.86981555 0.04538818
0.86448431 0.04698682
0.85906315 0.04859619
0.85355339 0.05021538
0.84795640 0.05184348
0.84227355 0.05347958
0.83650626 0.05512276
0.83065593 0.05677210
0.82472402 0.05842666
0.81871199 0.06008547
0.81262133 0.06174758
0.80645353 0.06341202
0.80021011 0.06507778
0.79389263 0.06674386
0.78750263 0.06840923
0.78104169 0.07007287
0.77451141 0.07173372
0.76791340 0.07339071
0.76124928 0.07504276
0.75452071 0.07668878
0.74772933 0.07832767
0.74087684 0.07995832
0.73396491 0.08157959
0.72699525 0.08319037
0.71996958 0.08478952
0.71288965 0.08637591
0.70575718 0.08794840
0.69857395 0.08950586
0.69134172 0.09104717
0.68406228 0.09257119
0.67673742 0.09407683
0.66936896 0.09556297
0.66195871 0.09702855
0.65450850 0.09847248
0.64702016 0.09989373
0.63949555 0.10129126
0.63193652 0.10266408
0.62434494 0.10401120
0.61672268 0.10533168
0.60907162 0.10662459
0.60139365 0.10788905
0.59369066 0.10912419
0.58596455 0.11032918
0.57821723 0.11150324
0.57045062 0.11264559
0.56266662 0.11375551
0.55486716 0.11483231
0.54705416 0.11587531
0.53922955 0.11688388
0.53139526 0.11785743
0.52355323 0.11879537
0.51570538 0.11969717
0.50785366 0.12056231
0.50000000 0.12139029
0.49214634 0.12218064
0.48429462 0.12293292
0.47644677 0.12364669
0.46860474 0.12432154
0.46077045 0.12495707
0.45294584 0.12555289
0.44513284 0.12610861
0.43733338 0.12662388
0.42954938 0.12709831
0.42178277 0.12753156
0.41403545 0.12792325
0.40630934 0.12827302
0.39860635 0.12858052
0.39092838 0.12884537
0.38327732 0.12906719
0.37565506 0.12924562
0.36806348 0.12938027
0.36050445 0.12947076
0.35297984 0.12951668
0.34549150 0.12951764
0.33804129 0.12947324
0.33063104 0.12938307
0.32326258 0.12924671
0.31593772 0.12906378
0.30865828 0.12883384
0.30142605 0.12855652
0.29424282 0.12823140
0.28711035 0.12785810
0.28003042 0.12743625
0.27300475 0.12696550
0.26603509 0.12644551
0.25912316 0.12587597
0.25227067 0.12525659
0.24547929 0.12458712
0.23875072 0.12386734
0.23208660 0.12309707
0.22548859 0.12227618
0.21895831 0.12140459
0.21249737 0.12048224
0.20610737 0.11950917
0.19978989 0.11848543
0.19354647 0.11741118
0.18737867 0.11628661
0.18128801 0.11511198
0.17527598 0.11388763
0.16934407 0.11261396
0.16349374 0.11129145
0.15772645 0.10992064
0.15204360 0.10850215
0.14644661 0.10703668
0.14093685 0.10552500
0.13551569 0.10396794
0.13018445 0.10236641
0.12494447 0.10072138
0.11979702 0.09903391
0.11474338 0.09730509
0.10978480 0.09553609
0.10492249 0.09372814
0.10015767 0.09188250
0.09549150 0.09000051
0.09092514 0.08808351
0.08645971 0.08613292
0.08209632 0.08415016
0.07783604 0.08213670
0.07367992 0.08009402
0.06962899 0.07802360
0.06568424 0.07592694
0.06184666 0.07380555
0.05811718 0.07166092
0.05449674 0.06949454
0.05098621 0.06730788
0.04758647 0.06510237
0.04429836 0.06287944
0.04112269 0.06064045
0.03806023 0.05838676
0.03511176 0.05611966
0.03227798 0.05384038
0.02955962 0.05155013
0.02695732 0.04925003
0.02447174 0.04694116
0.02210349 0.04462453
0.01985316 0.04230108
0.01772129 0.03997168
0.01570842 0.03763716
0.01381504 0.03529824
0.01204162 0.03295560
0.01038859 0.03060985
0.00885637 0.02826153
0.00744534 0.02591111
0.00615583 0.02355901
0.00498817 0.02120557
0.00394265 0.01885111
0.00301952 0.01649588
0.00221902 0.01414007
0.00154133 0.01178384
0.00098664 0.00942734
0.00055506 0.00707064
0.00024672 0.00471382
0.00006168 0.00235692
0.00000000 0.00000000
0.00006168 -0.00108164
0.00024672 -0.00216144
0.00055506 -0.00323756
0.00098664 -0.00430818
0.00154133 -0.00537147
0.00221902 -0.00642565
0.00301952 -0.00746892
0.00394265 -0.00849953
0.00498817 -0.00951576
0.00615583 -0.01051591
0.00744534 -0.01149833
0.00885637 -0.01246139
0.01038859 -0.01340352
0.01204162 -0.01432319
0.01381504 -0.01521892
0.01570842 -0.01608927
0.01772129 -0.01693288
0.01985316 -0.01774844
0.02210349 -0.01853468
0.02447174 -0.01929043
0.02695732 -0.02001455
0.02955962 -0.02070599
0.03227798 -0.02136377
0.03511176 -0.02198696
0.03806023 -0.02257473
0.04112269 -0.02312631
0.04429836 -0.02364100
0.04758647 -0.02411819
0.05098621 -0.02455734
0.05449674 -0.02495799
0.05811718 -0.02531976
0.06184666 -0.02564233
0.06568424 -0.02592547
0.06962899 -0.02616905
0.07367992 -0.02637298
0.07783604 -0.02653727
0.08209632 -0.02666199
0.08645971 -0.02674729
0.09092514 -0.02679341
0.09549150 -0.02680063
0.10015767 -0.02676933
0.10492249 -0.02669994
0.10978480 -0.02659295
0.11474338 -0.02644895
0.11979702 -0.02626854
0.12494447 -0.02605243
0.13018445 -0.02580135
0.13551569 -0.02551611
0.14093685 -0.02519755
0.14644661 -0.02484657
0.15204360 -0.02446412
0.15772645 -0.02405120
0.16349374 -0.02360881
0.16934407 -0.02313804
0.17527598 -0.02263998
0.18128801 -0.02211576
0.18737867 -0.02156653
0.19354647 -0.02099347
0.19978989 -0.02039778
0.20610737 -0.01978068
0.21249737 -0.01914340
0.21895831 -0.01848717
0.22548859 -0.01781325
0.23208660 -0.01712287
0.23875072 -0.01641730
0.24547929 -0.01569777
0.25227067 -0.01496553
0.25912316 -0.01422181
0.26603509 -0.01346783
0.27300475 -0.01270479
0.28003042 -0.01193388
0.28711035 -0.01115627
0.29424282 -0.01037310
0.30142605 -0.00958549
0.30865828 -0.00879454
0.31593772 -0.00800131
0.32326258 -0.00720682
0.33063104 -0.00641208
0.33804129 -0.00561806
0.34549150 -0.00482569
0.35297984 -0.00403586
0.36050445 -0.00324943
0.36806348 -0.00246721
0.37565506 -0.00168999
0.38327732 -0.00091850
0.39092838 -0.00015345
0.39860635 0.00060449
0.40630934 0.00135471
0.41403545 0.00209662
0.42178277 0.00282967
0.42954938 0.00355336
0.43733338 0.00426720
0.44513284 0.00497076
0.45294584 0.00566363
0.46077045 0.00634544
0.46860474 0.00701584
0.47644677 0.00767452
0.48429462 0.00832118
0.49214634 0.00895557
0.50000000 0.00957744
0.50785366 0.01018658
0.51570538 0.01078277
0.52355323 0.01136583
0.53139526 0.01193560
0.53922955 0.01249189
0.54705416 0.01303458
0.55486716 0.01356349
0.56266662 0.01407851
0.57045062 0.01457947
0.57821723 0.01506626
0.58596455 0.01553872
0.59369066 0.01599670
0.60139365 0.01644007
0.60907162 0.01686865
0.61672268 0.01728229
0.62434494 0.01768080
0.63193652 0.01806401
0.63949555 0.01843170
0.64702016 0.01878366
0.65450850 0.01911968
0.66195871 0.01943951
0.66936896 0.01974289
0.67673742 0.02002956
0.68406228 0.02029924
0.69134172 0.02055165
0.69857395 0.02078647
0.70575718 0.02100339
0.71288965 0.02120210
0.71996958 0.02138227
0.72699525 0.02154356
0.73396491 0.02168564
0.74087684 0.02180818
0.74772933 0.02191083
0.75452071 0.02199328
0.76124928 0.02205521
0.76791340 0.02209631
0.77451141 0.02211628
0.78104169 0.02211485
0.78750263 0.02209176
0.79389263 0.02204679
0.80021011 0.02197973
0.80645353 0.02189041
0.81262133 0.02177871
0.81871199 0.02164453
0.82472402 0.02148780
0.83065593 0.02130854
0.83650626 0.02110678
0.84227355 0.02088261
0.84795640 0.02063619
0.85355339 0.02036773
0.85906315 0.02007749
0.86448431 0.01976581
0.86981555 0.01943309
0.87505553 0.01907978
0.88020298 0.01870642
0.88525662 0.01831361
0.89021520 0.01790202
0.89507751 0.01747239
0.89984233 0.01702554
0.90450850 0.01656234
0.90907486 0.01608374
0.91354029 0.01559076
0.91790368 0.01508449
0.92216396 0.01456607
0.92632008 0.01403672
0.93037101 0.01349770
0.93431576 0.01295034
0.93815334 0.01239601
0.94188282 0.01183615
0.94550326 0.01127222
0.94901379 0.01070574
0.95241353 0.01013825
0.95570164 0.00957131
0.95887731 0.00900654
0.96193977 0.00844554
0.96488824 0.00788994
0.96772202 0.00734138
0.97044038 0.00680149
0.97304268 0.00627190
0.97552826 0.00575421
0.97789651 0.00525003
0.98014684 0.00476092
0.98227871 0.00428841
0.98429158 0.00383399
0.98618496 0.00339913
0.98795838 0.00298520
0.98961141 0.00259356
0.99114363 0.00222547
0.99255466 0.00188215
0.99384417 0.00156471
0.99501183 0.00127421
0.99605735 0.00101161
0.99698048 0.00077780
0.99778098 0.00057354
0.99845867 0.00039953
0.99901336 0.00025635
0.99944494 0.00014448
0.99975328 0.00006431
0.99993832 0.00001609
1.00000000 0.00000000
