sample_468
1.00000000 0.00000000
0.99993832 0.00002694
0.99975328 0.00010773
0.99944494 0.00024222
0.99901336 0.00043021
0.99845867 0.00067140
0.99778098 0.00096541
0.99698048 0.00131178
0.99605735 0.00170997
0.99501183 0.00215935
0.99384417 0.00265926
0.99255466 0.00320892
0.99114363 0.00380750
0.98961141 0.00445414
0.98795838 0.00514787
0.98618496 0.00588769
0.98429158 0.00667257
0.98227871 0.00750141
0.98014684 0.00837306
0.97789651 0.00928636
0.97552826 0.01024011
0.97304268 0.01123308
0.97044038 0.01226401
0.96772202 0.01333165
0.96488824 0.01443471
0.96193977 0.01557191
0.95887731 0.01674195
0.95570164 0.01794353
0.95241353 0.01917538
0.94901379 0.02043620
0.94550326 0.02172474
0.94188282 0.02303971
0.93815334 0.02437990
0.93431576 0.02574406
0.93037101 0.02713100
0.92632008 0.02853953
0.92216396 0.02996848
0.91790368 0.03141673
0.91354029 0.03288316
0.90907486 0.03436668
0.90450850 0.03586622
0.89984233 0.03738075
0.89507751 0.03890925
0.89021520 0.04045072
0.88525662 0.04200419
0.88020298 0.04356871
0.87505553 0.04514334
0.86981555 0.04672716
0.86448431 0.04831926
0.85906315 0.04991877
0.85355339 0.05152478
0.84795640 0.05313642
0.84227355 0.05475283
0.83650626 0.05637314
0.83065593 0.05799648
0.82472402 0.05962197
0.81871199 0.06124875
0.81262133 0.06287593
0.80645353 0.06450262
0.80021011 0.06612793
0.79389263 0.06775094
0.78750263 0.06937073
0.78104169 0.07098634
0.77451141 0.07259683
0.76791340 0.07420122
0.76124928 0.07579851
0.75452071 0.07738769
0.74772933 0.07896772
0.74087684 0.08053755
0.73396491 0.08209611
0.72699525 0.08364231
0.71996958 0.08517505
0.71288965 0.08669318
0.70575718 0.08819558
0.69857395 0.08968109
0.69134172 0.09114854
0.68406228 0.09259674
0.67673742 0.09402451
0.66936896 0.09543065
0.66195871 0.09681396
0.65450850 0.09817324
0.64702016 0.09950727
0.63949555 0.10081486
0.63193652 0.10209480
0.62434494 0.10334590
0.61672268 0.10456698
0.60907162 0.10575688
0.60139365 0.10691443
0.59369066 0.10803849
0.58596455 0.10912795
0.57821723 0.11018171
0.57045062 0.11119870
0.56266662 0.11217787
0.55486716 0.11311820
0.54705416 0.11401871
0.53922955 0.11487843
0.53139526 0.11569644
0.52355323 0.11647186
0.51570538 0.11720383
0.50785366 0.11789154
0.50000000 0.11853421
0.49214634 0.11913111
0.48429462 0.11968154
0.47644677 0.12018484
0.46860474 0.12064041
0.46077045 0.12104767
0.45294584 0.12140608
0.44513284 0.12171517
0.43733338 0.12197449
0.42954938 0.12218363
0.42178277 0.12234225
0.41403545 0.12245002
0.40630934 0.12250666
0.39860635 0.12251196
0.39092838 0.12246573
0.38327732 0.12236782
0.37565506 0.12221812
0.36806348 0.12201659
0.36050445 0.12176322
0.35297984 0.12145802
0.34549150 0.12110107
0.33804129 0.12069249
0.33063104 0.12023245
0.32326258 0.11972114
0.31593772 0.11915882
0.30865828 0.11854578
0.30142605 0.11788237
0.29424282 0.11716898
0.28711035 0.11640604
0.28003042 0.11559404
0.27300475 0.11473351
0.26603509 0.11382502
0.25912316 0.11286922
0.25227067 0.11186678
0.24547929 0.11081842
0.23875072 0.10972494
0.23208660 0.10858717
0.22548859 0.10740598
0.21895831 0.10618231
0.21249737 0.10491714
0.20610737 0.10361151
0.19978989 0.10226651
0.19354647 0.10088327
0.18737867 0.09946297
0.18128801 0.09800684
0.17527598 0.09651615
0.16934407 0.09499222
0.16349374 0.09343641
0.15772645 0.09185012
0.15204360 0.09023479
0.14644661 0.08859188
0.14093685 0.08692290
0.13551569 0.08522937
0.13018445 0.08351284
0.12494447 0.08177489
0.11979702 0.08001710
0.11474338 0.07824106
0.10978480 0.07644839
0.10492249 0.07464068
0.10015767 0.07281954
0.09549150 0.07098655
0.09092514 0.06914330
0.08645971 0.06729135
0.08209632 0.06543222
0.07783604 0.06356742
0.07367992 0.06169842
0.06962899 0.05982664
0.06568424 0.05795345
0.06184666 0.05608019
0.05811718 0.05420812
0.05449674 0.05233844
0.05098621 0.05047231
0.04758647 0.04861077
0.04429836 0.04675483
0.04112269 0.04490539
0.03806023 0.04306329
0.03511176 0.04122927
0.03227798 0.03940399
0.02955962 0.03758801
0.02695732 0.03578180
0.02447174 0.03398575
0.02210349 0.03220014
0.01985316 0.03042516
0.01772129 0.02866092
0.01570842 0.02690741
0.01381504 0.02516456
0.01204162 0.02343218
0.01038859 0.02171002
0.00885637 0.01999773
0.00744534 0.01829489
0.00615583 0.01660099
0.00498817 0.01491547
0.00394265 0.01323769
0.00301952 0.01156694
0.00221902 0.00990248
0.00154133 0.00824349
0.00098664 0.00658914
0.00055506 0.00493854
0.00024672 0.00329077
0.00006168 0.00164491
0.00000000 0.00000000
0.00006168 -0.00095628
0.00024672 -0.00190998
0.00055506 -0.00285850
0.00098664 -0.00379930
0.00154133 -0.00472984
0.00221902 -0.00564764
0.00301952 -0.00655027
0.00394265 -0.00743537
0.00498817 -0.00830063
0.00615583 -0.00914384
0.00744534 -0.00996288
0.00885637 -0.01075572
0.01038859 -0.01152044
0.01204162 -0.01225524
0.01381504 -0.01295842
0.01570842 -0.01362842
0.01772129 -0.01426383
0.01985316 -0.01486333
0.02210349 -0.01542578
0.02447174 -0.01595016
0.02695732 -0.01643561
0.02955962 -0.01688141
0.03227798 -0.01728697
0.03511176 -0.01765188
0.03806023 -0.01797586
0.04112269 -0.01825878
0.04429836 -0.01850064
0.04758647 -0.01870160
0.05098621 -0.01886196
0.05449674 -0.01898212
0.05811718 -0.01906266
0.06184666 -0.01910423
0.06568424 -0.01910765
0.06962899 -0.01907382
0.07367992 -0.01900374
0.07783604 -0.01889854
0.08209632 -0.01875940
0.08645971 -0.01858762
0.09092514 -0.01838455
0.09549150 -0.01815162
0.10015767 -0.01789031
0.10492249 -0.01760215
0.10978480 -0.01728871
0.11474338 -0.01695160
0.11979702 -0.01659244
0.12494447 -0.01621287
0.13018445 -0.01581454
0.13551569 -0.01539909
0.14093685 -0.01496816
0.14644661 -0.01452337
0.15204360 -0.01406631
0.15772645 -0.01359852
0.16349374 -0.01312154
0.16934407 -0.01263684
0.17527598 -0.01214584
0.18128801 -0.01164989
0.18737867 -0.01115032
0.19354647 -0.01064835
0.19978989 -0.01014515
0.20610737 -0.00964182
0.21249737 -0.00913937
0.21895831 -0.00863874
0.22548859 -0.00814080
0.23208660 -0.00764633
0.23875072 -0.00715602
0.24547929 -0.00667049
0.25227067 -0.00619028
0.25912316 -0.00571584
0.26603509 -0.00524755
0.27300475 -0.00478572
0.28003042 -0.00433058
0.28711035 -0.00388228
0.29424282 -0.00344092
0.30142605 -0.00300653
0.30865828 -0.00257906
0.31593772 -0.00215844
0.32326258 -0.00174453
0.33063104 -0.00133714
0.33804129 -0.00093605
0.34549150 -0.00054100
0.35297984 -0.00015169
0.36050445 0.00023220
0.36806348 0.00061100
0.37565506 0.00098506
0.38327732 0.00135475
0.39092838 0.00172044
0.39860635 0.00208249
0.40630934 0.00244126
0.41403545 0.00279711
0.42178277 0.00315038
0.42954938 0.00350137
0.43733338 0.00385039
0.44513284 0.00419771
0.45294584 0.00454355
0.46077045 0.00488813
0.46860474 0.00523161
0.47644677 0.00557412
0.48429462 0.00591574
0.49214634 0.00625652
0.50000000 0.00659647
0.50785366 0.00693553
0.51570538 0.00727361
0.52355323 0.00761058
0.53139526 0.00794625
0.53922955 0.00828039
0.54705416 0.00861273
0.55486716 0.00894294
0.56266662 0.00927067
0.57045062 0.00959552
0.57821723 0.00991705
0.58596455 0.01023477
0.59369066 0.01054818
0.60139365 0.01085674
0.60907162 0.01115988
0.61672268 0.01145701
0.62434494 0.01174750
0.63193652 0.01203074
0.63949555 0.01230607
0.64702016 0.01257284
0.65450850 0.01283039
0.66195871 0.01307805
0.66936896 0.01331516
0.67673742 0.01354107
0.68406228 0.01375512
0.69134172 0.01395668
0.69857395 0.01414513
0.70575718 0.01431988
0.71288965 0.01448035
0.71996958 0.01462600
0.72699525 0.01475632
0.73396491 0.01487081
0.74087684 0.01496905
0.74772933 0.01505062
0.75452071 0.01511516
0.76124928 0.01516235
0.76791340 0.01519192
0.77451141 0.01520365
0.78104169 0.01519737
0.78750263 0.01517295
0.79389263 0.01513031
0.80021011 0.01506945
0.80645353 0.01499040
0.81262133 0.01489324
0.81871199 0.01477813
0.82472402 0.01464525
0.83065593 0.01449487
0.83650626 0.01432728
0.84227355 0.01414284
0.84795640 0.01394196
0.85355339 0.01372509
0.85906315 0.01349275
0.86448431 0.01324547
0.86981555 0.01298386
0.87505553 0.01270856
0.88020298 0.01242024
0.88525662 0.01211963
0.89021520 0.01180748
0.89507751 0.01148458
0.89984233 0.01115174
0.90450850 0.01080983
0.90907486 0.01045970
0.91354029 0.01010226
0.91790368 0.00973842
0.92216396 0.00936912
0.92632008 0.00899531
0.93037101 0.00861795
0.93431576 0.00823800
0.93815334 0.00785645
0.94188282 0.00747426
0.94550326 0.00709243
0.94901379 0.00671192
0.95241353 0.00633371
0.95570164 0.00595877
0.95887731 0.00558803
0.96193977 0.00522245
0.96488824 0.00486295
0.96772202 0.00451044
0.97044038 0.00416580
0.97304268 0.00382990
0.97552826 0.00350358
0.97789651 0.00318766
0.98014684 0.00288292
0.98227871 0.00259013
0.98429158 0.00231000
0.98618496 0.00204323
0.98795838 0.00179049
0.98961141 0.00155238
0.99114363 0.00132950
0.99255466 0.00112240
0.99384417 0.00093157
0.99501183 0.00075749
0.99605735 0.00060057
0.99698048 0.00046121
0.99778098 0.00033974
0.99845867 0.00023646
0.99901336 0.00015161
0.99944494 0.00008540
0.99975328 0.00003800
0.99993832 0.00000951
1.00000000 0.00000000
