sample_075
1.00000000 0.00000000
0.99993832 0.00002660
0.99975328 0.00010635
0.99944494 0.00023914
0.99901336 0.00042476
0.99845867 0.00066292
0.99778098 0.00095328
0.99698048 0.00129540
0.99605735 0.00168875
0.99501183 0.00213277
0.99384417 0.00262679
0.99255466 0.00317009
0.99114363 0.00376188
0.98961141 0.00440131
0.98795838 0.00508748
0.98618496 0.00581940
0.98429158 0.00659608
0.98227871 0.00741644
0.98014684 0.00827937
0.97789651 0.00918373
0.97552826 0.01012834
0.97304268 0.01111196
0.97044038 0.01213337
0.96772202 0.01319129
0.96488824 0.01428445
0.96193977 0.01541153
0.95887731 0.01657123
0.95570164 0.01776223
0.95241353 0.01898321
0.94901379 0.02023285
0.94550326 0.02150983
0.94188282 0.02281285
0.93815334 0.02414061
0.93431576 0.02549184
0.93037101 0.02686525
0.92632008 0.02825962
0.92216396 0.02967371
0.91790368 0.03110633
0.91354029 0.03255630
0.90907486 0.03402247
0.90450850 0.03550374
0.89984233 0.03699900
0.89507751 0.03850720
0.89021520 0.04002731
0.88525662 0.04155833
0.88020298 0.04309930
0.87505553 0.04464927
0.86981555 0.04620735
0.86448431 0.04777263
0.85906315 0.04934429
0.85355339 0.05092147
0.84795640 0.05250339
0.84227355 0.05408925
0.83650626 0.05567830
0.83065593 0.05726980
0.82472402 0.05886301
0.81871199 0.06045722
0.81262133 0.06205172
0.80645353 0.06364583
0.80021011 0.06523884
0.79389263 0.06683008
0.78750263 0.06841886
0.78104169 0.07000447
0.77451141 0.07158625
0.76791340 0.07316346
0.76124928 0.07473542
0.75452071 0.07630138
0.74772933 0.07786062
0.74087684 0.07941237
0.73396491 0.08095585
0.72699525 0.08249026
0.71996958 0.08401479
0.71288965 0.08552859
0.70575718 0.08703078
0.69857395 0.08852047
0.69134172 0.08999673
0.68406228 0.09145859
0.67673742 0.09290509
0.66936896 0.09433520
0.66195871 0.09574788
0.65450850 0.09714206
0.64702016 0.09851663
0.63949555 0.09987047
0.63193652 0.10120243
0.62434494 0.10251133
0.61672268 0.10379595
0.60907162 0.10505509
0.60139365 0.10628749
0.59369066 0.10749189
0.58596455 0.10866703
0.57821723 0.10981160
0.57045062 0.11092431
0.56266662 0.11200386
0.55486716 0.11304894
0.54705416 0.11405825
0.53922955 0.11503048
0.53139526 0.11596433
0.52355323 0.11685853
0.51570538 0.11771180
0.50785366 0.11852289
0.50000000 0.11929057
0.49214634 0.12001363
0.48429462 0.12069091
0.47644677 0.12132127
0.46860474 0.12190360
0.46077045 0.12243685
0.45294584 0.12292000
0.44513284 0.12335208
0.43733338 0.12373218
0.42954938 0.12405944
0.42178277 0.12433307
0.41403545 0.12455232
0.40630934 0.12471653
0.39860635 0.12482508
0.39092838 0.12487745
0.38327732 0.12487317
0.37565506 0.12481185
0.36806348 0.12469319
0.36050445 0.12451696
0.35297984 0.12428299
0.34549150 0.12399121
0.33804129 0.12364165
0.33063104 0.12323438
0.32326258 0.12276958
0.31593772 0.12224752
0.30865828 0.12166853
0.30142605 0.12103303
0.29424282 0.12034153
0.28711035 0.11959462
0.28003042 0.11879296
0.27300475 0.11793730
0.26603509 0.11702845
0.25912316 0.11606730
0.25227067 0.11505484
0.24547929 0.11399208
0.23875072 0.11288014
0.23208660 0.11172017
0.22548859 0.11051342
0.21895831 0.10926117
0.21249737 0.10796475
0.20610737 0.10662557
0.19978989 0.10524505
0.19354647 0.10382468
0.18737867 0.10236598
0.18128801 0.10087050
0.17527598 0.09933984
0.16934407 0.09777559
0.16349374 0.09617939
0.15772645 0.09455289
0.15204360 0.09289776
0.14644661 0.09121565
0.14093685 0.08950825
0.13551569 0.08777722
0.13018445 0.08602423
0.12494447 0.08425093
0.11979702 0.08245896
0.11474338 0.08064994
0.10978480 0.07882546
0.10492249 0.07698708
0.10015767 0.07513636
0.09549150 0.07327478
0.09092514 0.07140379
0.08645971 0.06952483
0.08209632 0.06763925
0.07783604 0.06574836
0.07367992 0.06385345
0.06962899 0.06195570
0.06568424 0.06005627
0.06184666 0.05815624
0.05811718 0.05625665
0.05449674 0.05435843
0.05098621 0.05246250
0.04758647 0.05056965
0.04429836 0.04868065
0.04112269 0.04679617
0.03806023 0.04491682
0.03511176 0.04304315
0.03227798 0.04117560
0.02955962 0.03931458
0.02695732 0.03746040
0.02447174 0.03561331
0.02210349 0.03377351
0.01985316 0.03194109
0.01772129 0.03011610
0.01570842 0.02829853
0.01381504 0.02648830
0.01204162 0.02468525
0.01038859 0.02288920
0.00885637 0.02109988
0.00744534 0.01931700
0.00615583 0.01754019
0.00498817 0.01576905
0.00394265 0.01400313
0.00301952 0.01224197
0.00221902 0.01048503
0.00154133 0.00873177
0.00098664 0.00698163
0.00055506 0.00523400
0.00024672 0.00348827
0.00006168 0.00174381
0.00000000 0.00000000
0.00006168 -0.00083710
0.00024672 -0.00167242
0.00055506 -0.00250418
0.00098664 -0.00333063
0.00154133 -0.00415001
0.00221902 -0.00496062
0.00301952 -0.00576076
0.00394265 -0.00654878
0.00498817 -0.00732309
0.00615583 -0.00808211
0.00744534 -0.00882435
0.00885637 -0.00954835
0.01038859 -0.01025274
0.01204162 -0.01093619
0.01381504 -0.01159745
0.01570842 -0.01223535
0.01772129 -0.01284879
0.01985316 -0.01343676
0.02210349 -0.01399830
0.02447174 -0.01453257
0.02695732 -0.01503879
0.02955962 -0.01551627
0.03227798 -0.01596441
0.03511176 -0.01638270
0.03806023 -0.01677068
0.04112269 -0.01712802
0.04429836 -0.01745445
0.04758647 -0.01774977
0.05098621 -0.01801387
0.05449674 -0.01824672
0.05811718 -0.01844835
0.06184666 -0.01861887
0.06568424 -0.01875847
0.06962899 -0.01886738
0.07367992 -0.01894589
0.07783604 -0.01899437
0.08209632 -0.01901324
0.08645971 -0.01900294
0.09092514 -0.01896399
0.09549150 -0.01889694
0.10015767 -0.01880237
0.10492249 -0.01868089
0.10978480 -0.01853317
0.11474338 -0.01835988
0.11979702 -0.01816172
0.12494447 -0.01793940
0.13018445 -0.01769367
0.13551569 -0.01742526
0.14093685 -0.01713495
0.14644661 -0.01682349
0.15204360 -0.01649166
0.15772645 -0.01614022
0.16349374 -0.01576995
0.16934407 -0.01538163
0.17527598 -0.01497602
0.18128801 -0.01455387
0.18737867 -0.01411596
0.19354647 -0.01366303
0.19978989 -0.01319582
0.20610737 -0.01271507
0.21249737 -0.01222150
0.21895831 -0.01171582
0.22548859 -0.01119875
0.23208660 -0.01067098
0.23875072 -0.01013320
0.24547929 -0.00958609
0.25227067 -0.00903032
0.25912316 -0.00846656
0.26603509 -0.00789547
0.27300475 -0.00731768
0.28003042 -0.00673386
0.28711035 -0.00614463
0.29424282 -0.00555063
0.30142605 -0.00495250
0.30865828 -0.00435085
0.31593772 -0.00374632
0.32326258 -0.00313951
0.33063104 -0.00253105
0.33804129 -0.00192155
0.34549150 -0.00131163
0.35297984 -0.00070189
0.36050445 -0.00009295
0.36806348 0.00051459
0.37565506 0.00112012
0.38327732 0.00172305
0.39092838 0.00232277
0.39860635 0.00291870
0.40630934 0.00351024
0.41403545 0.00409680
0.42178277 0.00467782
0.42954938 0.00525272
0.43733338 0.00582093
0.44513284 0.00638191
0.45294584 0.00693510
0.46077045 0.00747997
0.46860474 0.00801601
0.47644677 0.00854269
0.48429462 0.00905953
0.49214634 0.00956603
0.50000000 0.01006175
0.50785366 0.01054622
0.51570538 0.01101902
0.52355323 0.01147972
0.53139526 0.01192794
0.53922955 0.01236330
0.54705416 0.01278544
0.55486716 0.01319403
0.56266662 0.01358874
0.57045062 0.01396928
0.57821723 0.01433537
0.58596455 0.01468676
0.59369066 0.01502321
0.60139365 0.01534450
0.60907162 0.01565044
0.61672268 0.01594084
0.62434494 0.01621555
0.63193652 0.01647442
0.63949555 0.01671732
0.64702016 0.01694414
0.65450850 0.01715480
0.66195871 0.01734919
0.66936896 0.01752727
0.67673742 0.01768897
0.68406228 0.01783425
0.69134172 0.01796307
0.69857395 0.01807542
0.70575718 0.01817129
0.71288965 0.01825067
0.71996958 0.01831356
0.72699525 0.01835999
0.73396491 0.01838996
0.74087684 0.01840352
0.74772933 0.01840070
0.75452071 0.01838154
0.76124928 0.01834610
0.76791340 0.01829444
0.77451141 0.01822662
0.78104169 0.01814274
0.78750263 0.01804287
0.79389263 0.01792712
0.80021011 0.01779561
0.80645353 0.01764845
0.81262133 0.01748579
0.81871199 0.01730779
0.82472402 0.01711463
0.83065593 0.01690650
0.83650626 0.01668361
0.84227355 0.01644620
0.84795640 0.01619453
0.85355339 0.01592890
0.85906315 0.01564962
0.86448431 0.01535703
0.86981555 0.01505150
0.87505553 0.01473346
0.88020298 0.01440333
0.88525662 0.01406159
0.89021520 0.01370876
0.89507751 0.01334539
0.89984233 0.01297205
0.90450850 0.01258939
0.90907486 0.01219804
0.91354029 0.01179873
0.91790368 0.01139219
0.92216396 0.01097919
0.92632008 0.01056055
0.93037101 0.01013713
0.93431576 0.00970980
0.93815334 0.00927948
0.94188282 0.00884713
0.94550326 0.00841371
0.94901379 0.00798025
0.95241353 0.00754776
0.95570164 0.00711729
0.95887731 0.00668991
0.96193977 0.00626671
0.96488824 0.00584878
0.96772202 0.00543720
0.97044038 0.00503309
0.97304268 0.00463755
0.97552826 0.00425165
0.97789651 0.00387650
0.98014684 0.00351315
0.98227871 0.00316265
0.98429158 0.00282602
0.98618496 0.00250426
0.98795838 0.00219833
0.98961141 0.00190914
0.99114363 0.00163759
0.99255466 0.00138449
0.99384417 0.00115064
0.99501183 0.00093677
0.99605735 0.00074354
0.99698048 0.00057157
0.99778098 0.00042140
0.99845867 0.00029350
0.99901336 0.00018830
0.99944494 0.00010612
0.99975328 0.00004723
0.99993832 0.00001182
1.00000000 0.00000000
