sample_1458
1.00000000 0.00000000
0.99993832 0.00002395
0.99975328 0.00009575
0.99944494 0.00021532
0.99901336 0.00038252
0.99845867 0.00059716
0.99778098 0.00085896
0.99698048 0.00116764
0.99605735 0.00152282
0.99501183 0.00192410
0.99384417 0.00237102
0.99255466 0.00286307
0.99114363 0.00339971
0.98961141 0.00398035
0.98795838 0.00460436
0.98618496 0.00527110
0.98429158 0.00597986
0.98227871 0.00672992
0.98014684 0.00752056
0.97789651 0.00835099
0.97552826 0.00922045
0.97304268 0.01012813
0.97044038 0.01107323
0.96772202 0.01205493
0.96488824 0.01307240
0.96193977 0.01412483
0.95887731 0.01521140
0.95570164 0.01633127
0.95241353 0.01748363
0.94901379 0.01866768
0.94550326 0.01988261
0.94188282 0.02112764
0.93815334 0.02240198
0.93431576 0.02370488
0.93037101 0.02503557
0.92632008 0.02639333
0.92216396 0.02777741
0.91790368 0.02918713
0.91354029 0.03062177
0.90907486 0.03208064
0.90450850 0.03356309
0.89984233 0.03506843
0.89507751 0.03659602
0.89021520 0.03814519
0.88525662 0.03971532
0.88020298 0.04130574
0.87505553 0.04291583
0.86981555 0.04454492
0.86448431 0.04619237
0.85906315 0.04785751
0.85355339 0.04953967
0.84795640 0.05123816
0.84227355 0.05295228
0.83650626 0.05468130
0.83065593 0.05642447
0.82472402 0.05818101
0.81871199 0.05995013
0.81262133 0.06173099
0.80645353 0.06352271
0.80021011 0.06532439
0.79389263 0.06713509
0.78750263 0.06895382
0.78104169 0.07077955
0.77451141 0.07261122
0.76791340 0.07444772
0.76124928 0.07628787
0.75452071 0.07813048
0.74772933 0.07997430
0.74087684 0.08181803
0.73396491 0.08366032
0.72699525 0.08549979
0.71996958 0.08733502
0.71288965 0.08916452
0.70575718 0.09098679
0.69857395 0.09280028
0.69134172 0.09460340
0.68406228 0.09639452
0.67673742 0.09817200
0.66936896 0.09993417
0.66195871 0.10167932
0.65450850 0.10340572
0.64702016 0.10511165
0.63949555 0.10679535
0.63193652 0.10845507
0.62434494 0.11008904
0.61672268 0.11169550
0.60907162 0.11327269
0.60139365 0.11481888
0.59369066 0.11633231
0.58596455 0.11781128
0.57821723 0.11925410
0.57045062 0.12065910
0.56266662 0.12202464
0.55486716 0.12334914
0.54705416 0.12463102
0.53922955 0.12586878
0.53139526 0.12706095
0.52355323 0.12820612
0.51570538 0.12930292
0.50785366 0.13035004
0.50000000 0.13134626
0.49214634 0.13229038
0.48429462 0.13318130
0.47644677 0.13401797
0.46860474 0.13479942
0.46077045 0.13552473
0.45294584 0.13619309
0.44513284 0.13680373
0.43733338 0.13735597
0.42954938 0.13784920
0.42178277 0.13828290
0.41403545 0.13865661
0.40630934 0.13896995
0.39860635 0.13922261
0.39092838 0.13941436
0.38327732 0.13954506
0.37565506 0.13961460
0.36806348 0.13962299
0.36050445 0.13957027
0.35297984 0.13945657
0.34549150 0.13928207
0.33804129 0.13904704
0.33063104 0.13875179
0.32326258 0.13839668
0.31593772 0.13798217
0.30865828 0.13750872
0.30142605 0.13697689
0.29424282 0.13638727
0.28711035 0.13574048
0.28003042 0.13503723
0.27300475 0.13427823
0.26603509 0.13346424
0.25912316 0.13259609
0.25227067 0.13167459
0.24547929 0.13070063
0.23875072 0.12967512
0.23208660 0.12859897
0.22548859 0.12747314
0.21895831 0.12629862
0.21249737 0.12507640
0.20610737 0.12380750
0.19978989 0.12249295
0.19354647 0.12113382
0.18737867 0.11973115
0.18128801 0.11828602
0.17527598 0.11679951
0.16934407 0.11527271
0.16349374 0.11370672
0.15772645 0.11210263
0.15204360 0.11046154
0.14644661 0.10878455
0.14093685 0.10707276
0.13551569 0.10532726
0.13018445 0.10354915
0.12494447 0.10173951
0.11979702 0.09989942
0.11474338 0.09802996
0.10978480 0.09613218
0.10492249 0.09420714
0.10015767 0.09225587
0.09549150 0.09027941
0.09092514 0.08827877
0.08645971 0.08625495
0.08209632 0.08420893
0.07783604 0.08214167
0.07367992 0.08005413
0.06962899 0.07794724
0.06568424 0.07582191
0.06184666 0.07367903
0.05811718 0.07151946
0.05449674 0.06934407
0.05098621 0.06715367
0.04758647 0.06494908
0.04429836 0.06273106
0.04112269 0.06050039
0.03806023 0.05825779
0.03511176 0.05600398
0.03227798 0.05373964
0.02955962 0.05146545
0.02695732 0.04918202
0.02447174 0.04688999
0.02210349 0.04458995
0.01985316 0.04228245
0.01772129 0.03996805
0.01570842 0.03764728
0.01381504 0.03532062
0.01204162 0.03298857
0.01038859 0.03065158
0.00885637 0.02831009
0.00744534 0.02596452
0.00615583 0.02361529
0.00498817 0.02126277
0.00394265 0.01890734
0.00301952 0.01654936
0.00221902 0.01418917
0.00154133 0.01182712
0.00098664 0.00946353
0.00055506 0.00709871
0.00024672 0.00473298
0.00006168 0.00236664
0.00000000 0.00000000
0.00006168 -0.00113796
0.00024672 -0.00227422
0.00055506 -0.00340709
0.00098664 -0.00453486
0.00154133 -0.00565584
0.00221902 -0.00676835
0.00301952 -0.00787071
0.00394265 -0.00896124
0.00498817 -0.01003827
0.00615583 -0.01110017
0.00744534 -0.01214528
0.00885637 -0.01317198
0.01038859 -0.01417866
0.01204162 -0.01516373
0.01381504 -0.01612562
0.01570842 -0.01706278
0.01772129 -0.01797369
0.01985316 -0.01885685
0.02210349 -0.01971080
0.02447174 -0.02053410
0.02695732 -0.02132535
0.02955962 -0.02208319
0.03227798 -0.02280631
0.03511176 -0.02349343
0.03806023 -0.02414333
0.04112269 -0.02475482
0.04429836 -0.02532679
0.04758647 -0.02585818
0.05098621 -0.02634797
0.05449674 -0.02679524
0.05811718 -0.02719910
0.06184666 -0.02755876
0.06568424 -0.02787349
0.06962899 -0.02814263
0.07367992 -0.02836562
0.07783604 -0.02854196
0.08209632 -0.02867126
0.08645971 -0.02875320
0.09092514 -0.02878755
0.09549150 -0.02877418
0.10015767 -0.02871305
0.10492249 -0.02860422
0.10978480 -0.02844786
0.11474338 -0.02824420
0.11979702 -0.02799361
0.12494447 -0.02769654
0.13018445 -0.02735355
0.13551569 -0.02696529
0.14093685 -0.02653251
0.14644661 -0.02605607
0.15204360 -0.02553691
0.15772645 -0.02497608
0.16349374 -0.02437473
0.16934407 -0.02373409
0.17527598 -0.02305546
0.18128801 -0.02234027
0.18737867 -0.02158998
0.19354647 -0.02080619
0.19978989 -0.01999051
0.20610737 -0.01914466
0.21249737 -0.01827042
0.21895831 -0.01736961
0.22548859 -0.01644413
0.23208660 -0.01549591
0.23875072 -0.01452692
0.24547929 -0.01353920
0.25227067 -0.01253477
0.25912316 -0.01151571
0.26603509 -0.01048411
0.27300475 -0.00944206
0.28003042 -0.00839167
0.28711035 -0.00733504
0.29424282 -0.00627425
0.30142605 -0.00521138
0.30865828 -0.00414848
0.31593772 -0.00308758
0.32326258 -0.00203066
0.33063104 -0.00097967
0.33804129 0.00006349
0.34549150 0.00109698
0.35297984 0.00211901
0.36050445 0.00312785
0.36806348 0.00412185
0.37565506 0.00509943
0.38327732 0.00605908
0.39092838 0.00699937
0.39860635 0.00791896
0.40630934 0.00881661
0.41403545 0.00969114
0.42178277 0.01054148
0.42954938 0.01136666
0.43733338 0.01216578
0.44513284 0.01293805
0.45294584 0.01368278
0.46077045 0.01439937
0.46860474 0.01508731
0.47644677 0.01574618
0.48429462 0.01637567
0.49214634 0.01697553
0.50000000 0.01754562
0.50785366 0.01808588
0.51570538 0.01859633
0.52355323 0.01907706
0.53139526 0.01952823
0.53922955 0.01995010
0.54705416 0.02034296
0.55486716 0.02070718
0.56266662 0.02104317
0.57045062 0.02135142
0.57821723 0.02163243
0.58596455 0.02188677
0.59369066 0.02211504
0.60139365 0.02231785
0.60907162 0.02249586
0.61672268 0.02264974
0.62434494 0.02278018
0.63193652 0.02288787
0.63949555 0.02297352
0.64702016 0.02303782
0.65450850 0.02308149
0.66195871 0.02310522
0.66936896 0.02310968
0.67673742 0.02309555
0.68406228 0.02306347
0.69134172 0.02301407
0.69857395 0.02294797
0.70575718 0.02286573
0.71288965 0.02276792
0.71996958 0.02265505
0.72699525 0.02252761
0.73396491 0.02238608
0.74087684 0.02223088
0.74772933 0.02206242
0.75452071 0.02188105
0.76124928 0.02168713
0.76791340 0.02148097
0.77451141 0.02126284
0.78104169 0.02103302
0.78750263 0.02079173
0.79389263 0.02053919
0.80021011 0.02027560
0.80645353 0.02000114
0.81262133 0.01971599
0.81871199 0.01942029
0.82472402 0.01911422
0.83065593 0.01879792
0.83650626 0.01847155
0.84227355 0.01813527
0.84795640 0.01778924
0.85355339 0.01743366
0.85906315 0.01706871
0.86448431 0.01669461
0.86981555 0.01631161
0.87505553 0.01591996
0.88020298 0.01551996
0.88525662 0.01511194
0.89021520 0.01469625
0.89507751 0.01427328
0.89984233 0.01384348
0.90450850 0.01340730
0.90907486 0.01296527
0.91354029 0.01251793
0.91790368 0.01206589
0.92216396 0.01160978
0.92632008 0.01115029
0.93037101 0.01068813
0.93431576 0.01022408
0.93815334 0.00975893
0.94188282 0.00929353
0.94550326 0.00882876
0.94901379 0.00836552
0.95241353 0.00790477
0.95570164 0.00744747
0.95887731 0.00699461
0.96193977 0.00654721
0.96488824 0.00610630
0.96772202 0.00567293
0.97044038 0.00524815
0.97304268 0.00483302
0.97552826 0.00442858
0.97789651 0.00403590
0.98014684 0.00365601
0.98227871 0.00328993
0.98429158 0.00293867
0.98618496 0.00260320
0.98795838 0.00228447
0.98961141 0.00198340
0.99114363 0.00170085
0.99255466 0.00143764
0.99384417 0.00119457
0.99501183 0.00097236
0.99605735 0.00077166
0.99698048 0.00059310
0.99778098 0.00043722
0.99845867 0.00030449
0.99901336 0.00019533
0.99944494 0.00011008
0.99975328 0.00004899
0.99993832 0.00001226
1.00000000 0.00000000
