sample_567
1.00000000 0.00000000
0.99993832 0.00002619
0.99975328 0.00010472
0.99944494 0.00023553
0.99901336 0.00041849
0.99845867 0.00065343
0.99778098 0.00094013
0.99698048 0.00127831
0.99605735 0.00166767
0.99501183 0.00210784
0.99384417 0.00259841
0.99255466 0.00313894
0.99114363 0.00372893
0.98961141 0.00436785
0.98795838 0.00505514
0.98618496 0.00579017
0.98429158 0.00657232
0.98227871 0.00740088
0.98014684 0.00827517
0.97789651 0.00919442
0.97552826 0.01015788
0.97304268 0.01116475
0.97044038 0.01221419
0.96772202 0.01330537
0.96488824 0.01443742
0.96193977 0.01560945
0.95887731 0.01682056
0.95570164 0.01806982
0.95241353 0.01935629
0.94901379 0.02067902
0.94550326 0.02203704
0.94188282 0.02342939
0.93815334 0.02485506
0.93431576 0.02631307
0.93037101 0.02780241
0.92632008 0.02932206
0.92216396 0.03087100
0.91790368 0.03244820
0.91354029 0.03405262
0.90907486 0.03568321
0.90450850 0.03733893
0.89984233 0.03901871
0.89507751 0.04072148
0.89021520 0.04244617
0.88525662 0.04419169
0.88020298 0.04595695
0.87505553 0.04774084
0.86981555 0.04954224
0.86448431 0.05136002
0.85906315 0.05319305
0.85355339 0.05504017
0.84795640 0.05690021
0.84227355 0.05877198
0.83650626 0.06065429
0.83065593 0.06254591
0.82472402 0.06444561
0.81871199 0.06635213
0.81262133 0.06826419
0.80645353 0.07018050
0.80021011 0.07209975
0.79389263 0.07402058
0.78750263 0.07594165
0.78104169 0.07786156
0.77451141 0.07977891
0.76791340 0.08169227
0.76124928 0.08360019
0.75452071 0.08550121
0.74772933 0.08739383
0.74087684 0.08927653
0.73396491 0.09114778
0.72699525 0.09300605
0.71996958 0.09484975
0.71288965 0.09667732
0.70575718 0.09848715
0.69857395 0.10027764
0.69134172 0.10204718
0.68406228 0.10379414
0.67673742 0.10551691
0.66936896 0.10721385
0.66195871 0.10888334
0.65450850 0.11052376
0.64702016 0.11213349
0.63949555 0.11371094
0.63193652 0.11525450
0.62434494 0.11676261
0.61672268 0.11823371
0.60907162 0.11966628
0.60139365 0.12105882
0.59369066 0.12240985
0.58596455 0.12371794
0.57821723 0.12498169
0.57045062 0.12619976
0.56266662 0.12737081
0.55486716 0.12849361
0.54705416 0.12956693
0.53922955 0.13058962
0.53139526 0.13156059
0.52355323 0.13247878
0.51570538 0.13334324
0.50785366 0.13415305
0.50000000 0.13490738
0.49214634 0.13560544
0.48429462 0.13624655
0.47644677 0.13683008
0.46860474 0.13735547
0.46077045 0.13782226
0.45294584 0.13823005
0.44513284 0.13857851
0.43733338 0.13886741
0.42954938 0.13909658
0.42178277 0.13926593
0.41403545 0.13937545
0.40630934 0.13942521
0.39860635 0.13941535
0.39092838 0.13934609
0.38327732 0.13921770
0.37565506 0.13903055
0.36806348 0.13878507
0.36050445 0.13848175
0.35297984 0.13812113
0.34549150 0.13770384
0.33804129 0.13723056
0.33063104 0.13670201
0.32326258 0.13611897
0.31593772 0.13548227
0.30865828 0.13479279
0.30142605 0.13405145
0.29424282 0.13325919
0.28711035 0.13241701
0.28003042 0.13152593
0.27300475 0.13058699
0.26603509 0.12960127
0.25912316 0.12856984
0.25227067 0.12749381
0.24547929 0.12637431
0.23875072 0.12521245
0.23208660 0.12400936
0.22548859 0.12276618
0.21895831 0.12148402
0.21249737 0.12016403
0.20610737 0.11880731
0.19978989 0.11741497
0.19354647 0.11598810
0.18737867 0.11452779
0.18128801 0.11303508
0.17527598 0.11151102
0.16934407 0.10995663
0.16349374 0.10837290
0.15772645 0.10676080
0.15204360 0.10512127
0.14644661 0.10345523
0.14093685 0.10176356
0.13551569 0.10004713
0.13018445 0.09830677
0.12494447 0.09654327
0.11979702 0.09475742
0.11474338 0.09294994
0.10978480 0.09112156
0.10492249 0.08927297
0.10015767 0.08740482
0.09549150 0.08551775
0.09092514 0.08361236
0.08645971 0.08168923
0.08209632 0.07974894
0.07783604 0.07779202
0.07367992 0.07581898
0.06962899 0.07383032
0.06568424 0.07182654
0.06184666 0.06980809
0.05811718 0.06777544
0.05449674 0.06572901
0.05098621 0.06366925
0.04758647 0.06159657
0.04429836 0.05951139
0.04112269 0.05741411
0.03806023 0.05530514
0.03511176 0.05318488
0.03227798 0.05105373
0.02955962 0.04891208
0.02695732 0.04676035
0.02447174 0.04459892
0.02210349 0.04242821
0.01985316 0.04024862
0.01772129 0.03806058
0.01570842 0.03586448
0.01381504 0.03366077
0.01204162 0.03144988
0.01038859 0.02923223
0.00885637 0.02700828
0.00744534 0.02477848
0.00615583 0.02254329
0.00498817 0.02030317
0.00394265 0.01805859
0.00301952 0.01581004
0.00221902 0.01355799
0.00154133 0.01130294
0.00098664 0.00904537
0.00055506 0.00678580
0.00024672 0.00452471
0.00006168 0.00226261
0.00000000 0.00000000
0.00006168 -0.00069690
0.00024672 -0.00139294
0.00055506 -0.00208726
0.00098664 -0.00277901
0.00154133 -0.00346734
0.00221902 -0.00415143
0.00301952 -0.00483045
0.00394265 -0.00550359
0.00498817 -0.00617007
0.00615583 -0.00682913
0.00744534 -0.00748001
0.00885637 -0.00812201
0.01038859 -0.00875441
0.01204162 -0.00937657
0.01381504 -0.00998783
0.01570842 -0.01058759
0.01772129 -0.01117528
0.01985316 -0.01175033
0.02210349 -0.01231224
0.02447174 -0.01286053
0.02695732 -0.01339473
0.02955962 -0.01391444
0.03227798 -0.01441926
0.03511176 -0.01490882
0.03806023 -0.01538282
0.04112269 -0.01584093
0.04429836 -0.01628290
0.04758647 -0.01670848
0.05098621 -0.01711745
0.05449674 -0.01750961
0.05811718 -0.01788480
0.06184666 -0.01824285
0.06568424 -0.01858364
0.06962899 -0.01890706
0.07367992 -0.01921301
0.07783604 -0.01950140
0.08209632 -0.01977215
0.08645971 -0.02002522
0.09092514 -0.02026055
0.09549150 -0.02047810
0.10015767 -0.02067783
0.10492249 -0.02085972
0.10978480 -0.02102373
0.11474338 -0.02116984
0.11979702 -0.02129804
0.12494447 -0.02140830
0.13018445 -0.02150061
0.13551569 -0.02157495
0.14093685 -0.02163130
0.14644661 -0.02166966
0.15204360 -0.02169000
0.15772645 -0.02169231
0.16349374 -0.02167658
0.16934407 -0.02164280
0.17527598 -0.02159095
0.18128801 -0.02152103
0.18737867 -0.02143305
0.19354647 -0.02132699
0.19978989 -0.02120289
0.20610737 -0.02106074
0.21249737 -0.02090058
0.21895831 -0.02072245
0.22548859 -0.02052639
0.23208660 -0.02031247
0.23875072 -0.02008075
0.24547929 -0.01983134
0.25227067 -0.01956434
0.25912316 -0.01927987
0.26603509 -0.01897810
0.27300475 -0.01865917
0.28003042 -0.01832329
0.28711035 -0.01797066
0.29424282 -0.01760152
0.30142605 -0.01721613
0.30865828 -0.01681478
0.31593772 -0.01639777
0.32326258 -0.01596545
0.33063104 -0.01551818
0.33804129 -0.01505634
0.34549150 -0.01458036
0.35297984 -0.01409067
0.36050445 -0.01358774
0.36806348 -0.01307205
0.37565506 -0.01254413
0.38327732 -0.01200452
0.39092838 -0.01145376
0.39860635 -0.01089244
0.40630934 -0.01032117
0.41403545 -0.00974057
0.42178277 -0.00915126
0.42954938 -0.00855391
0.43733338 -0.00794918
0.44513284 -0.00733775
0.45294584 -0.00672033
0.46077045 -0.00609760
0.46860474 -0.00547029
0.47644677 -0.00483912
0.48429462 -0.00420480
0.49214634 -0.00356807
0.50000000 -0.00292967
0.50785366 -0.00229033
0.51570538 -0.00165079
0.52355323 -0.00101179
0.53139526 -0.00037405
0.53922955 0.00026168
0.54705416 0.00089467
0.55486716 0.00152420
0.56266662 0.00214954
0.57045062 0.00276998
0.57821723 0.00338480
0.58596455 0.00399329
0.59369066 0.00459475
0.60139365 0.00518848
0.60907162 0.00577380
0.61672268 0.00635002
0.62434494 0.00691647
0.63193652 0.00747246
0.63949555 0.00801734
0.64702016 0.00855045
0.65450850 0.00907113
0.66195871 0.00957875
0.66936896 0.01007265
0.67673742 0.01055222
0.68406228 0.01101682
0.69134172 0.01146584
0.69857395 0.01189867
0.70575718 0.01231470
0.71288965 0.01271336
0.71996958 0.01309406
0.72699525 0.01345623
0.73396491 0.01379931
0.74087684 0.01412277
0.74772933 0.01442607
0.75452071 0.01470872
0.76124928 0.01497021
0.76791340 0.01521009
0.77451141 0.01542790
0.78104169 0.01562323
0.78750263 0.01579568
0.79389263 0.01594490
0.80021011 0.01607056
0.80645353 0.01617236
0.81262133 0.01625006
0.81871199 0.01630345
0.82472402 0.01633236
0.83065593 0.01633667
0.83650626 0.01631632
0.84227355 0.01627129
0.84795640 0.01620163
0.85355339 0.01610744
0.85906315 0.01598888
0.86448431 0.01584618
0.86981555 0.01567964
0.87505553 0.01548961
0.88020298 0.01527653
0.88525662 0.01504091
0.89021520 0.01478331
0.89507751 0.01450438
0.89984233 0.01420485
0.90450850 0.01388551
0.90907486 0.01354723
0.91354029 0.01319095
0.91790368 0.01281768
0.92216396 0.01242852
0.92632008 0.01202460
0.93037101 0.01160715
0.93431576 0.01117744
0.93815334 0.01073682
0.94188282 0.01028668
0.94550326 0.00982847
0.94901379 0.00936368
0.95241353 0.00889385
0.95570164 0.00842055
0.95887731 0.00794538
0.96193977 0.00746999
0.96488824 0.00699601
0.96772202 0.00652511
0.97044038 0.00605896
0.97304268 0.00559922
0.97552826 0.00514756
0.97789651 0.00470563
0.98014684 0.00427504
0.98227871 0.00385738
0.98429158 0.00345422
0.98618496 0.00306707
0.98795838 0.00269738
0.98961141 0.00234657
0.99114363 0.00201598
0.99255466 0.00170686
0.99384417 0.00142042
0.99501183 0.00115777
0.99605735 0.00091992
0.99698048 0.00070781
0.99778098 0.00052225
0.99845867 0.00036399
0.99901336 0.00023365
0.99944494 0.00013173
0.99975328 0.00005865
0.99993832 0.00001468
1.00000000 0.00000000
