sample_822
1.00000000 0.00000000
0.99993832 0.00002672
0.99975328 0.00010685
0.99944494 0.00024031
0.99901336 0.00042698
0.99845867 0.00066665
0.99778098 0.00095910
0.99698048 0.00130405
0.99605735 0.00170114
0.99501183 0.00215001
0.99384417 0.00265020
0.99255466 0.00320123
0.99114363 0.00380259
0.98961141 0.00445369
0.98795838 0.00515393
0.98618496 0.00590264
0.98429158 0.00669913
0.98227871 0.00754267
0.98014684 0.00843249
0.97789651 0.00936778
0.97552826 0.01034771
0.97304268 0.01137142
0.97044038 0.01243799
0.96772202 0.01354652
0.96488824 0.01469604
0.96193977 0.01588558
0.95887731 0.01711415
0.95570164 0.01838071
0.95241353 0.01968422
0.94901379 0.02102363
0.94550326 0.02239784
0.94188282 0.02380575
0.93815334 0.02524624
0.93431576 0.02671818
0.93037101 0.02822040
0.92632008 0.02975175
0.92216396 0.03131102
0.91790368 0.03289701
0.91354029 0.03450851
0.90907486 0.03614428
0.90450850 0.03780306
0.89984233 0.03948358
0.89507751 0.04118456
0.89021520 0.04290469
0.88525662 0.04464265
0.88020298 0.04639710
0.87505553 0.04816668
0.86981555 0.04995002
0.86448431 0.05174571
0.85906315 0.05355235
0.85355339 0.05536850
0.84795640 0.05719271
0.84227355 0.05902350
0.83650626 0.06085940
0.83065593 0.06269889
0.82472402 0.06454044
0.81871199 0.06638251
0.81262133 0.06822354
0.80645353 0.07006196
0.80021011 0.07189618
0.79389263 0.07372459
0.78750263 0.07554558
0.78104169 0.07735753
0.77451141 0.07915880
0.76791340 0.08094776
0.76124928 0.08272277
0.75452071 0.08448219
0.74772933 0.08622436
0.74087684 0.08794767
0.73396491 0.08965047
0.72699525 0.09133116
0.71996958 0.09298811
0.71288965 0.09461975
0.70575718 0.09622450
0.69857395 0.09780081
0.69134172 0.09934717
0.68406228 0.10086208
0.67673742 0.10234408
0.66936896 0.10379175
0.66195871 0.10520370
0.65450850 0.10657861
0.64702016 0.10791516
0.63949555 0.10921212
0.63193652 0.11046829
0.62434494 0.11168254
0.61672268 0.11285377
0.60907162 0.11398097
0.60139365 0.11506318
0.59369066 0.11609949
0.58596455 0.11708907
0.57821723 0.11803116
0.57045062 0.11892504
0.56266662 0.11977010
0.55486716 0.12056577
0.54705416 0.12131155
0.53922955 0.12200702
0.53139526 0.12265182
0.52355323 0.12324566
0.51570538 0.12378834
0.50785366 0.12427968
0.50000000 0.12471961
0.49214634 0.12510810
0.48429462 0.12544518
0.47644677 0.12573097
0.46860474 0.12596560
0.46077045 0.12614930
0.45294584 0.12628233
0.44513284 0.12636500
0.43733338 0.12639767
0.42954938 0.12638075
0.42178277 0.12631469
0.41403545 0.12619998
0.40630934 0.12603712
0.39860635 0.12582669
0.39092838 0.12556926
0.38327732 0.12526544
0.37565506 0.12491586
0.36806348 0.12452118
0.36050445 0.12408206
0.35297984 0.12359919
0.34549150 0.12307327
0.33804129 0.12250499
0.33063104 0.12189508
0.32326258 0.12124425
0.31593772 0.12055322
0.30865828 0.11982271
0.30142605 0.11905345
0.29424282 0.11824614
0.28711035 0.11740151
0.28003042 0.11652027
0.27300475 0.11560313
0.26603509 0.11465077
0.25912316 0.11366391
0.25227067 0.11264322
0.24547929 0.11158939
0.23875072 0.11050308
0.23208660 0.10938496
0.22548859 0.10823570
0.21895831 0.10705595
0.21249737 0.10584635
0.20610737 0.10460754
0.19978989 0.10334017
0.19354647 0.10204487
0.18737867 0.10072226
0.18128801 0.09937298
0.17527598 0.09799766
0.16934407 0.09659691
0.16349374 0.09517136
0.15772645 0.09372164
0.15204360 0.09224838
0.14644661 0.09075220
0.14093685 0.08923373
0.13551569 0.08769360
0.13018445 0.08613245
0.12494447 0.08455092
0.11979702 0.08294964
0.11474338 0.08132926
0.10978480 0.07969041
0.10492249 0.07803376
0.10015767 0.07635994
0.09549150 0.07466960
0.09092514 0.07296340
0.08645971 0.07124198
0.08209632 0.06950600
0.07783604 0.06775608
0.07367992 0.06599289
0.06962899 0.06421705
0.06568424 0.06242920
0.06184666 0.06062996
0.05811718 0.05881995
0.05449674 0.05699977
0.05098621 0.05517002
0.04758647 0.05333128
0.04429836 0.05148413
0.04112269 0.04962911
0.03806023 0.04776677
0.03511176 0.04589762
0.03227798 0.04402218
0.02955962 0.04214092
0.02695732 0.04025431
0.02447174 0.03836280
0.02210349 0.03646680
0.01985316 0.03456673
0.01772129 0.03266295
0.01570842 0.03075583
0.01381504 0.02884569
0.01204162 0.02693287
0.01038859 0.02501763
0.00885637 0.02310027
0.00744534 0.02118103
0.00615583 0.01926013
0.00498817 0.01733780
0.00394265 0.01541423
0.00301952 0.01348960
0.00221902 0.01156407
0.00154133 0.00963781
0.00098664 0.00771094
0.00055506 0.00578360
0.00024672 0.00385592
0.00006168 0.00192802
0.00000000 0.00000000
0.00006168 -0.00026071
0.00024672 -0.00052142
0.00055506 -0.00078216
0.00098664 -0.00104293
0.00154133 -0.00130375
0.00221902 -0.00156462
0.00301952 -0.00182554
0.00394265 -0.00208653
0.00498817 -0.00234758
0.00615583 -0.00260870
0.00744534 -0.00286988
0.00885637 -0.00313111
0.01038859 -0.00339238
0.01204162 -0.00365369
0.01381504 -0.00391499
0.01570842 -0.00417628
0.01772129 -0.00443751
0.01985316 -0.00469864
0.02210349 -0.00495964
0.02447174 -0.00522043
0.02695732 -0.00548095
0.02955962 -0.00574114
0.03227798 -0.00600090
0.03511176 -0.00626013
0.03806023 -0.00651873
0.04112269 -0.00677657
0.04429836 -0.00703351
0.04758647 -0.00728941
0.05098621 -0.00754410
0.05449674 -0.00779740
0.05811718 -0.00804911
0.06184666 -0.00829900
0.06568424 -0.00854686
0.06962899 -0.00879242
0.07367992 -0.00903541
0.07783604 -0.00927555
0.08209632 -0.00951252
0.08645971 -0.00974599
0.09092514 -0.00997560
0.09549150 -0.01020099
0.10015767 -0.01042177
0.10492249 -0.01063751
0.10978480 -0.01084780
0.11474338 -0.01105216
0.11979702 -0.01125014
0.12494447 -0.01144123
0.13018445 -0.01162494
0.13551569 -0.01180072
0.14093685 -0.01196805
0.14644661 -0.01212635
0.15204360 -0.01227506
0.15772645 -0.01241360
0.16349374 -0.01254136
0.16934407 -0.01265773
0.17527598 -0.01276212
0.18128801 -0.01285389
0.18737867 -0.01293243
0.19354647 -0.01299711
0.19978989 -0.01304730
0.20610737 -0.01308239
0.21249737 -0.01310176
0.21895831 -0.01310481
0.22548859 -0.01309093
0.23208660 -0.01305955
0.23875072 -0.01301009
0.24547929 -0.01294202
0.25227067 -0.01285479
0.25912316 -0.01274793
0.26603509 -0.01262094
0.27300475 -0.01247338
0.28003042 -0.01230485
0.28711035 -0.01211497
0.29424282 -0.01190339
0.30142605 -0.01166984
0.30865828 -0.01141405
0.31593772 -0.01113582
0.32326258 -0.01083499
0.33063104 -0.01051145
0.33804129 -0.01016516
0.34549150 -0.00979611
0.35297984 -0.00940437
0.36050445 -0.00899004
0.36806348 -0.00855330
0.37565506 -0.00809440
0.38327732 -0.00761363
0.39092838 -0.00711135
0.39860635 -0.00658799
0.40630934 -0.00604404
0.41403545 -0.00548004
0.42178277 -0.00489663
0.42954938 -0.00429448
0.43733338 -0.00367433
0.44513284 -0.00303698
0.45294584 -0.00238332
0.46077045 -0.00171426
0.46860474 -0.00103079
0.47644677 -0.00033394
0.48429462 0.00037517
0.49214634 0.00109542
0.50000000 0.00182559
0.50785366 0.00256444
0.51570538 0.00331070
0.52355323 0.00406302
0.53139526 0.00482004
0.53922955 0.00558037
0.54705416 0.00634256
0.55486716 0.00710518
0.56266662 0.00786674
0.57045062 0.00862574
0.57821723 0.00938067
0.58596455 0.01013002
0.59369066 0.01087226
0.60139365 0.01160587
0.60907162 0.01232933
0.61672268 0.01304113
0.62434494 0.01373976
0.63193652 0.01442375
0.63949555 0.01509164
0.64702016 0.01574201
0.65450850 0.01637344
0.66195871 0.01698459
0.66936896 0.01757412
0.67673742 0.01814077
0.68406228 0.01868329
0.69134172 0.01920052
0.69857395 0.01969134
0.70575718 0.02015468
0.71288965 0.02058956
0.71996958 0.02099503
0.72699525 0.02137026
0.73396491 0.02171444
0.74087684 0.02202687
0.74772933 0.02230691
0.75452071 0.02255403
0.76124928 0.02276774
0.76791340 0.02294766
0.77451141 0.02309350
0.78104169 0.02320504
0.78750263 0.02328216
0.79389263 0.02332481
0.80021011 0.02333306
0.80645353 0.02330703
0.81262133 0.02324697
0.81871199 0.02315317
0.82472402 0.02302606
0.83065593 0.02286611
0.83650626 0.02267391
0.84227355 0.02245010
0.84795640 0.02219544
0.85355339 0.02191074
0.85906315 0.02159690
0.86448431 0.02125489
0.86981555 0.02088575
0.87505553 0.02049061
0.88020298 0.02007064
0.88525662 0.01962709
0.89021520 0.01916126
0.89507751 0.01867451
0.89984233 0.01816827
0.90450850 0.01764398
0.90907486 0.01710315
0.91354029 0.01654734
0.91790368 0.01597813
0.92216396 0.01539713
0.92632008 0.01480598
0.93037101 0.01420636
0.93431576 0.01359995
0.93815334 0.01298844
0.94188282 0.01237355
0.94550326 0.01175699
0.94901379 0.01114048
0.95241353 0.01052573
0.95570164 0.00991443
0.95887731 0.00930828
0.96193977 0.00870895
0.96488824 0.00811809
0.96772202 0.00753732
0.97044038 0.00696823
0.97304268 0.00641238
0.97552826 0.00587130
0.97789651 0.00534645
0.98014684 0.00483927
0.98227871 0.00435114
0.98429158 0.00388339
0.98618496 0.00343728
0.98795838 0.00301403
0.98961141 0.00261478
0.99114363 0.00224062
0.99255466 0.00189255
0.99384417 0.00157152
0.99501183 0.00127840
0.99605735 0.00101397
0.99698048 0.00077894
0.99778098 0.00057396
0.99845867 0.00039957
0.99901336 0.00025624
0.99944494 0.00014436
0.99975328 0.00006424
0.99993832 0.00001607
1.00000000 0.00000000
