sample_1283
1.00000000 0.00000000
0.99993832 0.00002711
0.99975328 0.00010837
0.99944494 0.00024364
0.99901336 0.00043268
0.99845867 0.00067513
0.99778098 0.00097056
0.99698048 0.00131842
0.99605735 0.00171810
0.99501183 0.00216888
0.99384417 0.00266996
0.99255466 0.00322046
0.99114363 0.00381943
0.98961141 0.00446585
0.98795838 0.00515861
0.98618496 0.00589656
0.98429158 0.00667850
0.98227871 0.00750316
0.98014684 0.00836924
0.97789651 0.00927539
0.97552826 0.01022024
0.97304268 0.01120238
0.97044038 0.01222040
0.96772202 0.01327286
0.96488824 0.01435830
0.96193977 0.01547530
0.95887731 0.01662239
0.95570164 0.01779815
0.95241353 0.01900117
0.94901379 0.02023004
0.94550326 0.02148339
0.94188282 0.02275988
0.93815334 0.02405819
0.93431576 0.02537706
0.93037101 0.02671526
0.92632008 0.02807159
0.92216396 0.02944493
0.91790368 0.03083417
0.91354029 0.03223829
0.90907486 0.03365630
0.90450850 0.03508726
0.89984233 0.03653029
0.89507751 0.03798458
0.89021520 0.03944935
0.88525662 0.04092387
0.88020298 0.04240749
0.87505553 0.04389958
0.86981555 0.04539957
0.86448431 0.04690693
0.85906315 0.04842118
0.85355339 0.04994186
0.84795640 0.05146857
0.84227355 0.05300091
0.83650626 0.05453853
0.83065593 0.05608110
0.82472402 0.05762828
0.81871199 0.05917978
0.81262133 0.06073530
0.80645353 0.06229453
0.80021011 0.06385718
0.79389263 0.06542294
0.78750263 0.06699149
0.78104169 0.06856248
0.77451141 0.07013557
0.76791340 0.07171037
0.76124928 0.07328645
0.75452071 0.07486335
0.74772933 0.07644060
0.74087684 0.07801765
0.73396491 0.07959391
0.72699525 0.08116875
0.71996958 0.08274149
0.71288965 0.08431138
0.70575718 0.08587762
0.69857395 0.08743936
0.69134172 0.08899567
0.68406228 0.09054559
0.67673742 0.09208806
0.66936896 0.09362201
0.66195871 0.09514625
0.65450850 0.09665958
0.64702016 0.09816073
0.63949555 0.09964836
0.63193652 0.10112109
0.62434494 0.10257749
0.61672268 0.10401608
0.60907162 0.10543534
0.60139365 0.10683371
0.59369066 0.10820959
0.58596455 0.10956137
0.57821723 0.11088738
0.57045062 0.11218597
0.56266662 0.11345544
0.55486716 0.11469410
0.54705416 0.11590026
0.53922955 0.11707222
0.53139526 0.11820830
0.52355323 0.11930682
0.51570538 0.12036613
0.50785366 0.12138462
0.50000000 0.12236068
0.49214634 0.12329277
0.48429462 0.12417937
0.47644677 0.12501903
0.46860474 0.12581034
0.46077045 0.12655194
0.45294584 0.12724257
0.44513284 0.12788100
0.43733338 0.12846611
0.42954938 0.12899681
0.42178277 0.12947215
0.41403545 0.12989121
0.40630934 0.13025320
0.39860635 0.13055738
0.39092838 0.13080313
0.38327732 0.13098992
0.37565506 0.13111729
0.36806348 0.13118492
0.36050445 0.13119253
0.35297984 0.13113998
0.34549150 0.13102720
0.33804129 0.13085423
0.33063104 0.13062118
0.32326258 0.13032828
0.31593772 0.12997582
0.30865828 0.12956419
0.30142605 0.12909387
0.29424282 0.12856541
0.28711035 0.12797943
0.28003042 0.12733664
0.27300475 0.12663782
0.26603509 0.12588378
0.25912316 0.12507544
0.25227067 0.12421375
0.24547929 0.12329971
0.23875072 0.12233438
0.23208660 0.12131884
0.22548859 0.12025424
0.21895831 0.11914174
0.21249737 0.11798252
0.20610737 0.11677782
0.19978989 0.11552886
0.19354647 0.11423689
0.18737867 0.11290318
0.18128801 0.11152898
0.17527598 0.11011556
0.16934407 0.10866418
0.16349374 0.10717610
0.15772645 0.10565257
0.15204360 0.10409480
0.14644661 0.10250403
0.14093685 0.10088144
0.13551569 0.09922821
0.13018445 0.09754549
0.12494447 0.09583440
0.11979702 0.09409603
0.11474338 0.09233145
0.10978480 0.09054170
0.10492249 0.08872777
0.10015767 0.08689063
0.09549150 0.08503123
0.09092514 0.08315047
0.08645971 0.08124922
0.08209632 0.07932832
0.07783604 0.07738857
0.07367992 0.07543076
0.06962899 0.07345562
0.06568424 0.07146388
0.06184666 0.06945622
0.05811718 0.06743330
0.05449674 0.06539575
0.05098621 0.06334420
0.04758647 0.06127922
0.04429836 0.05920138
0.04112269 0.05711123
0.03806023 0.05500931
0.03511176 0.05289612
0.03227798 0.05077218
0.02955962 0.04863795
0.02695732 0.04649394
0.02447174 0.04434059
0.02210349 0.04217838
0.01985316 0.04000775
0.01772129 0.03782915
0.01570842 0.03564303
0.01381504 0.03344983
0.01204162 0.03124997
0.01038859 0.02904392
0.00885637 0.02683209
0.00744534 0.02461492
0.00615583 0.02239286
0.00498817 0.02016633
0.00394265 0.01793579
0.00301952 0.01570167
0.00221902 0.01346441
0.00154133 0.01122446
0.00098664 0.00898227
0.00055506 0.00673828
0.00024672 0.00449294
0.00006168 0.00224669
0.00000000 0.00000000
0.00006168 -0.00100555
0.00024672 -0.00200832
0.00055506 -0.00300556
0.00098664 -0.00399452
0.00154133 -0.00497251
0.00221902 -0.00593689
0.00301952 -0.00688507
0.00394265 -0.00781456
0.00498817 -0.00872295
0.00615583 -0.00960792
0.00744534 -0.01046728
0.00885637 -0.01129894
0.01038859 -0.01210095
0.01204162 -0.01287149
0.01381504 -0.01360891
0.01570842 -0.01431168
0.01772129 -0.01497844
0.01985316 -0.01560799
0.02210349 -0.01619929
0.02447174 -0.01675148
0.02695732 -0.01726385
0.02955962 -0.01773588
0.03227798 -0.01816720
0.03511176 -0.01855761
0.03806023 -0.01890708
0.04112269 -0.01921574
0.04429836 -0.01948388
0.04758647 -0.01971194
0.05098621 -0.01990048
0.05449674 -0.02005023
0.05811718 -0.02016204
0.06184666 -0.02023688
0.06568424 -0.02027583
0.06962899 -0.02028008
0.07367992 -0.02025090
0.07783604 -0.02018965
0.08209632 -0.02009777
0.08645971 -0.01997676
0.09092514 -0.01982815
0.09549150 -0.01965354
0.10015767 -0.01945452
0.10492249 -0.01923273
0.10978480 -0.01898979
0.11474338 -0.01872733
0.11979702 -0.01844696
0.12494447 -0.01815026
0.13018445 -0.01783878
0.13551569 -0.01751401
0.14093685 -0.01717741
0.14644661 -0.01683034
0.15204360 -0.01647413
0.15772645 -0.01611002
0.16349374 -0.01573914
0.16934407 -0.01536258
0.17527598 -0.01498129
0.18128801 -0.01459616
0.18737867 -0.01420796
0.19354647 -0.01381737
0.19978989 -0.01342495
0.20610737 -0.01303118
0.21249737 -0.01263642
0.21895831 -0.01224093
0.22548859 -0.01184489
0.23208660 -0.01144836
0.23875072 -0.01105131
0.24547929 -0.01065364
0.25227067 -0.01025514
0.25912316 -0.00985555
0.26603509 -0.00945450
0.27300475 -0.00905160
0.28003042 -0.00864636
0.28711035 -0.00823827
0.29424282 -0.00782675
0.30142605 -0.00741120
0.30865828 -0.00699099
0.31593772 -0.00656547
0.32326258 -0.00613398
0.33063104 -0.00569586
0.33804129 -0.00525043
0.34549150 -0.00479708
0.35297984 -0.00433516
0.36050445 -0.00386409
0.36806348 -0.00338333
0.37565506 -0.00289235
0.38327732 -0.00239072
0.39092838 -0.00187802
0.39860635 -0.00135393
0.40630934 -0.00081819
0.41403545 -0.00027061
0.42178277 0.00028891
0.42954938 0.00086039
0.43733338 0.00144378
0.44513284 0.00203890
0.45294584 0.00264553
0.46077045 0.00326331
0.46860474 0.00389182
0.47644677 0.00453053
0.48429462 0.00517882
0.49214634 0.00583598
0.50000000 0.00650121
0.50785366 0.00717362
0.51570538 0.00785225
0.52355323 0.00853603
0.53139526 0.00922385
0.53922955 0.00991450
0.54705416 0.01060672
0.55486716 0.01129918
0.56266662 0.01199050
0.57045062 0.01267925
0.57821723 0.01336396
0.58596455 0.01404312
0.59369066 0.01471519
0.60139365 0.01537863
0.60907162 0.01603185
0.61672268 0.01667329
0.62434494 0.01730137
0.63193652 0.01791452
0.63949555 0.01851119
0.64702016 0.01908986
0.65450850 0.01964903
0.66195871 0.02018724
0.66936896 0.02070307
0.67673742 0.02119517
0.68406228 0.02166221
0.69134172 0.02210297
0.69857395 0.02251626
0.70575718 0.02290097
0.71288965 0.02325609
0.71996958 0.02358066
0.72699525 0.02387384
0.73396491 0.02413485
0.74087684 0.02436302
0.74772933 0.02455778
0.75452071 0.02471864
0.76124928 0.02484523
0.76791340 0.02493726
0.77451141 0.02499456
0.78104169 0.02501705
0.78750263 0.02500476
0.79389263 0.02495782
0.80021011 0.02487645
0.80645353 0.02476099
0.81262133 0.02461186
0.81871199 0.02442958
0.82472402 0.02421477
0.83065593 0.02396813
0.83650626 0.02369045
0.84227355 0.02338262
0.84795640 0.02304559
0.85355339 0.02268039
0.85906315 0.02228813
0.86448431 0.02186999
0.86981555 0.02142721
0.87505553 0.02096109
0.88020298 0.02047298
0.88525662 0.01996429
0.89021520 0.01943647
0.89507751 0.01889101
0.89984233 0.01832944
0.90450850 0.01775332
0.90907486 0.01716424
0.91354029 0.01656380
0.91790368 0.01595364
0.92216396 0.01533538
0.92632008 0.01471067
0.93037101 0.01408116
0.93431576 0.01344849
0.93815334 0.01281432
0.94188282 0.01218026
0.94550326 0.01154794
0.94901379 0.01091896
0.95241353 0.01029490
0.95570164 0.00967731
0.95887731 0.00906772
0.96193977 0.00846764
0.96488824 0.00787851
0.96772202 0.00730176
0.97044038 0.00673879
0.97304268 0.00619092
0.97552826 0.00565947
0.97789651 0.00514567
0.98014684 0.00465074
0.98227871 0.00417581
0.98429158 0.00372200
0.98618496 0.00329033
0.98795838 0.00288180
0.98961141 0.00249733
0.99114363 0.00213779
0.99255466 0.00180400
0.99384417 0.00149670
0.99501183 0.00121658
0.99605735 0.00096426
0.99698048 0.00074029
0.99778098 0.00054519
0.99845867 0.00037937
0.99901336 0.00024319
0.99944494 0.00013697
0.99975328 0.00006093
0.99993832 0.00001524
1.00000000 0.00000000
