sample_622
1.00000000 0.00000000
0.99993832 0.00002757
0.99975328 0.00011025
0.99944494 0.00024789
0.99901336 0.00044028
0.99845867 0.00068711
0.99778098 0.00098800
0.99698048 0.00134247
0.99605735 0.00174996
0.99501183 0.00220984
0.99384417 0.00272138
0.99255466 0.00328381
0.99114363 0.00389624
0.98961141 0.00455774
0.98795838 0.00526731
0.98618496 0.00602388
0.98429158 0.00682632
0.98227871 0.00767345
0.98014684 0.00856401
0.97789651 0.00949673
0.97552826 0.01047026
0.97304268 0.01148325
0.97044038 0.01253426
0.96772202 0.01362188
0.96488824 0.01474462
0.96193977 0.01590100
0.95887731 0.01708951
0.95570164 0.01830864
0.95241353 0.01955687
0.94901379 0.02083266
0.94550326 0.02213450
0.94188282 0.02346086
0.93815334 0.02481025
0.93431576 0.02618118
0.93037101 0.02757218
0.92632008 0.02898181
0.92216396 0.03040868
0.91790368 0.03185139
0.91354029 0.03330861
0.90907486 0.03477905
0.90450850 0.03626144
0.89984233 0.03775459
0.89507751 0.03925733
0.89021520 0.04076856
0.88525662 0.04228722
0.88020298 0.04381232
0.87505553 0.04534291
0.86981555 0.04687811
0.86448431 0.04841709
0.85906315 0.04995907
0.85355339 0.05150335
0.84795640 0.05304925
0.84227355 0.05459619
0.83650626 0.05614360
0.83065593 0.05769098
0.82472402 0.05923787
0.81871199 0.06078388
0.81262133 0.06232863
0.80645353 0.06387179
0.80021011 0.06541307
0.79389263 0.06695221
0.78750263 0.06848897
0.78104169 0.07002314
0.77451141 0.07155451
0.76791340 0.07308290
0.76124928 0.07460812
0.75452071 0.07613000
0.74772933 0.07764835
0.74087684 0.07916297
0.73396491 0.08067365
0.72699525 0.08218014
0.71996958 0.08368220
0.71288965 0.08517953
0.70575718 0.08667179
0.69857395 0.08815862
0.69134172 0.08963958
0.68406228 0.09111420
0.67673742 0.09258196
0.66936896 0.09404227
0.66195871 0.09549445
0.65450850 0.09693781
0.64702016 0.09837154
0.63949555 0.09979479
0.63193652 0.10120661
0.62434494 0.10260600
0.61672268 0.10399186
0.60907162 0.10536305
0.60139365 0.10671831
0.59369066 0.10805634
0.58596455 0.10937575
0.57821723 0.11067509
0.57045062 0.11195283
0.56266662 0.11320738
0.55486716 0.11443710
0.54705416 0.11564028
0.53922955 0.11681516
0.53139526 0.11795993
0.52355323 0.11907275
0.51570538 0.12015174
0.50785366 0.12119498
0.50000000 0.12220054
0.49214634 0.12316648
0.48429462 0.12409084
0.47644677 0.12497168
0.46860474 0.12580705
0.46077045 0.12659503
0.45294584 0.12733372
0.44513284 0.12802125
0.43733338 0.12865580
0.42954938 0.12923560
0.42178277 0.12975893
0.41403545 0.13022416
0.40630934 0.13062970
0.39860635 0.13097407
0.39092838 0.13125586
0.38327732 0.13147378
0.37565506 0.13162663
0.36806348 0.13171332
0.36050445 0.13173286
0.35297984 0.13168442
0.34549150 0.13156725
0.33804129 0.13138077
0.33063104 0.13112451
0.32326258 0.13079814
0.31593772 0.13040146
0.30865828 0.12993444
0.30142605 0.12939716
0.29424282 0.12878987
0.28711035 0.12811293
0.28003042 0.12736688
0.27300475 0.12655237
0.26603509 0.12567019
0.25912316 0.12472129
0.25227067 0.12370674
0.24547929 0.12262771
0.23875072 0.12148555
0.23208660 0.12028167
0.22548859 0.11901764
0.21895831 0.11769512
0.21249737 0.11631586
0.20610737 0.11488173
0.19978989 0.11339467
0.19354647 0.11185670
0.18737867 0.11026991
0.18128801 0.10863648
0.17527598 0.10695861
0.16934407 0.10523857
0.16349374 0.10347867
0.15772645 0.10168124
0.15204360 0.09984865
0.14644661 0.09798325
0.14093685 0.09608744
0.13551569 0.09416359
0.13018445 0.09221406
0.12494447 0.09024120
0.11979702 0.08824733
0.11474338 0.08623473
0.10978480 0.08420564
0.10492249 0.08216227
0.10015767 0.08010675
0.09549150 0.07804116
0.09092514 0.07596752
0.08645971 0.07388775
0.08209632 0.07180372
0.07783604 0.06971721
0.07367992 0.06762990
0.06962899 0.06554341
0.06568424 0.06345922
0.06184666 0.06137876
0.05811718 0.05930333
0.05449674 0.05723415
0.05098621 0.05517230
0.04758647 0.05311880
0.04429836 0.05107455
0.04112269 0.04904032
0.03806023 0.04701682
0.03511176 0.04500462
0.03227798 0.04300419
0.02955962 0.04101592
0.02695732 0.03904009
0.02447174 0.03707686
0.02210349 0.03512632
0.01985316 0.03318847
0.01772129 0.03126319
0.01570842 0.02935030
0.01381504 0.02744953
0.01204162 0.02556053
0.01038859 0.02368286
0.00885637 0.02181603
0.00744534 0.01995947
0.00615583 0.01811255
0.00498817 0.01627458
0.00394265 0.01444483
0.00301952 0.01262250
0.00221902 0.01080676
0.00154133 0.00899674
0.00098664 0.00719154
0.00055506 0.00539023
0.00024672 0.00359185
0.00006168 0.00179543
0.00000000 0.00000000
0.00006168 -0.00090215
0.00024672 -0.00180332
0.00055506 -0.00270254
0.00098664 -0.00359883
0.00154133 -0.00449122
0.00221902 -0.00537871
0.00301952 -0.00626033
0.00394265 -0.00713506
0.00498817 -0.00800192
0.00615583 -0.00885989
0.00744534 -0.00970795
0.00885637 -0.01054510
0.01038859 -0.01137029
0.01204162 -0.01218249
0.01381504 -0.01298065
0.01570842 -0.01376374
0.01772129 -0.01453070
0.01985316 -0.01528048
0.02210349 -0.01601202
0.02447174 -0.01672426
0.02695732 -0.01741615
0.02955962 -0.01808665
0.03227798 -0.01873471
0.03511176 -0.01935930
0.03806023 -0.01995940
0.04112269 -0.02053400
0.04429836 -0.02108212
0.04758647 -0.02160279
0.05098621 -0.02209508
0.05449674 -0.02255806
0.05811718 -0.02299086
0.06184666 -0.02339263
0.06568424 -0.02376257
0.06962899 -0.02409991
0.07367992 -0.02440392
0.07783604 -0.02467395
0.08209632 -0.02490936
0.08645971 -0.02510960
0.09092514 -0.02527416
0.09549150 -0.02540259
0.10015767 -0.02549451
0.10492249 -0.02554961
0.10978480 -0.02556763
0.11474338 -0.02554840
0.11979702 -0.02549181
0.12494447 -0.02539782
0.13018445 -0.02526647
0.13551569 -0.02509788
0.14093685 -0.02489222
0.14644661 -0.02464977
0.15204360 -0.02437084
0.15772645 -0.02405586
0.16349374 -0.02370530
0.16934407 -0.02331970
0.17527598 -0.02289970
0.18128801 -0.02244598
0.18737867 -0.02195929
0.19354647 -0.02144045
0.19978989 -0.02089033
0.20610737 -0.02030987
0.21249737 -0.01970005
0.21895831 -0.01906192
0.22548859 -0.01839655
0.23208660 -0.01770508
0.23875072 -0.01698867
0.24547929 -0.01624852
0.25227067 -0.01548588
0.25912316 -0.01470201
0.26603509 -0.01389819
0.27300475 -0.01307573
0.28003042 -0.01223596
0.28711035 -0.01138021
0.29424282 -0.01050982
0.30142605 -0.00962615
0.30865828 -0.00873055
0.31593772 -0.00782435
0.32326258 -0.00690891
0.33063104 -0.00598555
0.33804129 -0.00505560
0.34549150 -0.00412037
0.35297984 -0.00318114
0.36050445 -0.00223919
0.36806348 -0.00129577
0.37565506 -0.00035210
0.38327732 0.00059060
0.39092838 0.00153116
0.39860635 0.00246843
0.40630934 0.00340128
0.41403545 0.00432861
0.42178277 0.00524936
0.42954938 0.00616249
0.43733338 0.00706698
0.44513284 0.00796185
0.45294584 0.00884614
0.46077045 0.00971893
0.46860474 0.01057933
0.47644677 0.01142645
0.48429462 0.01225945
0.49214634 0.01307751
0.50000000 0.01387983
0.50785366 0.01466565
0.51570538 0.01543420
0.52355323 0.01618477
0.53139526 0.01691664
0.53922955 0.01762913
0.54705416 0.01832157
0.55486716 0.01899333
0.56266662 0.01964376
0.57045062 0.02027228
0.57821723 0.02087827
0.58596455 0.02146118
0.59369066 0.02202046
0.60139365 0.02255556
0.60907162 0.02306598
0.61672268 0.02355121
0.62434494 0.02401080
0.63193652 0.02444427
0.63949555 0.02485121
0.64702016 0.02523120
0.65450850 0.02558386
0.66195871 0.02590883
0.66936896 0.02620577
0.67673742 0.02647439
0.68406228 0.02671442
0.69134172 0.02692559
0.69857395 0.02710772
0.70575718 0.02726063
0.71288965 0.02738417
0.71996958 0.02747825
0.72699525 0.02754281
0.73396491 0.02757784
0.74087684 0.02758335
0.74772933 0.02755943
0.75452071 0.02750618
0.76124928 0.02742378
0.76791340 0.02731243
0.77451141 0.02717241
0.78104169 0.02700403
0.78750263 0.02680765
0.79389263 0.02658370
0.80021011 0.02633265
0.80645353 0.02605502
0.81262133 0.02575140
0.81871199 0.02542241
0.82472402 0.02506875
0.83065593 0.02469114
0.83650626 0.02429037
0.84227355 0.02386729
0.84795640 0.02342278
0.85355339 0.02295776
0.85906315 0.02247324
0.86448431 0.02197022
0.86981555 0.02144977
0.87505553 0.02091300
0.88020298 0.02036106
0.88525662 0.01979511
0.89021520 0.01921637
0.89507751 0.01862609
0.89984233 0.01802551
0.90450850 0.01741594
0.90907486 0.01679868
0.91354029 0.01617506
0.91790368 0.01554642
0.92216396 0.01491412
0.92632008 0.01427950
0.93037101 0.01364393
0.93431576 0.01300878
0.93815334 0.01237541
0.94188282 0.01174517
0.94550326 0.01111941
0.94901379 0.01049946
0.95241353 0.00988664
0.95570164 0.00928226
0.95887731 0.00868759
0.96193977 0.00810390
0.96488824 0.00753240
0.96772202 0.00697430
0.97044038 0.00643078
0.97304268 0.00590296
0.97552826 0.00539194
0.97789651 0.00489879
0.98014684 0.00442453
0.98227871 0.00397014
0.98429158 0.00353655
0.98618496 0.00312464
0.98795838 0.00273527
0.98961141 0.00236923
0.99114363 0.00202725
0.99255466 0.00171004
0.99384417 0.00141824
0.99501183 0.00115243
0.99605735 0.00091315
0.99698048 0.00070088
0.99778098 0.00051605
0.99845867 0.00035903
0.99901336 0.00023012
0.99944494 0.00012960
0.99975328 0.00005765
0.99993832 0.00001442
1.00000000 0.00000000
