sample_752
1.00000000 0.00000000
0.99993832 0.00002385
0.99975328 0.00009538
0.99944494 0.00021454
0.99901336 0.00038124
0.99845867 0.00059535
0.99778098 0.00085671
0.99698048 0.00116511
0.99605735 0.00152033
0.99501183 0.00192209
0.99384417 0.00237008
0.99255466 0.00286394
0.99114363 0.00340331
0.98961141 0.00398774
0.98795838 0.00461678
0.98618496 0.00528993
0.98429158 0.00600664
0.98227871 0.00676634
0.98014684 0.00756841
0.97789651 0.00841220
0.97552826 0.00929699
0.97304268 0.01022207
0.97044038 0.01118665
0.96772202 0.01218991
0.96488824 0.01323101
0.96193977 0.01430905
0.95887731 0.01542309
0.95570164 0.01657218
0.95241353 0.01775531
0.94901379 0.01897144
0.94550326 0.02021949
0.94188282 0.02149836
0.93815334 0.02280690
0.93431576 0.02414393
0.93037101 0.02550827
0.92632008 0.02689867
0.92216396 0.02831388
0.91790368 0.02975262
0.91354029 0.03121358
0.90907486 0.03269544
0.90450850 0.03419685
0.89984233 0.03571645
0.89507751 0.03725287
0.89021520 0.03880472
0.88525662 0.04037060
0.88020298 0.04194911
0.87505553 0.04353884
0.86981555 0.04513839
0.86448431 0.04674633
0.85906315 0.04836128
0.85355339 0.04998181
0.84795640 0.05160655
0.84227355 0.05323411
0.83650626 0.05486311
0.83065593 0.05649220
0.82472402 0.05812004
0.81871199 0.05974531
0.81262133 0.06136671
0.80645353 0.06298296
0.80021011 0.06459280
0.79389263 0.06619501
0.78750263 0.06778838
0.78104169 0.06937174
0.77451141 0.07094394
0.76791340 0.07250387
0.76124928 0.07405045
0.75452071 0.07558261
0.74772933 0.07709934
0.74087684 0.07859964
0.73396491 0.08008254
0.72699525 0.08154713
0.71996958 0.08299249
0.71288965 0.08441775
0.70575718 0.08582208
0.69857395 0.08720465
0.69134172 0.08856468
0.68406228 0.08990141
0.67673742 0.09121409
0.66936896 0.09250202
0.66195871 0.09376449
0.65450850 0.09500083
0.64702016 0.09621038
0.63949555 0.09739252
0.63193652 0.09854660
0.62434494 0.09967202
0.61672268 0.10076817
0.60907162 0.10183447
0.60139365 0.10287033
0.59369066 0.10387518
0.58596455 0.10484844
0.57821723 0.10578954
0.57045062 0.10669792
0.56266662 0.10757302
0.55486716 0.10841426
0.54705416 0.10922109
0.53922955 0.10999294
0.53139526 0.11072924
0.52355323 0.11142942
0.51570538 0.11209290
0.50785366 0.11271912
0.50000000 0.11330750
0.49214634 0.11385745
0.48429462 0.11436840
0.47644677 0.11483978
0.46860474 0.11527100
0.46077045 0.11566149
0.45294584 0.11601067
0.44513284 0.11631800
0.43733338 0.11658290
0.42954938 0.11680483
0.42178277 0.11698325
0.41403545 0.11711765
0.40630934 0.11720752
0.39860635 0.11725238
0.39092838 0.11725176
0.38327732 0.11720524
0.37565506 0.11711239
0.36806348 0.11697285
0.36050445 0.11678626
0.35297984 0.11655233
0.34549150 0.11627079
0.33804129 0.11594140
0.33063104 0.11556401
0.32326258 0.11513846
0.31593772 0.11466470
0.30865828 0.11414268
0.30142605 0.11357245
0.29424282 0.11295408
0.28711035 0.11228774
0.28003042 0.11157362
0.27300475 0.11081202
0.26603509 0.11000326
0.25912316 0.10914775
0.25227067 0.10824597
0.24547929 0.10729846
0.23875072 0.10630582
0.23208660 0.10526874
0.22548859 0.10418795
0.21895831 0.10306426
0.21249737 0.10189856
0.20610737 0.10069178
0.19978989 0.09944492
0.19354647 0.09815906
0.18737867 0.09683530
0.18128801 0.09547483
0.17527598 0.09407889
0.16934407 0.09264875
0.16349374 0.09118573
0.15772645 0.08969122
0.15204360 0.08816662
0.14644661 0.08661337
0.14093685 0.08503295
0.13551569 0.08342686
0.13018445 0.08179662
0.12494447 0.08014377
0.11979702 0.07846984
0.11474338 0.07677641
0.10978480 0.07506502
0.10492249 0.07333722
0.10015767 0.07159456
0.09549150 0.06983855
0.09092514 0.06807071
0.08645971 0.06629251
0.08209632 0.06450540
0.07783604 0.06271080
0.07367992 0.06091008
0.06962899 0.05910457
0.06568424 0.05729555
0.06184666 0.05548424
0.05811718 0.05367182
0.05449674 0.05185940
0.05098621 0.05004800
0.04758647 0.04823862
0.04429836 0.04643216
0.04112269 0.04462945
0.03806023 0.04283124
0.03511176 0.04103822
0.03227798 0.03925099
0.02955962 0.03747008
0.02695732 0.03569593
0.02447174 0.03392890
0.02210349 0.03216928
0.01985316 0.03041727
0.01772129 0.02867301
0.01570842 0.02693654
0.01381504 0.02520784
0.01204162 0.02348682
0.01038859 0.02177331
0.00885637 0.02006707
0.00744534 0.01836782
0.00615583 0.01667518
0.00498817 0.01498876
0.00394265 0.01330808
0.00301952 0.01163263
0.00221902 0.00996186
0.00154133 0.00829516
0.00098664 0.00663191
0.00055506 0.00497146
0.00024672 0.00331312
0.00006168 0.00165621
0.00000000 0.00000000
0.00006168 -0.00074311
0.00024672 -0.00148428
0.00055506 -0.00222158
0.00098664 -0.00295308
0.00154133 -0.00367689
0.00221902 -0.00439114
0.00301952 -0.00509399
0.00394265 -0.00578366
0.00498817 -0.00645839
0.00615583 -0.00711649
0.00744534 -0.00775634
0.00885637 -0.00837638
0.01038859 -0.00897511
0.01204162 -0.00955112
0.01381504 -0.01010308
0.01570842 -0.01062974
0.01772129 -0.01112996
0.01985316 -0.01160268
0.02210349 -0.01204694
0.02447174 -0.01246187
0.02695732 -0.01284674
0.02955962 -0.01320088
0.03227798 -0.01352376
0.03511176 -0.01381496
0.03806023 -0.01407414
0.04112269 -0.01430110
0.04429836 -0.01449574
0.04758647 -0.01465806
0.05098621 -0.01478819
0.05449674 -0.01488634
0.05811718 -0.01495283
0.06184666 -0.01498810
0.06568424 -0.01499266
0.06962899 -0.01496714
0.07367992 -0.01491225
0.07783604 -0.01482877
0.08209632 -0.01471759
0.08645971 -0.01457966
0.09092514 -0.01441600
0.09549150 -0.01422769
0.10015767 -0.01401588
0.10492249 -0.01378177
0.10978480 -0.01352660
0.11474338 -0.01325166
0.11979702 -0.01295825
0.12494447 -0.01264771
0.13018445 -0.01232140
0.13551569 -0.01198069
0.14093685 -0.01162694
0.14644661 -0.01126151
0.15204360 -0.01088577
0.15772645 -0.01050105
0.16349374 -0.01010866
0.16934407 -0.00970989
0.17527598 -0.00930597
0.18128801 -0.00889810
0.18737867 -0.00848744
0.19354647 -0.00807508
0.19978989 -0.00766205
0.20610737 -0.00724934
0.21249737 -0.00683785
0.21895831 -0.00642840
0.22548859 -0.00602177
0.23208660 -0.00561861
0.23875072 -0.00521955
0.24547929 -0.00482510
0.25227067 -0.00443569
0.25912316 -0.00405169
0.26603509 -0.00367336
0.27300475 -0.00330090
0.28003042 -0.00293441
0.28711035 -0.00257394
0.29424282 -0.00221943
0.30142605 -0.00187076
0.30865828 -0.00152776
0.31593772 -0.00119017
0.32326258 -0.00085767
0.33063104 -0.00052988
0.33804129 -0.00020639
0.34549150 0.00011327
0.35297984 0.00042963
0.36050445 0.00074322
0.36806348 0.00105462
0.37565506 0.00136442
0.38327732 0.00167324
0.39092838 0.00198169
0.39860635 0.00229041
0.40630934 0.00260000
0.41403545 0.00291106
0.42178277 0.00322419
0.42954938 0.00353995
0.43733338 0.00385885
0.44513284 0.00418140
0.45294584 0.00450804
0.46077045 0.00483917
0.46860474 0.00517514
0.47644677 0.00551623
0.48429462 0.00586266
0.49214634 0.00621459
0.50000000 0.00657212
0.50785366 0.00693524
0.51570538 0.00730391
0.52355323 0.00767798
0.53139526 0.00805723
0.53922955 0.00844138
0.54705416 0.00883005
0.55486716 0.00922279
0.56266662 0.00961908
0.57045062 0.01001831
0.57821723 0.01041980
0.58596455 0.01082283
0.59369066 0.01122658
0.60139365 0.01163017
0.60907162 0.01203269
0.61672268 0.01243315
0.62434494 0.01283052
0.63193652 0.01322374
0.63949555 0.01361170
0.64702016 0.01399326
0.65450850 0.01436727
0.66195871 0.01473256
0.66936896 0.01508793
0.67673742 0.01543220
0.68406228 0.01576420
0.69134172 0.01608276
0.69857395 0.01638671
0.70575718 0.01667494
0.71288965 0.01694634
0.71996958 0.01719988
0.72699525 0.01743453
0.73396491 0.01764933
0.74087684 0.01784339
0.74772933 0.01801587
0.75452071 0.01816598
0.76124928 0.01829304
0.76791340 0.01839641
0.77451141 0.01847556
0.78104169 0.01853002
0.78750263 0.01855942
0.79389263 0.01856347
0.80021011 0.01854199
0.80645353 0.01849485
0.81262133 0.01842207
0.81871199 0.01832370
0.82472402 0.01819994
0.83065593 0.01805105
0.83650626 0.01787738
0.84227355 0.01767937
0.84795640 0.01745757
0.85355339 0.01721258
0.85906315 0.01694510
0.86448431 0.01665590
0.86981555 0.01634584
0.87505553 0.01601584
0.88020298 0.01566686
0.88525662 0.01529997
0.89021520 0.01491625
0.89507751 0.01451687
0.89984233 0.01410301
0.90450850 0.01367592
0.90907486 0.01323688
0.91354029 0.01278718
0.91790368 0.01232816
0.92216396 0.01186116
0.92632008 0.01138755
0.93037101 0.01090871
0.93431576 0.01042602
0.93815334 0.00994084
0.94188282 0.00945455
0.94550326 0.00896852
0.94901379 0.00848410
0.95241353 0.00800261
0.95570164 0.00752537
0.95887731 0.00705366
0.96193977 0.00658873
0.96488824 0.00613181
0.96772202 0.00568409
0.97044038 0.00524672
0.97304268 0.00482080
0.97552826 0.00440743
0.97789651 0.00400760
0.98014684 0.00362232
0.98227871 0.00325252
0.98429158 0.00289908
0.98618496 0.00256284
0.98795838 0.00224460
0.98961141 0.00194508
0.99114363 0.00166499
0.99255466 0.00140496
0.99384417 0.00116558
0.99501183 0.00094739
0.99605735 0.00075086
0.99698048 0.00057643
0.99778098 0.00042449
0.99845867 0.00029537
0.99901336 0.00018934
0.99944494 0.00010664
0.99975328 0.00004744
0.99993832 0.00001187
1.00000000 0.00000000
