sample_089
1.00000000 0.00000000
0.99993832 0.00002255
0.99975328 0.00009020
0.99944494 0.00020295
0.99901336 0.00036078
0.99845867 0.00056368
0.99778098 0.00081163
0.99698048 0.00110459
0.99605735 0.00144254
0.99501183 0.00182543
0.99384417 0.00225318
0.99255466 0.00272574
0.99114363 0.00324300
0.98961141 0.00380486
0.98795838 0.00441118
0.98618496 0.00506181
0.98429158 0.00575656
0.98227871 0.00649522
0.98014684 0.00727754
0.97789651 0.00810323
0.97552826 0.00897199
0.97304268 0.00988343
0.97044038 0.01083717
0.96772202 0.01183274
0.96488824 0.01286965
0.96193977 0.01394736
0.95887731 0.01506526
0.95570164 0.01622270
0.95241353 0.01741897
0.94901379 0.01865332
0.94550326 0.01992492
0.94188282 0.02123290
0.93815334 0.02257633
0.93431576 0.02395422
0.93037101 0.02536553
0.92632008 0.02680917
0.92216396 0.02828398
0.91790368 0.02978877
0.91354029 0.03132227
0.90907486 0.03288320
0.90450850 0.03447021
0.89984233 0.03608190
0.89507751 0.03771686
0.89021520 0.03937361
0.88525662 0.04105066
0.88020298 0.04274649
0.87505553 0.04445953
0.86981555 0.04618822
0.86448431 0.04793096
0.85906315 0.04968614
0.85355339 0.05145215
0.84795640 0.05322735
0.84227355 0.05501012
0.83650626 0.05679884
0.83065593 0.05859187
0.82472402 0.06038762
0.81871199 0.06218449
0.81262133 0.06398088
0.80645353 0.06577524
0.80021011 0.06756602
0.79389263 0.06935172
0.78750263 0.07113084
0.78104169 0.07290193
0.77451141 0.07466355
0.76791340 0.07641433
0.76124928 0.07815291
0.75452071 0.07987796
0.74772933 0.08158821
0.74087684 0.08328243
0.73396491 0.08495940
0.72699525 0.08661797
0.71996958 0.08825701
0.71288965 0.08987544
0.70575718 0.09147222
0.69857395 0.09304633
0.69134172 0.09459681
0.68406228 0.09612272
0.67673742 0.09762316
0.66936896 0.09909727
0.66195871 0.10054419
0.65450850 0.10196313
0.64702016 0.10335331
0.63949555 0.10471397
0.63193652 0.10604439
0.62434494 0.10734385
0.61672268 0.10861167
0.60907162 0.10984718
0.60139365 0.11104974
0.59369066 0.11221872
0.58596455 0.11335349
0.57821723 0.11445345
0.57045062 0.11551801
0.56266662 0.11654659
0.55486716 0.11753863
0.54705416 0.11849355
0.53922955 0.11941082
0.53139526 0.12028990
0.52355323 0.12113026
0.51570538 0.12193137
0.50785366 0.12269273
0.50000000 0.12341384
0.49214634 0.12409422
0.48429462 0.12473339
0.47644677 0.12533090
0.46860474 0.12588628
0.46077045 0.12639912
0.45294584 0.12686901
0.44513284 0.12729554
0.43733338 0.12767834
0.42954938 0.12801706
0.42178277 0.12831138
0.41403545 0.12856098
0.40630934 0.12876559
0.39860635 0.12892495
0.39092838 0.12903885
0.38327732 0.12910710
0.37565506 0.12912953
0.36806348 0.12910603
0.36050445 0.12903649
0.35297984 0.12892085
0.34549150 0.12875911
0.33804129 0.12855127
0.33063104 0.12829737
0.32326258 0.12799751
0.31593772 0.12765181
0.30865828 0.12726042
0.30142605 0.12682354
0.29424282 0.12634139
0.28711035 0.12581423
0.28003042 0.12524236
0.27300475 0.12462609
0.26603509 0.12396578
0.25912316 0.12326181
0.25227067 0.12251459
0.24547929 0.12172454
0.23875072 0.12089212
0.23208660 0.12001780
0.22548859 0.11910206
0.21895831 0.11814542
0.21249737 0.11714838
0.20610737 0.11611148
0.19978989 0.11503525
0.19354647 0.11392023
0.18737867 0.11276697
0.18128801 0.11157601
0.17527598 0.11034790
0.16934407 0.10908317
0.16349374 0.10778238
0.15772645 0.10644604
0.15204360 0.10507470
0.14644661 0.10366885
0.14093685 0.10222902
0.13551569 0.10075569
0.13018445 0.09924936
0.12494447 0.09771049
0.11979702 0.09613956
0.11474338 0.09453701
0.10978480 0.09290328
0.10492249 0.09123880
0.10015767 0.08954400
0.09549150 0.08781929
0.09092514 0.08606507
0.08645971 0.08428175
0.08209632 0.08246971
0.07783604 0.08062936
0.07367992 0.07876109
0.06962899 0.07686530
0.06568424 0.07494237
0.06184666 0.07299273
0.05811718 0.07101679
0.05449674 0.06901497
0.05098621 0.06698770
0.04758647 0.06493546
0.04429836 0.06285871
0.04112269 0.06075794
0.03806023 0.05863367
0.03511176 0.05648644
0.03227798 0.05431681
0.02955962 0.05212539
0.02695732 0.04991280
0.02447174 0.04767968
0.02210349 0.04542673
0.01985316 0.04315466
0.01772129 0.04086424
0.01570842 0.03855623
0.01381504 0.03623147
0.01204162 0.03389080
0.01038859 0.03153512
0.00885637 0.02916533
0.00744534 0.02678240
0.00615583 0.02438729
0.00498817 0.02198102
0.00394265 0.01956461
0.00301952 0.01713914
0.00221902 0.01470569
0.00154133 0.01226534
0.00098664 0.00981923
0.00055506 0.00736849
0.00024672 0.00491427
0.00006168 0.00245772
0.00000000 0.00000000
0.00006168 -0.00048986
0.00024672 -0.00097938
0.00055506 -0.00146822
0.00098664 -0.00195605
0.00154133 -0.00244254
0.00221902 -0.00292736
0.00301952 -0.00341016
0.00394265 -0.00389063
0.00498817 -0.00436844
0.00615583 -0.00484327
0.00744534 -0.00531480
0.00885637 -0.00578272
0.01038859 -0.00624672
0.01204162 -0.00670649
0.01381504 -0.00716173
0.01570842 -0.00761215
0.01772129 -0.00805744
0.01985316 -0.00849732
0.02210349 -0.00893149
0.02447174 -0.00935968
0.02695732 -0.00978159
0.02955962 -0.01019695
0.03227798 -0.01060547
0.03511176 -0.01100687
0.03806023 -0.01140088
0.04112269 -0.01178720
0.04429836 -0.01216556
0.04758647 -0.01253566
0.05098621 -0.01289723
0.05449674 -0.01324997
0.05811718 -0.01359357
0.06184666 -0.01392775
0.06568424 -0.01425219
0.06962899 -0.01456657
0.07367992 -0.01487059
0.07783604 -0.01516390
0.08209632 -0.01544618
0.08645971 -0.01571709
0.09092514 -0.01597627
0.09549150 -0.01622337
0.10015767 -0.01645803
0.10492249 -0.01667987
0.10978480 -0.01688851
0.11474338 -0.01708358
0.11979702 -0.01726467
0.12494447 -0.01743140
0.13018445 -0.01758336
0.13551569 -0.01772016
0.14093685 -0.01784138
0.14644661 -0.01794662
0.15204360 -0.01803548
0.15772645 -0.01810755
0.16349374 -0.01816244
0.16934407 -0.01819975
0.17527598 -0.01821910
0.18128801 -0.01822011
0.18737867 -0.01820242
0.19354647 -0.01816567
0.19978989 -0.01810953
0.20610737 -0.01803368
0.21249737 -0.01793781
0.21895831 -0.01782166
0.22548859 -0.01768497
0.23208660 -0.01752751
0.23875072 -0.01734908
0.24547929 -0.01714952
0.25227067 -0.01692867
0.25912316 -0.01668644
0.26603509 -0.01642276
0.27300475 -0.01613759
0.28003042 -0.01583095
0.28711035 -0.01550287
0.29424282 -0.01515345
0.30142605 -0.01478281
0.30865828 -0.01439112
0.31593772 -0.01397861
0.32326258 -0.01354553
0.33063104 -0.01309218
0.33804129 -0.01261892
0.34549150 -0.01212615
0.35297984 -0.01161430
0.36050445 -0.01108386
0.36806348 -0.01053535
0.37565506 -0.00996936
0.38327732 -0.00938650
0.39092838 -0.00878743
0.39860635 -0.00817284
0.40630934 -0.00754348
0.41403545 -0.00690012
0.42178277 -0.00624357
0.42954938 -0.00557468
0.43733338 -0.00489434
0.44513284 -0.00420345
0.45294584 -0.00350296
0.46077045 -0.00279383
0.46860474 -0.00207706
0.47644677 -0.00135367
0.48429462 -0.00062469
0.49214634 0.00010882
0.50000000 0.00084579
0.50785366 0.00158513
0.51570538 0.00232575
0.52355323 0.00306653
0.53139526 0.00380638
0.53922955 0.00454416
0.54705416 0.00527876
0.55486716 0.00600905
0.56266662 0.00673392
0.57045062 0.00745225
0.57821723 0.00816293
0.58596455 0.00886487
0.59369066 0.00955695
0.60139365 0.01023812
0.60907162 0.01090730
0.61672268 0.01156344
0.62434494 0.01220551
0.63193652 0.01283249
0.63949555 0.01344340
0.64702016 0.01403725
0.65450850 0.01461312
0.66195871 0.01517007
0.66936896 0.01570720
0.67673742 0.01622367
0.68406228 0.01671863
0.69134172 0.01719128
0.69857395 0.01764085
0.70575718 0.01806660
0.71288965 0.01846785
0.71996958 0.01884393
0.72699525 0.01919422
0.73396491 0.01951815
0.74087684 0.01981517
0.74772933 0.02008480
0.75452071 0.02032659
0.76124928 0.02054014
0.76791340 0.02072511
0.77451141 0.02088119
0.78104169 0.02100813
0.78750263 0.02110576
0.79389263 0.02117392
0.80021011 0.02121254
0.80645353 0.02122159
0.81262133 0.02120111
0.81871199 0.02115120
0.82472402 0.02107202
0.83065593 0.02096379
0.83650626 0.02082680
0.84227355 0.02066140
0.84795640 0.02046800
0.85355339 0.02024710
0.85906315 0.01999925
0.86448431 0.01972506
0.86981555 0.01942523
0.87505553 0.01910050
0.88020298 0.01875171
0.88525662 0.01837973
0.89021520 0.01798553
0.89507751 0.01757012
0.89984233 0.01713459
0.90450850 0.01668008
0.90907486 0.01620780
0.91354029 0.01571901
0.91790368 0.01521504
0.92216396 0.01469725
0.92632008 0.01416707
0.93037101 0.01362596
0.93431576 0.01307545
0.93815334 0.01251709
0.94188282 0.01195245
0.94550326 0.01138317
0.94901379 0.01081089
0.95241353 0.01023728
0.95570164 0.00966401
0.95887731 0.00909280
0.96193977 0.00852534
0.96488824 0.00796334
0.96772202 0.00740849
0.97044038 0.00686248
0.97304268 0.00632700
0.97552826 0.00580368
0.97789651 0.00529415
0.98014684 0.00480000
0.98227871 0.00432277
0.98429158 0.00386398
0.98618496 0.00342507
0.98795838 0.00300744
0.98961141 0.00261242
0.99114363 0.00224129
0.99255466 0.00189522
0.99384417 0.00157534
0.99501183 0.00128270
0.99605735 0.00101823
0.99698048 0.00078279
0.99778098 0.00057717
0.99845867 0.00040202
0.99901336 0.00025793
0.99944494 0.00014537
0.99975328 0.00006470
0.99993832 0.00001619
1.00000000 0.00000000
