sample_1098
1.00000000 0.00000000
0.99993832 0.00002749
0.99975328 0.00010992
0.99944494 0.00024720
0.99901336 0.00043920
0.99845867 0.00068572
0.99778098 0.00098650
0.99698048 0.00134123
0.99605735 0.00174955
0.99501183 0.00221104
0.99384417 0.00272522
0.99255466 0.00329157
0.99114363 0.00390950
0.98961141 0.00457840
0.98795838 0.00529757
0.98618496 0.00606628
0.98429158 0.00688377
0.98227871 0.00774919
0.98014684 0.00866169
0.97789651 0.00962035
0.97552826 0.01062421
0.97304268 0.01167227
0.97044038 0.01276350
0.96772202 0.01389682
0.96488824 0.01507111
0.96193977 0.01628524
0.95887731 0.01753802
0.95570164 0.01882825
0.95241353 0.02015469
0.94901379 0.02151607
0.94550326 0.02291110
0.94188282 0.02433847
0.93815334 0.02579685
0.93431576 0.02728488
0.93037101 0.02880120
0.92632008 0.03034441
0.92216396 0.03191313
0.91790368 0.03350592
0.91354029 0.03512139
0.90907486 0.03675809
0.90450850 0.03841460
0.89984233 0.04008947
0.89507751 0.04178125
0.89021520 0.04348852
0.88525662 0.04520981
0.88020298 0.04694369
0.87505553 0.04868871
0.86981555 0.05044344
0.86448431 0.05220645
0.85906315 0.05397631
0.85355339 0.05575160
0.84795640 0.05753091
0.84227355 0.05931284
0.83650626 0.06109599
0.83065593 0.06287898
0.82472402 0.06466044
0.81871199 0.06643900
0.81262133 0.06821331
0.80645353 0.06998203
0.80021011 0.07174384
0.79389263 0.07349741
0.78750263 0.07524145
0.78104169 0.07697465
0.77451141 0.07869574
0.76791340 0.08040346
0.76124928 0.08209654
0.75452071 0.08377374
0.74772933 0.08543382
0.74087684 0.08707558
0.73396491 0.08869780
0.72699525 0.09029929
0.71996958 0.09187887
0.71288965 0.09343536
0.70575718 0.09496761
0.69857395 0.09647448
0.69134172 0.09795484
0.68406228 0.09940757
0.67673742 0.10083157
0.66936896 0.10222576
0.66195871 0.10358908
0.65450850 0.10492047
0.64702016 0.10621889
0.63949555 0.10748335
0.63193652 0.10871284
0.62434494 0.10990639
0.61672268 0.11106306
0.60907162 0.11218193
0.60139365 0.11326210
0.59369066 0.11430271
0.58596455 0.11530291
0.57821723 0.11626191
0.57045062 0.11717893
0.56266662 0.11805324
0.55486716 0.11888413
0.54705416 0.11967094
0.53922955 0.12041307
0.53139526 0.12110993
0.52355323 0.12176098
0.51570538 0.12236576
0.50785366 0.12292382
0.50000000 0.12343478
0.49214634 0.12389830
0.48429462 0.12431410
0.47644677 0.12468196
0.46860474 0.12500169
0.46077045 0.12527319
0.45294584 0.12549639
0.44513284 0.12567129
0.43733338 0.12579795
0.42954938 0.12587647
0.42178277 0.12590702
0.41403545 0.12588983
0.40630934 0.12582517
0.39860635 0.12571339
0.39092838 0.12555487
0.38327732 0.12535005
0.37565506 0.12509942
0.36806348 0.12480351
0.36050445 0.12446292
0.35297984 0.12407828
0.34549150 0.12365024
0.33804129 0.12317951
0.33063104 0.12266685
0.32326258 0.12211300
0.31593772 0.12151878
0.30865828 0.12088500
0.30142605 0.12021251
0.29424282 0.11950216
0.28711035 0.11875482
0.28003042 0.11797138
0.27300475 0.11715270
0.26603509 0.11629966
0.25912316 0.11541315
0.25227067 0.11449403
0.24547929 0.11354315
0.23875072 0.11256135
0.23208660 0.11154945
0.22548859 0.11050823
0.21895831 0.10943847
0.21249737 0.10834089
0.20610737 0.10721621
0.19978989 0.10606509
0.19354647 0.10488816
0.18737867 0.10368600
0.18128801 0.10245917
0.17527598 0.10120816
0.16934407 0.09993344
0.16349374 0.09863543
0.15772645 0.09731449
0.15204360 0.09597094
0.14644661 0.09460508
0.14093685 0.09321714
0.13551569 0.09180731
0.13018445 0.09037575
0.12494447 0.08892258
0.11979702 0.08744788
0.11474338 0.08595169
0.10978480 0.08443403
0.10492249 0.08289490
0.10015767 0.08133425
0.09549150 0.07975204
0.09092514 0.07814818
0.08645971 0.07652261
0.08209632 0.07487523
0.07783604 0.07320594
0.07367992 0.07151465
0.06962899 0.06980129
0.06568424 0.06806576
0.06184666 0.06630801
0.05811718 0.06452800
0.05449674 0.06272571
0.05098621 0.06090115
0.04758647 0.05905436
0.04429836 0.05718541
0.04112269 0.05529444
0.03806023 0.05338159
0.03511176 0.05144707
0.03227798 0.04949114
0.02955962 0.04751411
0.02695732 0.04551633
0.02447174 0.04349823
0.02210349 0.04146027
0.01985316 0.03940299
0.01772129 0.03732697
0.01570842 0.03523287
0.01381504 0.03312137
0.01204162 0.03099326
0.01038859 0.02884934
0.00885637 0.02669049
0.00744534 0.02451763
0.00615583 0.02233175
0.00498817 0.02013385
0.00394265 0.01792500
0.00301952 0.01570633
0.00221902 0.01347896
0.00154133 0.01124408
0.00098664 0.00900290
0.00055506 0.00675664
0.00024672 0.00450656
0.00006168 0.00225392
0.00000000 0.00000000
0.00006168 -0.00065234
0.00024672 -0.00130420
0.00055506 -0.00195512
0.00098664 -0.00260460
0.00154133 -0.00325216
0.00221902 -0.00389729
0.00301952 -0.00453948
0.00394265 -0.00517819
0.00498817 -0.00581286
0.00615583 -0.00644291
0.00744534 -0.00706774
0.00885637 -0.00768673
0.01038859 -0.00829922
0.01204162 -0.00890452
0.01381504 -0.00950192
0.01570842 -0.01009067
0.01772129 -0.01067002
0.01985316 -0.01123915
0.02210349 -0.01179724
0.02447174 -0.01234343
0.02695732 -0.01287683
0.02955962 -0.01339655
0.03227798 -0.01390164
0.03511176 -0.01439117
0.03806023 -0.01486416
0.04112269 -0.01531963
0.04429836 -0.01575661
0.04758647 -0.01617408
0.05098621 -0.01657106
0.05449674 -0.01694654
0.05811718 -0.01729954
0.06184666 -0.01762907
0.06568424 -0.01793417
0.06962899 -0.01821390
0.07367992 -0.01846733
0.07783604 -0.01869357
0.08209632 -0.01889178
0.08645971 -0.01906113
0.09092514 -0.01920086
0.09549150 -0.01931024
0.10015767 -0.01938861
0.10492249 -0.01943536
0.10978480 -0.01944993
0.11474338 -0.01943185
0.11979702 -0.01938071
0.12494447 -0.01929617
0.13018445 -0.01917797
0.13551569 -0.01902593
0.14093685 -0.01883994
0.14644661 -0.01862000
0.15204360 -0.01836616
0.15772645 -0.01807858
0.16349374 -0.01775750
0.16934407 -0.01740326
0.17527598 -0.01701625
0.18128801 -0.01659700
0.18737867 -0.01614607
0.19354647 -0.01566415
0.19978989 -0.01515198
0.20610737 -0.01461039
0.21249737 -0.01404031
0.21895831 -0.01344270
0.22548859 -0.01281862
0.23208660 -0.01216920
0.23875072 -0.01149562
0.24547929 -0.01079912
0.25227067 -0.01008100
0.25912316 -0.00934260
0.26603509 -0.00858531
0.27300475 -0.00781057
0.28003042 -0.00701982
0.28711035 -0.00621457
0.29424282 -0.00539633
0.30142605 -0.00456662
0.30865828 -0.00372699
0.31593772 -0.00287898
0.32326258 -0.00202414
0.33063104 -0.00116402
0.33804129 -0.00030014
0.34549150 0.00056597
0.35297984 0.00143282
0.36050445 0.00229893
0.36806348 0.00316287
0.37565506 0.00402321
0.38327732 0.00487860
0.39092838 0.00572769
0.39860635 0.00656919
0.40630934 0.00740187
0.41403545 0.00822454
0.42178277 0.00903604
0.42954938 0.00983531
0.43733338 0.01062130
0.44513284 0.01139304
0.45294584 0.01214962
0.46077045 0.01289017
0.46860474 0.01361390
0.47644677 0.01432007
0.48429462 0.01500798
0.49214634 0.01567701
0.50000000 0.01632659
0.50785366 0.01695620
0.51570538 0.01756536
0.52355323 0.01815368
0.53139526 0.01872078
0.53922955 0.01926634
0.54705416 0.01979009
0.55486716 0.02029179
0.56266662 0.02077126
0.57045062 0.02122833
0.57821723 0.02166288
0.58596455 0.02207482
0.59369066 0.02246410
0.60139365 0.02283066
0.60907162 0.02317450
0.61672268 0.02349562
0.62434494 0.02379406
0.63193652 0.02406984
0.63949555 0.02432303
0.64702016 0.02455369
0.65450850 0.02476189
0.66195871 0.02494773
0.66936896 0.02511128
0.67673742 0.02525265
0.68406228 0.02537193
0.69134172 0.02546922
0.69857395 0.02554464
0.70575718 0.02559828
0.71288965 0.02563026
0.71996958 0.02564068
0.72699525 0.02562966
0.73396491 0.02559733
0.74087684 0.02554378
0.74772933 0.02546917
0.75452071 0.02537360
0.76124928 0.02525722
0.76791340 0.02512019
0.77451141 0.02496264
0.78104169 0.02478476
0.78750263 0.02458673
0.79389263 0.02436874
0.80021011 0.02413102
0.80645353 0.02387379
0.81262133 0.02359732
0.81871199 0.02330189
0.82472402 0.02298781
0.83065593 0.02265543
0.83650626 0.02230510
0.84227355 0.02193723
0.84795640 0.02155225
0.85355339 0.02115064
0.85906315 0.02073291
0.86448431 0.02029960
0.86981555 0.01985130
0.87505553 0.01938864
0.88020298 0.01891229
0.88525662 0.01842296
0.89021520 0.01792142
0.89507751 0.01740846
0.89984233 0.01688492
0.90450850 0.01635169
0.90907486 0.01580969
0.91354029 0.01525990
0.91790368 0.01470330
0.92216396 0.01414096
0.92632008 0.01357394
0.93037101 0.01300336
0.93431576 0.01243038
0.93815334 0.01185615
0.94188282 0.01128189
0.94550326 0.01070881
0.94901379 0.01013816
0.95241353 0.00957119
0.95570164 0.00900919
0.95887731 0.00845343
0.96193977 0.00790519
0.96488824 0.00736577
0.96772202 0.00683644
0.97044038 0.00631849
0.97304268 0.00581317
0.97552826 0.00532174
0.97789651 0.00484541
0.98014684 0.00438539
0.98227871 0.00394284
0.98429158 0.00351891
0.98618496 0.00311469
0.98795838 0.00273123
0.98961141 0.00236954
0.99114363 0.00203058
0.99255466 0.00171525
0.99384417 0.00142440
0.99501183 0.00115879
0.99605735 0.00091917
0.99698048 0.00070616
0.99778098 0.00052037
0.99845867 0.00036228
0.99901336 0.00023234
0.99944494 0.00013090
0.99975328 0.00005825
0.99993832 0.00001457
1.00000000 0.00000000
