sample_455
1.00000000 0.00000000
0.99993832 0.00002776
0.99975328 0.00011100
0.99944494 0.00024960
0.99901336 0.00044340
0.99845867 0.00069214
0.99778098 0.00099550
0.99698048 0.00135309
0.99605735 0.00176444
0.99501183 0.00222903
0.99384417 0.00274628
0.99255466 0.00331551
0.99114363 0.00393602
0.98961141 0.00460702
0.98795838 0.00532768
0.98618496 0.00609711
0.98429158 0.00691435
0.98227871 0.00777841
0.98014684 0.00868825
0.97789651 0.00964276
0.97552826 0.01064083
0.97304268 0.01168126
0.97044038 0.01276284
0.96772202 0.01388433
0.96488824 0.01504444
0.96193977 0.01624186
0.95887731 0.01747525
0.95570164 0.01874326
0.95241353 0.02004449
0.94901379 0.02137754
0.94550326 0.02274099
0.94188282 0.02413342
0.93815334 0.02555337
0.93431576 0.02699940
0.93037101 0.02847003
0.92632008 0.02996382
0.92216396 0.03147928
0.91790368 0.03301496
0.91354029 0.03456939
0.90907486 0.03614109
0.90450850 0.03772862
0.89984233 0.03933053
0.89507751 0.04094536
0.89021520 0.04257168
0.88525662 0.04420806
0.88020298 0.04585311
0.87505553 0.04750540
0.86981555 0.04916356
0.86448431 0.05082622
0.85906315 0.05249201
0.85355339 0.05415960
0.84795640 0.05582767
0.84227355 0.05749491
0.83650626 0.05916004
0.83065593 0.06082178
0.82472402 0.06247890
0.81871199 0.06413016
0.81262133 0.06577436
0.80645353 0.06741033
0.80021011 0.06903688
0.79389263 0.07065290
0.78750263 0.07225726
0.78104169 0.07384886
0.77451141 0.07542665
0.76791340 0.07698957
0.76124928 0.07853661
0.75452071 0.08006677
0.74772933 0.08157909
0.74087684 0.08307263
0.73396491 0.08454646
0.72699525 0.08599970
0.71996958 0.08743150
0.71288965 0.08884101
0.70575718 0.09022743
0.69857395 0.09158998
0.69134172 0.09292792
0.68406228 0.09424053
0.67673742 0.09552710
0.66936896 0.09678699
0.66195871 0.09801956
0.65450850 0.09922420
0.64702016 0.10040033
0.63949555 0.10154741
0.63193652 0.10266492
0.62434494 0.10375237
0.61672268 0.10480929
0.60907162 0.10583524
0.60139365 0.10682982
0.59369066 0.10779264
0.58596455 0.10872334
0.57821723 0.10962159
0.57045062 0.11048706
0.56266662 0.11131947
0.55486716 0.11211855
0.54705416 0.11288406
0.53922955 0.11361575
0.53139526 0.11431342
0.52355323 0.11497687
0.51570538 0.11560591
0.50785366 0.11620039
0.50000000 0.11676014
0.49214634 0.11728501
0.48429462 0.11777488
0.47644677 0.11822961
0.46860474 0.11864908
0.46077045 0.11903317
0.45294584 0.11938178
0.44513284 0.11969480
0.43733338 0.11997211
0.42954938 0.12021361
0.42178277 0.12041920
0.41403545 0.12058876
0.40630934 0.12072218
0.39860635 0.12081936
0.39092838 0.12088017
0.38327732 0.12090450
0.37565506 0.12089222
0.36806348 0.12084320
0.36050445 0.12075731
0.35297984 0.12063442
0.34549150 0.12047438
0.33804129 0.12027706
0.33063104 0.12004230
0.32326258 0.11976997
0.31593772 0.11945991
0.30865828 0.11911198
0.30142605 0.11872602
0.29424282 0.11830191
0.28711035 0.11783949
0.28003042 0.11733863
0.27300475 0.11679921
0.26603509 0.11622111
0.25912316 0.11560421
0.25227067 0.11494843
0.24547929 0.11425367
0.23875072 0.11351988
0.23208660 0.11274701
0.22548859 0.11193502
0.21895831 0.11108390
0.21249737 0.11019368
0.20610737 0.10926438
0.19978989 0.10829608
0.19354647 0.10728886
0.18737867 0.10624284
0.18128801 0.10515819
0.17527598 0.10403507
0.16934407 0.10287371
0.16349374 0.10167436
0.15772645 0.10043729
0.15204360 0.09916282
0.14644661 0.09785132
0.14093685 0.09650315
0.13551569 0.09511876
0.13018445 0.09369858
0.12494447 0.09224312
0.11979702 0.09075291
0.11474338 0.08922849
0.10978480 0.08767047
0.10492249 0.08607947
0.10015767 0.08445613
0.09549150 0.08280115
0.09092514 0.08111523
0.08645971 0.07939910
0.08209632 0.07765353
0.07783604 0.07587930
0.07367992 0.07407720
0.06962899 0.07224805
0.06568424 0.07039269
0.06184666 0.06851197
0.05811718 0.06660674
0.05449674 0.06467786
0.05098621 0.06272623
0.04758647 0.06075271
0.04429836 0.05875818
0.04112269 0.05674354
0.03806023 0.05470965
0.03511176 0.05265740
0.03227798 0.05058767
0.02955962 0.04850131
0.02695732 0.04639918
0.02447174 0.04428214
0.02210349 0.04215101
0.01985316 0.04000663
0.01772129 0.03784981
0.01570842 0.03568134
0.01381504 0.03350202
0.01204162 0.03131260
0.01038859 0.02911385
0.00885637 0.02690651
0.00744534 0.02469130
0.00615583 0.02246894
0.00498817 0.02024013
0.00394265 0.01800554
0.00301952 0.01576586
0.00221902 0.01352175
0.00154133 0.01127386
0.00098664 0.00902283
0.00055506 0.00676930
0.00024672 0.00451390
0.00006168 0.00225726
0.00000000 0.00000000
0.00006168 -0.00091285
0.00024672 -0.00182435
0.00055506 -0.00273315
0.00098664 -0.00363792
0.00154133 -0.00453729
0.00221902 -0.00542993
0.00301952 -0.00631451
0.00394265 -0.00718968
0.00498817 -0.00805412
0.00615583 -0.00890651
0.00744534 -0.00974554
0.00885637 -0.01056990
0.01038859 -0.01137829
0.01204162 -0.01216944
0.01381504 -0.01294208
0.01570842 -0.01369495
0.01772129 -0.01442682
0.01985316 -0.01513648
0.02210349 -0.01582275
0.02447174 -0.01648444
0.02695732 -0.01712043
0.02955962 -0.01772960
0.03227798 -0.01831089
0.03511176 -0.01886325
0.03806023 -0.01938569
0.04112269 -0.01987724
0.04429836 -0.02033700
0.04758647 -0.02076411
0.05098621 -0.02115775
0.05449674 -0.02151717
0.05811718 -0.02184167
0.06184666 -0.02213062
0.06568424 -0.02238344
0.06962899 -0.02259964
0.07367992 -0.02277876
0.07783604 -0.02292046
0.08209632 -0.02302444
0.08645971 -0.02309050
0.09092514 -0.02311850
0.09549150 -0.02310839
0.10015767 -0.02306021
0.10492249 -0.02297407
0.10978480 -0.02285016
0.11474338 -0.02268878
0.11979702 -0.02249029
0.12494447 -0.02225515
0.13018445 -0.02198390
0.13551569 -0.02167715
0.14093685 -0.02133561
0.14644661 -0.02096007
0.15204360 -0.02055139
0.15772645 -0.02011051
0.16349374 -0.01963845
0.16934407 -0.01913628
0.17527598 -0.01860516
0.18128801 -0.01804631
0.18737867 -0.01746100
0.19354647 -0.01685056
0.19978989 -0.01621637
0.20610737 -0.01555986
0.21249737 -0.01488248
0.21895831 -0.01418575
0.22548859 -0.01347120
0.23208660 -0.01274038
0.23875072 -0.01199486
0.24547929 -0.01123624
0.25227067 -0.01046611
0.25912316 -0.00968606
0.26603509 -0.00889768
0.27300475 -0.00810256
0.28003042 -0.00730225
0.28711035 -0.00649830
0.29424282 -0.00569223
0.30142605 -0.00488552
0.30865828 -0.00407962
0.31593772 -0.00327592
0.32326258 -0.00247579
0.33063104 -0.00168053
0.33804129 -0.00089140
0.34549150 -0.00010959
0.35297984 0.00066376
0.36050445 0.00142759
0.36806348 0.00218089
0.37565506 0.00292273
0.38327732 0.00365223
0.39092838 0.00436861
0.39860635 0.00507113
0.40630934 0.00575915
0.41403545 0.00643208
0.42178277 0.00708941
0.42954938 0.00773071
0.43733338 0.00835558
0.44513284 0.00896374
0.45294584 0.00955493
0.46077045 0.01012897
0.46860474 0.01068575
0.47644677 0.01122518
0.48429462 0.01174727
0.49214634 0.01225204
0.50000000 0.01273957
0.50785366 0.01320998
0.51570538 0.01366343
0.52355323 0.01410009
0.53139526 0.01452020
0.53922955 0.01492398
0.54705416 0.01531168
0.55486716 0.01568359
0.56266662 0.01603998
0.57045062 0.01638113
0.57821723 0.01670732
0.58596455 0.01701885
0.59369066 0.01731598
0.60139365 0.01759898
0.60907162 0.01786810
0.61672268 0.01812356
0.62434494 0.01836558
0.63193652 0.01859434
0.63949555 0.01881000
0.64702016 0.01901271
0.65450850 0.01920255
0.66195871 0.01937961
0.66936896 0.01954392
0.67673742 0.01969550
0.68406228 0.01983431
0.69134172 0.01996032
0.69857395 0.02007342
0.70575718 0.02017350
0.71288965 0.02026043
0.71996958 0.02033401
0.72699525 0.02039406
0.73396491 0.02044035
0.74087684 0.02047265
0.74772933 0.02049069
0.75452071 0.02049420
0.76124928 0.02048290
0.76791340 0.02045651
0.77451141 0.02041472
0.78104169 0.02035726
0.78750263 0.02028383
0.79389263 0.02019416
0.80021011 0.02008799
0.80645353 0.01996508
0.81262133 0.01982521
0.81871199 0.01966819
0.82472402 0.01949386
0.83065593 0.01930210
0.83650626 0.01909281
0.84227355 0.01886597
0.84795640 0.01862157
0.85355339 0.01835968
0.85906315 0.01808040
0.86448431 0.01778390
0.86981555 0.01747042
0.87505553 0.01714023
0.88020298 0.01679369
0.88525662 0.01643122
0.89021520 0.01605330
0.89507751 0.01566049
0.89984233 0.01525339
0.90450850 0.01483270
0.90907486 0.01439917
0.91354029 0.01395361
0.91790368 0.01349690
0.92216396 0.01303001
0.92632008 0.01255392
0.93037101 0.01206970
0.93431576 0.01157849
0.93815334 0.01108144
0.94188282 0.01057978
0.94550326 0.01007477
0.94901379 0.00956772
0.95241353 0.00905998
0.95570164 0.00855290
0.95887731 0.00804790
0.96193977 0.00754638
0.96488824 0.00704977
0.96772202 0.00655952
0.97044038 0.00607708
0.97304268 0.00560386
0.97552826 0.00514132
0.97789651 0.00469085
0.98014684 0.00425386
0.98227871 0.00383171
0.98429158 0.00342573
0.98618496 0.00303720
0.98795838 0.00266739
0.98961141 0.00231747
0.99114363 0.00198859
0.99255466 0.00168183
0.99384417 0.00139820
0.99501183 0.00113863
0.99605735 0.00090398
0.99698048 0.00069505
0.99778098 0.00051253
0.99845867 0.00035703
0.99901336 0.00022908
0.99944494 0.00012912
0.99975328 0.00005747
0.99993832 0.00001438
1.00000000 0.00000000
