sample_1368
1.00000000 0.00000000
0.99993832 0.00002634
0.99975328 0.00010533
0.99944494 0.00023688
0.99901336 0.00042083
0.99845867 0.00065697
0.99778098 0.00094504
0.99698048 0.00128470
0.99605735 0.00167555
0.99501183 0.00211717
0.99384417 0.00260905
0.99255466 0.00315064
0.99114363 0.00374134
0.98961141 0.00438048
0.98795838 0.00506739
0.98618496 0.00580130
0.98429158 0.00658143
0.98227871 0.00740695
0.98014684 0.00827700
0.97789651 0.00919067
0.97552826 0.01014703
0.97304268 0.01114511
0.97044038 0.01218390
0.96772202 0.01326240
0.96488824 0.01437954
0.96193977 0.01553427
0.95887731 0.01672550
0.95570164 0.01795212
0.95241353 0.01921301
0.94901379 0.02050704
0.94550326 0.02183306
0.94188282 0.02318993
0.93815334 0.02457649
0.93431576 0.02599156
0.93037101 0.02743398
0.92632008 0.02890256
0.92216396 0.03039615
0.91790368 0.03191355
0.91354029 0.03345360
0.90907486 0.03501511
0.90450850 0.03659692
0.89984233 0.03819784
0.89507751 0.03981671
0.89021520 0.04145236
0.88525662 0.04310363
0.88020298 0.04476936
0.87505553 0.04644838
0.86981555 0.04813955
0.86448431 0.04984172
0.85906315 0.05155374
0.85355339 0.05327447
0.84795640 0.05500277
0.84227355 0.05673750
0.83650626 0.05847753
0.83065593 0.06022174
0.82472402 0.06196900
0.81871199 0.06371819
0.81262133 0.06546819
0.80645353 0.06721788
0.80021011 0.06896616
0.79389263 0.07071192
0.78750263 0.07245406
0.78104169 0.07419147
0.77451141 0.07592306
0.76791340 0.07764776
0.76124928 0.07936446
0.75452071 0.08107210
0.74772933 0.08276961
0.74087684 0.08445592
0.73396491 0.08612998
0.72699525 0.08779074
0.71996958 0.08943718
0.71288965 0.09106826
0.70575718 0.09268296
0.69857395 0.09428030
0.69134172 0.09585927
0.68406228 0.09741890
0.67673742 0.09895823
0.66936896 0.10047632
0.66195871 0.10197223
0.65450850 0.10344505
0.64702016 0.10489387
0.63949555 0.10631783
0.63193652 0.10771606
0.62434494 0.10908771
0.61672268 0.11043196
0.60907162 0.11174800
0.60139365 0.11303505
0.59369066 0.11429233
0.58596455 0.11551911
0.57821723 0.11671463
0.57045062 0.11787821
0.56266662 0.11900912
0.55486716 0.12010671
0.54705416 0.12117031
0.53922955 0.12219928
0.53139526 0.12319298
0.52355323 0.12415080
0.51570538 0.12507215
0.50785366 0.12595644
0.50000000 0.12680308
0.49214634 0.12761153
0.48429462 0.12838122
0.47644677 0.12911162
0.46860474 0.12980219
0.46077045 0.13045241
0.45294584 0.13106175
0.44513284 0.13162972
0.43733338 0.13215579
0.42954938 0.13263947
0.42178277 0.13308026
0.41403545 0.13347769
0.40630934 0.13383125
0.39860635 0.13414047
0.39092838 0.13440488
0.38327732 0.13462400
0.37565506 0.13479737
0.36806348 0.13492453
0.36050445 0.13500502
0.35297984 0.13503842
0.34549150 0.13502428
0.33804129 0.13496218
0.33063104 0.13485171
0.32326258 0.13469247
0.31593772 0.13448409
0.30865828 0.13422619
0.30142605 0.13391843
0.29424282 0.13356050
0.28711035 0.13315208
0.28003042 0.13269292
0.27300475 0.13218277
0.26603509 0.13162140
0.25912316 0.13100866
0.25227067 0.13034438
0.24547929 0.12962848
0.23875072 0.12886088
0.23208660 0.12804156
0.22548859 0.12717055
0.21895831 0.12624793
0.21249737 0.12527380
0.20610737 0.12424835
0.19978989 0.12317180
0.19354647 0.12204443
0.18737867 0.12086658
0.18128801 0.11963862
0.17527598 0.11836102
0.16934407 0.11703428
0.16349374 0.11565895
0.15772645 0.11423566
0.15204360 0.11276508
0.14644661 0.11124795
0.14093685 0.10968505
0.13551569 0.10807723
0.13018445 0.10642536
0.12494447 0.10473041
0.11979702 0.10299335
0.11474338 0.10121522
0.10978480 0.09939710
0.10492249 0.09754010
0.10015767 0.09564538
0.09549150 0.09371413
0.09092514 0.09174754
0.08645971 0.08974688
0.08209632 0.08771338
0.07783604 0.08564833
0.07367992 0.08355302
0.06962899 0.08142875
0.06568424 0.07927681
0.06184666 0.07709850
0.05811718 0.07489513
0.05449674 0.07266798
0.05098621 0.07041833
0.04758647 0.06814743
0.04429836 0.06585652
0.04112269 0.06354681
0.03806023 0.06121950
0.03511176 0.05887573
0.03227798 0.05651663
0.02955962 0.05414329
0.02695732 0.05175675
0.02447174 0.04935803
0.02210349 0.04694808
0.01985316 0.04452783
0.01772129 0.04209816
0.01570842 0.03965990
0.01381504 0.03721384
0.01204162 0.03476074
0.01038859 0.03230128
0.00885637 0.02983613
0.00744534 0.02736590
0.00615583 0.02489118
0.00498817 0.02241250
0.00394265 0.01993036
0.00301952 0.01744524
0.00221902 0.01495758
0.00154133 0.01246779
0.00098664 0.00997626
0.00055506 0.00748337
0.00024672 0.00498947
0.00006168 0.00249490
0.00000000 0.00000000
0.00006168 -0.00093281
0.00024672 -0.00186465
0.00055506 -0.00279458
0.00098664 -0.00372162
0.00154133 -0.00464482
0.00221902 -0.00556321
0.00301952 -0.00647582
0.00394265 -0.00738168
0.00498817 -0.00827981
0.00615583 -0.00916923
0.00744534 -0.01004896
0.00885637 -0.01091801
0.01038859 -0.01177540
0.01204162 -0.01262013
0.01381504 -0.01345120
0.01570842 -0.01426764
0.01772129 -0.01506843
0.01985316 -0.01585259
0.02210349 -0.01661914
0.02447174 -0.01736708
0.02695732 -0.01809545
0.02955962 -0.01880329
0.03227798 -0.01948963
0.03511176 -0.02015355
0.03806023 -0.02079411
0.04112269 -0.02141043
0.04429836 -0.02200162
0.04758647 -0.02256683
0.05098621 -0.02310525
0.05449674 -0.02361608
0.05811718 -0.02409857
0.06184666 -0.02455202
0.06568424 -0.02497574
0.06962899 -0.02536911
0.07367992 -0.02573155
0.07783604 -0.02606254
0.08209632 -0.02636161
0.08645971 -0.02662834
0.09092514 -0.02686237
0.09549150 -0.02706342
0.10015767 -0.02723124
0.10492249 -0.02736567
0.10978480 -0.02746663
0.11474338 -0.02753406
0.11979702 -0.02756803
0.12494447 -0.02756863
0.13018445 -0.02753604
0.13551569 -0.02747051
0.14093685 -0.02737237
0.14644661 -0.02724199
0.15204360 -0.02707985
0.15772645 -0.02688645
0.16349374 -0.02666239
0.16934407 -0.02640833
0.17527598 -0.02612496
0.18128801 -0.02581307
0.18737867 -0.02547348
0.19354647 -0.02510706
0.19978989 -0.02471474
0.20610737 -0.02429750
0.21249737 -0.02385634
0.21895831 -0.02339231
0.22548859 -0.02290650
0.23208660 -0.02240002
0.23875072 -0.02187399
0.24547929 -0.02132957
0.25227067 -0.02076794
0.25912316 -0.02019026
0.26603509 -0.01959772
0.27300475 -0.01899151
0.28003042 -0.01837281
0.28711035 -0.01774278
0.29424282 -0.01710261
0.30142605 -0.01645342
0.30865828 -0.01579636
0.31593772 -0.01513252
0.32326258 -0.01446298
0.33063104 -0.01378879
0.33804129 -0.01311096
0.34549150 -0.01243048
0.35297984 -0.01174829
0.36050445 -0.01106529
0.36806348 -0.01038234
0.37565506 -0.00970028
0.38327732 -0.00901987
0.39092838 -0.00834185
0.39860635 -0.00766691
0.40630934 -0.00699571
0.41403545 -0.00632884
0.42178277 -0.00566686
0.42954938 -0.00501030
0.43733338 -0.00435964
0.44513284 -0.00371531
0.45294584 -0.00307772
0.46077045 -0.00244723
0.46860474 -0.00182419
0.47644677 -0.00120889
0.48429462 -0.00060162
0.49214634 -0.00000262
0.50000000 0.00058787
0.50785366 0.00116965
0.51570538 0.00174252
0.52355323 0.00230630
0.53139526 0.00286083
0.53922955 0.00340594
0.54705416 0.00394148
0.55486716 0.00446728
0.56266662 0.00498321
0.57045062 0.00548910
0.57821723 0.00598478
0.58596455 0.00647009
0.59369066 0.00694486
0.60139365 0.00740888
0.60907162 0.00786195
0.61672268 0.00830386
0.62434494 0.00873438
0.63193652 0.00915325
0.63949555 0.00956021
0.64702016 0.00995499
0.65450850 0.01033728
0.66195871 0.01070677
0.66936896 0.01106313
0.67673742 0.01140602
0.68406228 0.01173509
0.69134172 0.01204996
0.69857395 0.01235027
0.70575718 0.01263562
0.71288965 0.01290562
0.71996958 0.01315988
0.72699525 0.01339800
0.73396491 0.01361959
0.74087684 0.01382426
0.74772933 0.01401163
0.75452071 0.01418133
0.76124928 0.01433301
0.76791340 0.01446631
0.77451141 0.01458093
0.78104169 0.01467657
0.78750263 0.01475295
0.79389263 0.01480986
0.80021011 0.01484707
0.80645353 0.01486442
0.81262133 0.01486178
0.81871199 0.01483907
0.82472402 0.01479623
0.83065593 0.01473329
0.83650626 0.01465029
0.84227355 0.01454733
0.84795640 0.01442458
0.85355339 0.01428225
0.85906315 0.01412060
0.86448431 0.01393997
0.86981555 0.01374073
0.87505553 0.01352333
0.88020298 0.01328827
0.88525662 0.01303610
0.89021520 0.01276744
0.89507751 0.01248297
0.89984233 0.01218341
0.90450850 0.01186954
0.90907486 0.01154220
0.91354029 0.01120228
0.91790368 0.01085070
0.92216396 0.01048845
0.92632008 0.01011656
0.93037101 0.00973608
0.93431576 0.00934812
0.93815334 0.00895382
0.94188282 0.00855434
0.94550326 0.00815087
0.94901379 0.00774463
0.95241353 0.00733684
0.95570164 0.00692877
0.95887731 0.00652166
0.96193977 0.00611678
0.96488824 0.00571538
0.96772202 0.00531874
0.97044038 0.00492809
0.97304268 0.00454469
0.97552826 0.00416975
0.97789651 0.00380446
0.98014684 0.00345002
0.98227871 0.00310755
0.98429158 0.00277817
0.98618496 0.00246294
0.98795838 0.00216290
0.98961141 0.00187902
0.99114363 0.00161224
0.99255466 0.00136342
0.99384417 0.00113339
0.99501183 0.00092291
0.99605735 0.00073266
0.99698048 0.00056328
0.99778098 0.00041534
0.99845867 0.00028931
0.99901336 0.00018562
0.99944494 0.00010462
0.99975328 0.00004656
0.99993832 0.00001165
1.00000000 0.00000000
