sample_859
1.00000000 0.00000000
0.99993832 0.00002506
0.99975328 0.00010020
0.99944494 0.00022533
0.99901336 0.00040030
0.99845867 0.00062490
0.99778098 0.00089887
0.99698048 0.00122188
0.99605735 0.00159354
0.99501183 0.00201341
0.99384417 0.00248101
0.99255466 0.00299579
0.99114363 0.00355715
0.98961141 0.00416445
0.98795838 0.00481699
0.98618496 0.00551405
0.98429158 0.00625483
0.98227871 0.00703853
0.98014684 0.00786429
0.97789651 0.00873121
0.97552826 0.00963837
0.97304268 0.01058482
0.97044038 0.01156957
0.96772202 0.01259161
0.96488824 0.01364992
0.96193977 0.01474344
0.95887731 0.01587111
0.95570164 0.01703184
0.95241353 0.01822454
0.94901379 0.01944810
0.94550326 0.02070140
0.94188282 0.02198333
0.93815334 0.02329275
0.93431576 0.02462854
0.93037101 0.02598957
0.92632008 0.02737471
0.92216396 0.02878283
0.91790368 0.03021282
0.91354029 0.03166355
0.90907486 0.03313391
0.90450850 0.03462280
0.89984233 0.03612910
0.89507751 0.03765175
0.89021520 0.03918964
0.88525662 0.04074170
0.88020298 0.04230688
0.87505553 0.04388410
0.86981555 0.04547233
0.86448431 0.04707051
0.85906315 0.04867762
0.85355339 0.05029262
0.84795640 0.05191450
0.84227355 0.05354225
0.83650626 0.05517485
0.83065593 0.05681130
0.82472402 0.05845061
0.81871199 0.06009178
0.81262133 0.06173381
0.80645353 0.06337571
0.80021011 0.06501649
0.79389263 0.06665517
0.78750263 0.06829075
0.78104169 0.06992224
0.77451141 0.07154865
0.76791340 0.07316897
0.76124928 0.07478222
0.75452071 0.07638740
0.74772933 0.07798349
0.74087684 0.07956949
0.73396491 0.08114438
0.72699525 0.08270717
0.71996958 0.08425681
0.71288965 0.08579231
0.70575718 0.08731262
0.69857395 0.08881674
0.69134172 0.09030362
0.68406228 0.09177224
0.67673742 0.09322159
0.66936896 0.09465062
0.66195871 0.09605833
0.65450850 0.09744369
0.64702016 0.09880568
0.63949555 0.10014331
0.63193652 0.10145558
0.62434494 0.10274148
0.61672268 0.10400006
0.60907162 0.10523035
0.60139365 0.10643139
0.59369066 0.10760226
0.58596455 0.10874204
0.57821723 0.10984984
0.57045062 0.11092478
0.56266662 0.11196603
0.55486716 0.11297276
0.54705416 0.11394417
0.53922955 0.11487950
0.53139526 0.11577801
0.52355323 0.11663901
0.51570538 0.11746182
0.50785366 0.11824580
0.50000000 0.11899036
0.49214634 0.11969493
0.48429462 0.12035899
0.47644677 0.12098205
0.46860474 0.12156367
0.46077045 0.12210342
0.45294584 0.12260095
0.44513284 0.12305592
0.43733338 0.12346804
0.42954938 0.12383706
0.42178277 0.12416277
0.41403545 0.12444500
0.40630934 0.12468361
0.39860635 0.12487850
0.39092838 0.12502962
0.38327732 0.12513692
0.37565506 0.12520043
0.36806348 0.12522017
0.36050445 0.12519622
0.35297984 0.12512867
0.34549150 0.12501766
0.33804129 0.12486333
0.33063104 0.12466585
0.32326258 0.12442543
0.31593772 0.12414228
0.30865828 0.12381663
0.30142605 0.12344873
0.29424282 0.12303886
0.28711035 0.12258727
0.28003042 0.12209427
0.27300475 0.12156014
0.26603509 0.12098517
0.25912316 0.12036968
0.25227067 0.11971397
0.24547929 0.11901834
0.23875072 0.11828310
0.23208660 0.11750854
0.22548859 0.11669498
0.21895831 0.11584270
0.21249737 0.11495199
0.20610737 0.11402313
0.19978989 0.11305639
0.19354647 0.11205205
0.18737867 0.11101035
0.18128801 0.10993155
0.17527598 0.10881588
0.16934407 0.10766359
0.16349374 0.10647489
0.15772645 0.10524999
0.15204360 0.10398912
0.14644661 0.10269247
0.14093685 0.10136024
0.13551569 0.09999262
0.13018445 0.09858981
0.12494447 0.09715200
0.11979702 0.09567938
0.11474338 0.09417215
0.10978480 0.09263049
0.10492249 0.09105462
0.10015767 0.08944475
0.09549150 0.08780110
0.09092514 0.08612389
0.08645971 0.08441339
0.08209632 0.08266984
0.07783604 0.08089354
0.07367992 0.07908478
0.06962899 0.07724389
0.06568424 0.07537121
0.06184666 0.07346712
0.05811718 0.07153202
0.05449674 0.06956635
0.05098621 0.06757056
0.04758647 0.06554516
0.04429836 0.06349067
0.04112269 0.06140767
0.03806023 0.05929676
0.03511176 0.05715857
0.03227798 0.05499380
0.02955962 0.05280316
0.02695732 0.05058741
0.02447174 0.04834736
0.02210349 0.04608383
0.01985316 0.04379772
0.01772129 0.04148993
0.01570842 0.03916144
0.01381504 0.03681322
0.01204162 0.03444632
0.01038859 0.03206181
0.00885637 0.02966078
0.00744534 0.02724437
0.00615583 0.02481374
0.00498817 0.02237010
0.00394265 0.01991465
0.00301952 0.01744866
0.00221902 0.01497338
0.00154133 0.01249011
0.00098664 0.01000016
0.00055506 0.00750483
0.00024672 0.00500547
0.00006168 0.00250341
0.00000000 0.00000000
0.00006168 -0.00120852
0.00024672 -0.00241448
0.00055506 -0.00361531
0.00098664 -0.00480849
0.00154133 -0.00599150
0.00221902 -0.00716189
0.00301952 -0.00831724
0.00394265 -0.00945520
0.00498817 -0.01057350
0.00615583 -0.01166993
0.00744534 -0.01274239
0.00885637 -0.01378885
0.01038859 -0.01480740
0.01204162 -0.01579623
0.01381504 -0.01675366
0.01570842 -0.01767812
0.01772129 -0.01856816
0.01985316 -0.01942247
0.02210349 -0.02023988
0.02447174 -0.02101933
0.02695732 -0.02175993
0.02955962 -0.02246090
0.03227798 -0.02312161
0.03511176 -0.02374158
0.03806023 -0.02432044
0.04112269 -0.02485798
0.04429836 -0.02535411
0.04758647 -0.02580887
0.05098621 -0.02622243
0.05449674 -0.02659508
0.05811718 -0.02692721
0.06184666 -0.02721933
0.06568424 -0.02747207
0.06962899 -0.02768612
0.07367992 -0.02786228
0.07783604 -0.02800144
0.08209632 -0.02810455
0.08645971 -0.02817263
0.09092514 -0.02820674
0.09549150 -0.02820803
0.10015767 -0.02817764
0.10492249 -0.02811678
0.10978480 -0.02802667
0.11474338 -0.02790854
0.11979702 -0.02776364
0.12494447 -0.02759320
0.13018445 -0.02739846
0.13551569 -0.02718064
0.14093685 -0.02694093
0.14644661 -0.02668049
0.15204360 -0.02640044
0.15772645 -0.02610188
0.16349374 -0.02578583
0.16934407 -0.02545329
0.17527598 -0.02510518
0.18128801 -0.02474237
0.18737867 -0.02436567
0.19354647 -0.02397580
0.19978989 -0.02357346
0.20610737 -0.02315924
0.21249737 -0.02273367
0.21895831 -0.02229723
0.22548859 -0.02185031
0.23208660 -0.02139324
0.23875072 -0.02092629
0.24547929 -0.02044966
0.25227067 -0.01996350
0.25912316 -0.01946788
0.26603509 -0.01896285
0.27300475 -0.01844840
0.28003042 -0.01792446
0.28711035 -0.01739094
0.29424282 -0.01684771
0.30142605 -0.01629462
0.30865828 -0.01573149
0.31593772 -0.01515813
0.32326258 -0.01457433
0.33063104 -0.01397989
0.33804129 -0.01337461
0.34549150 -0.01275830
0.35297984 -0.01213079
0.36050445 -0.01149192
0.36806348 -0.01084156
0.37565506 -0.01017963
0.38327732 -0.00950607
0.39092838 -0.00882088
0.39860635 -0.00812409
0.40630934 -0.00741581
0.41403545 -0.00669619
0.42178277 -0.00596544
0.42954938 -0.00522384
0.43733338 -0.00447175
0.44513284 -0.00370958
0.45294584 -0.00293783
0.46077045 -0.00215705
0.46860474 -0.00136789
0.47644677 -0.00057107
0.48429462 0.00023265
0.49214634 0.00104238
0.50000000 0.00185721
0.50785366 0.00267613
0.51570538 0.00349807
0.52355323 0.00432190
0.53139526 0.00514643
0.53922955 0.00597040
0.54705416 0.00679251
0.55486716 0.00761142
0.56266662 0.00842571
0.57045062 0.00923397
0.57821723 0.01003473
0.58596455 0.01082649
0.59369066 0.01160775
0.60139365 0.01237698
0.60907162 0.01313265
0.61672268 0.01387322
0.62434494 0.01459718
0.63193652 0.01530301
0.63949555 0.01598922
0.64702016 0.01665434
0.65450850 0.01729693
0.66195871 0.01791562
0.66936896 0.01850904
0.67673742 0.01907591
0.68406228 0.01961499
0.69134172 0.02012510
0.69857395 0.02060514
0.70575718 0.02105408
0.71288965 0.02147096
0.71996958 0.02185492
0.72699525 0.02220518
0.73396491 0.02252104
0.74087684 0.02280190
0.74772933 0.02304726
0.75452071 0.02325671
0.76124928 0.02342995
0.76791340 0.02356678
0.77451141 0.02366710
0.78104169 0.02373089
0.78750263 0.02375828
0.79389263 0.02374945
0.80021011 0.02370472
0.80645353 0.02362450
0.81262133 0.02350927
0.81871199 0.02335965
0.82472402 0.02317633
0.83065593 0.02296008
0.83650626 0.02271177
0.84227355 0.02243236
0.84795640 0.02212288
0.85355339 0.02178443
0.85906315 0.02141820
0.86448431 0.02102543
0.86981555 0.02060743
0.87505553 0.02016557
0.88020298 0.01970126
0.88525662 0.01921596
0.89021520 0.01871120
0.89507751 0.01818851
0.89984233 0.01764947
0.90450850 0.01709568
0.90907486 0.01652878
0.91354029 0.01595040
0.91790368 0.01536221
0.92216396 0.01476586
0.92632008 0.01416302
0.93037101 0.01355536
0.93431576 0.01294452
0.93815334 0.01233215
0.94188282 0.01171989
0.94550326 0.01110934
0.94901379 0.01050209
0.95241353 0.00989970
0.95570164 0.00930370
0.95887731 0.00871559
0.96193977 0.00813683
0.96488824 0.00756883
0.96772202 0.00701299
0.97044038 0.00647063
0.97304268 0.00594306
0.97552826 0.00543150
0.97789651 0.00493717
0.98014684 0.00446118
0.98227871 0.00400465
0.98429158 0.00356859
0.98618496 0.00315400
0.98795838 0.00276179
0.98961141 0.00239283
0.99114363 0.00204793
0.99255466 0.00172785
0.99384417 0.00143328
0.99501183 0.00116484
0.99605735 0.00092311
0.99698048 0.00070862
0.99778098 0.00052180
0.99845867 0.00036306
0.99901336 0.00023272
0.99944494 0.00013107
0.99975328 0.00005830
0.99993832 0.00001459
1.00000000 0.00000000
