sample_734
1.00000000 0.00000000
0.99993832 0.00002105
0.99975328 0.00008418
0.99944494 0.00018940
0.99901336 0.00033670
0.99845867 0.00052607
0.99778098 0.00075749
0.99698048 0.00103094
0.99605735 0.00134640
0.99501183 0.00170382
0.99384417 0.00210316
0.99255466 0.00254436
0.99114363 0.00302734
0.98961141 0.00355201
0.98795838 0.00411825
0.98618496 0.00472593
0.98429158 0.00537488
0.98227871 0.00606492
0.98014684 0.00679582
0.97789651 0.00756733
0.97552826 0.00837916
0.97304268 0.00923098
0.97044038 0.01012241
0.96772202 0.01105304
0.96488824 0.01202240
0.96193977 0.01303000
0.95887731 0.01407525
0.95570164 0.01515756
0.95241353 0.01627625
0.94901379 0.01743060
0.94550326 0.01861983
0.94188282 0.01984311
0.93815334 0.02109955
0.93431576 0.02238820
0.93037101 0.02370806
0.92632008 0.02505807
0.92216396 0.02643711
0.91790368 0.02784403
0.91354029 0.02927759
0.90907486 0.03073655
0.90450850 0.03221957
0.89984233 0.03372531
0.89507751 0.03525237
0.89021520 0.03679931
0.88525662 0.03836467
0.88020298 0.03994693
0.87505553 0.04154458
0.86981555 0.04315606
0.86448431 0.04477981
0.85906315 0.04641425
0.85355339 0.04805778
0.84795640 0.04970883
0.84227355 0.05136580
0.83650626 0.05302709
0.83065593 0.05469115
0.82472402 0.05635641
0.81871199 0.05802132
0.81262133 0.05968439
0.80645353 0.06134411
0.80021011 0.06299904
0.79389263 0.06464777
0.78750263 0.06628892
0.78104169 0.06792117
0.77451141 0.06954322
0.76791340 0.07115386
0.76124928 0.07275190
0.75452071 0.07433623
0.74772933 0.07590577
0.74087684 0.07745953
0.73396491 0.07899656
0.72699525 0.08051598
0.71996958 0.08201696
0.71288965 0.08349874
0.70575718 0.08496061
0.69857395 0.08640195
0.69134172 0.08782216
0.68406228 0.08922071
0.67673742 0.09059714
0.66936896 0.09195102
0.66195871 0.09328198
0.65450850 0.09458969
0.64702016 0.09587388
0.63949555 0.09713429
0.63193652 0.09837072
0.62434494 0.09958300
0.61672268 0.10077096
0.60907162 0.10193449
0.60139365 0.10307347
0.59369066 0.10418781
0.58596455 0.10527742
0.57821723 0.10634222
0.57045062 0.10738212
0.56266662 0.10839703
0.55486716 0.10938685
0.54705416 0.11035147
0.53922955 0.11129077
0.53139526 0.11220457
0.52355323 0.11309272
0.51570538 0.11395499
0.50785366 0.11479115
0.50000000 0.11560093
0.49214634 0.11638400
0.48429462 0.11714001
0.47644677 0.11786858
0.46860474 0.11856925
0.46077045 0.11924155
0.45294584 0.11988495
0.44513284 0.12049887
0.43733338 0.12108270
0.42954938 0.12163578
0.42178277 0.12215739
0.41403545 0.12264680
0.40630934 0.12310322
0.39860635 0.12352583
0.39092838 0.12391376
0.38327732 0.12426614
0.37565506 0.12458204
0.36806348 0.12486053
0.36050445 0.12510064
0.35297984 0.12530140
0.34549150 0.12546183
0.33804129 0.12558092
0.33063104 0.12565769
0.32326258 0.12569114
0.31593772 0.12568030
0.30865828 0.12562420
0.30142605 0.12552189
0.29424282 0.12537245
0.28711035 0.12517499
0.28003042 0.12492866
0.27300475 0.12463264
0.26603509 0.12428617
0.25912316 0.12388852
0.25227067 0.12343905
0.24547929 0.12293715
0.23875072 0.12238228
0.23208660 0.12177398
0.22548859 0.12111186
0.21895831 0.12039558
0.21249737 0.11962492
0.20610737 0.11879971
0.19978989 0.11791986
0.19354647 0.11698539
0.18737867 0.11599639
0.18128801 0.11495302
0.17527598 0.11385556
0.16934407 0.11270434
0.16349374 0.11149981
0.15772645 0.11024248
0.15204360 0.10893296
0.14644661 0.10757193
0.14093685 0.10616014
0.13551569 0.10469844
0.13018445 0.10318774
0.12494447 0.10162902
0.11979702 0.10002332
0.11474338 0.09837177
0.10978480 0.09667551
0.10492249 0.09493578
0.10015767 0.09315384
0.09549150 0.09133100
0.09092514 0.08946861
0.08645971 0.08756805
0.08209632 0.08563074
0.07783604 0.08365809
0.07367992 0.08165157
0.06962899 0.07961262
0.06568424 0.07754271
0.06184666 0.07544330
0.05811718 0.07331586
0.05449674 0.07116182
0.05098621 0.06898263
0.04758647 0.06677969
0.04429836 0.06455440
0.04112269 0.06230812
0.03806023 0.06004217
0.03511176 0.05775785
0.03227798 0.05545642
0.02955962 0.05313908
0.02695732 0.05080702
0.02447174 0.04846134
0.02210349 0.04610314
0.01985316 0.04373343
0.01772129 0.04135319
0.01570842 0.03896336
0.01381504 0.03656481
0.01204162 0.03415837
0.01038859 0.03174482
0.00885637 0.02932489
0.00744534 0.02689928
0.00615583 0.02446861
0.00498817 0.02203350
0.00394265 0.01959450
0.00301952 0.01715215
0.00221902 0.01470693
0.00154133 0.01225932
0.00098664 0.00980975
0.00055506 0.00735864
0.00024672 0.00490638
0.00006168 0.00245338
0.00000000 0.00000000
0.00006168 -0.00063063
0.00024672 -0.00126069
0.00055506 -0.00188959
0.00098664 -0.00251677
0.00154133 -0.00314165
0.00221902 -0.00376366
0.00301952 -0.00438221
0.00394265 -0.00499675
0.00498817 -0.00560669
0.00615583 -0.00621145
0.00744534 -0.00681048
0.00885637 -0.00740320
0.01038859 -0.00798903
0.01204162 -0.00856742
0.01381504 -0.00913780
0.01570842 -0.00969960
0.01772129 -0.01025227
0.01985316 -0.01079525
0.02210349 -0.01132800
0.02447174 -0.01184995
0.02695732 -0.01236059
0.02955962 -0.01285937
0.03227798 -0.01334576
0.03511176 -0.01381925
0.03806023 -0.01427934
0.04112269 -0.01472552
0.04429836 -0.01515730
0.04758647 -0.01557422
0.05098621 -0.01597580
0.05449674 -0.01636161
0.05811718 -0.01673120
0.06184666 -0.01708416
0.06568424 -0.01742010
0.06962899 -0.01773862
0.07367992 -0.01803937
0.07783604 -0.01832201
0.08209632 -0.01858621
0.08645971 -0.01883168
0.09092514 -0.01905813
0.09549150 -0.01926533
0.10015767 -0.01945303
0.10492249 -0.01962104
0.10978480 -0.01976918
0.11474338 -0.01989729
0.11979702 -0.02000526
0.12494447 -0.02009299
0.13018445 -0.02016042
0.13551569 -0.02020749
0.14093685 -0.02023419
0.14644661 -0.02024055
0.15204360 -0.02022660
0.15772645 -0.02019241
0.16349374 -0.02013809
0.16934407 -0.02006375
0.17527598 -0.01996956
0.18128801 -0.01985569
0.18737867 -0.01972234
0.19354647 -0.01956974
0.19978989 -0.01939816
0.20610737 -0.01920785
0.21249737 -0.01899914
0.21895831 -0.01877234
0.22548859 -0.01852779
0.23208660 -0.01826586
0.23875072 -0.01798692
0.24547929 -0.01769139
0.25227067 -0.01737967
0.25912316 -0.01705220
0.26603509 -0.01670942
0.27300475 -0.01635180
0.28003042 -0.01597980
0.28711035 -0.01559390
0.29424282 -0.01519461
0.30142605 -0.01478241
0.30865828 -0.01435782
0.31593772 -0.01392135
0.32326258 -0.01347353
0.33063104 -0.01301487
0.33804129 -0.01254591
0.34549150 -0.01206718
0.35297984 -0.01157921
0.36050445 -0.01108254
0.36806348 -0.01057771
0.37565506 -0.01006525
0.38327732 -0.00954571
0.39092838 -0.00901961
0.39860635 -0.00848750
0.40630934 -0.00794992
0.41403545 -0.00740739
0.42178277 -0.00686046
0.42954938 -0.00630965
0.43733338 -0.00575551
0.44513284 -0.00519856
0.45294584 -0.00463933
0.46077045 -0.00407836
0.46860474 -0.00351618
0.47644677 -0.00295332
0.48429462 -0.00239030
0.49214634 -0.00182767
0.50000000 -0.00126596
0.50785366 -0.00070570
0.51570538 -0.00014742
0.52355323 0.00040832
0.53139526 0.00096099
0.53922955 0.00151004
0.54705416 0.00205493
0.55486716 0.00259510
0.56266662 0.00313000
0.57045062 0.00365907
0.57821723 0.00418175
0.58596455 0.00469747
0.59369066 0.00520567
0.60139365 0.00570578
0.60907162 0.00619721
0.61672268 0.00667941
0.62434494 0.00715178
0.63193652 0.00761375
0.63949555 0.00806474
0.64702016 0.00850418
0.65450850 0.00893149
0.66195871 0.00934610
0.66936896 0.00974745
0.67673742 0.01013496
0.68406228 0.01050808
0.69134172 0.01086628
0.69857395 0.01120900
0.70575718 0.01153574
0.71288965 0.01184597
0.71996958 0.01213921
0.72699525 0.01241497
0.73396491 0.01267281
0.74087684 0.01291228
0.74772933 0.01313298
0.75452071 0.01333452
0.76124928 0.01351655
0.76791340 0.01367874
0.77451141 0.01382079
0.78104169 0.01394245
0.78750263 0.01404350
0.79389263 0.01412374
0.80021011 0.01418305
0.80645353 0.01422131
0.81262133 0.01423847
0.81871199 0.01423453
0.82472402 0.01420952
0.83065593 0.01416351
0.83650626 0.01409666
0.84227355 0.01400915
0.84795640 0.01390121
0.85355339 0.01377314
0.85906315 0.01362528
0.86448431 0.01345804
0.86981555 0.01327185
0.87505553 0.01306724
0.88020298 0.01284475
0.88525662 0.01260501
0.89021520 0.01234868
0.89507751 0.01207647
0.89984233 0.01178914
0.90450850 0.01148752
0.90907486 0.01117247
0.91354029 0.01084489
0.91790368 0.01050573
0.92216396 0.01015598
0.92632008 0.00979667
0.93037101 0.00942886
0.93431576 0.00905366
0.93815334 0.00867217
0.94188282 0.00828557
0.94550326 0.00789502
0.94901379 0.00750171
0.95241353 0.00710686
0.95570164 0.00671168
0.95887731 0.00631740
0.96193977 0.00592525
0.96488824 0.00553646
0.96772202 0.00515226
0.97044038 0.00477386
0.97304268 0.00440247
0.97552826 0.00403927
0.97789651 0.00368542
0.98014684 0.00334207
0.98227871 0.00301033
0.98429158 0.00269125
0.98618496 0.00238590
0.98795838 0.00209524
0.98961141 0.00182025
0.99114363 0.00156181
0.99255466 0.00132078
0.99384417 0.00109795
0.99501183 0.00089405
0.99605735 0.00070975
0.99698048 0.00054567
0.99778098 0.00040235
0.99845867 0.00028027
0.99901336 0.00017982
0.99944494 0.00010135
0.99975328 0.00004511
0.99993832 0.00001129
1.00000000 0.00000000
