sample_231
1.00000000 0.00000000
0.99993832 0.00002240
0.99975328 0.00008955
0.99944494 0.00020142
0.99901336 0.00035788
0.99845867 0.00055881
0.99778098 0.00080402
0.99698048 0.00109328
0.99605735 0.00142635
0.99501183 0.00180290
0.99384417 0.00222261
0.99255466 0.00268509
0.99114363 0.00318993
0.98961141 0.00373665
0.98795838 0.00432478
0.98618496 0.00495377
0.98429158 0.00562306
0.98227871 0.00633203
0.98014684 0.00708005
0.97789651 0.00786643
0.97552826 0.00869048
0.97304268 0.00955143
0.97044038 0.01044853
0.96772202 0.01138096
0.96488824 0.01234788
0.96193977 0.01334845
0.95887731 0.01438177
0.95570164 0.01544693
0.95241353 0.01654299
0.94901379 0.01766901
0.94550326 0.01882401
0.94188282 0.02000699
0.93815334 0.02121697
0.93431576 0.02245291
0.93037101 0.02371380
0.92632008 0.02499860
0.92216396 0.02630627
0.91790368 0.02763577
0.91354029 0.02898605
0.90907486 0.03035609
0.90450850 0.03174484
0.89984233 0.03315126
0.89507751 0.03457435
0.89021520 0.03601308
0.88525662 0.03746646
0.88020298 0.03893351
0.87505553 0.04041326
0.86981555 0.04190476
0.86448431 0.04340708
0.85906315 0.04491932
0.85355339 0.04644059
0.84795640 0.04797003
0.84227355 0.04950680
0.83650626 0.05105010
0.83065593 0.05259912
0.82472402 0.05415312
0.81871199 0.05571135
0.81262133 0.05727309
0.80645353 0.05883767
0.80021011 0.06040440
0.79389263 0.06197266
0.78750263 0.06354179
0.78104169 0.06511121
0.77451141 0.06668032
0.76791340 0.06824853
0.76124928 0.06981529
0.75452071 0.07138003
0.74772933 0.07294219
0.74087684 0.07450124
0.73396491 0.07605661
0.72699525 0.07760776
0.71996958 0.07915412
0.71288965 0.08069511
0.70575718 0.08223016
0.69857395 0.08375866
0.69134172 0.08527997
0.68406228 0.08679345
0.67673742 0.08829843
0.66936896 0.08979418
0.66195871 0.09127996
0.65450850 0.09275498
0.64702016 0.09421843
0.63949555 0.09566942
0.63193652 0.09710705
0.62434494 0.09853034
0.61672268 0.09993829
0.60907162 0.10132983
0.60139365 0.10270383
0.59369066 0.10405912
0.58596455 0.10539448
0.57821723 0.10670863
0.57045062 0.10800022
0.56266662 0.10926788
0.55486716 0.11051015
0.54705416 0.11172556
0.53922955 0.11291256
0.53139526 0.11406958
0.52355323 0.11519498
0.51570538 0.11628711
0.50785366 0.11734428
0.50000000 0.11836475
0.49214634 0.11934677
0.48429462 0.12028859
0.47644677 0.12118841
0.46860474 0.12204444
0.46077045 0.12285488
0.45294584 0.12361796
0.44513284 0.12433189
0.43733338 0.12499491
0.42954938 0.12560530
0.42178277 0.12616134
0.41403545 0.12666139
0.40630934 0.12710383
0.39860635 0.12748711
0.39092838 0.12780974
0.38327732 0.12807028
0.37565506 0.12826741
0.36806348 0.12839985
0.36050445 0.12846644
0.35297984 0.12846612
0.34549150 0.12839792
0.33804129 0.12826099
0.33063104 0.12805459
0.32326258 0.12777810
0.31593772 0.12743105
0.30865828 0.12701307
0.30142605 0.12652395
0.29424282 0.12596360
0.28711035 0.12533209
0.28003042 0.12462961
0.27300475 0.12385652
0.26603509 0.12301331
0.25912316 0.12210062
0.25227067 0.12111924
0.24547929 0.12007011
0.23875072 0.11895430
0.23208660 0.11777303
0.22548859 0.11652766
0.21895831 0.11521968
0.21249737 0.11385073
0.20610737 0.11242254
0.19978989 0.11093699
0.19354647 0.10939607
0.18737867 0.10780189
0.18128801 0.10615662
0.17527598 0.10446258
0.16934407 0.10272214
0.16349374 0.10093776
0.15772645 0.09911197
0.15204360 0.09724737
0.14644661 0.09534658
0.14093685 0.09341230
0.13551569 0.09144724
0.13018445 0.08945415
0.12494447 0.08743576
0.11979702 0.08539485
0.11474338 0.08333415
0.10978480 0.08125639
0.10492249 0.07916428
0.10015767 0.07706047
0.09549150 0.07494759
0.09092514 0.07282819
0.08645971 0.07070477
0.08209632 0.06857975
0.07783604 0.06645546
0.07367992 0.06433415
0.06962899 0.06221796
0.06568424 0.06010893
0.06184666 0.05800898
0.05811718 0.05591992
0.05449674 0.05384343
0.05098621 0.05178105
0.04758647 0.04973421
0.04429836 0.04770417
0.04112269 0.04569207
0.03806023 0.04369889
0.03511176 0.04172546
0.03227798 0.03977249
0.02955962 0.03784051
0.02695732 0.03592991
0.02447174 0.03404094
0.02210349 0.03217368
0.01985316 0.03032810
0.01772129 0.02850399
0.01570842 0.02670103
0.01381504 0.02491874
0.01204162 0.02315653
0.01038859 0.02141368
0.00885637 0.01968933
0.00744534 0.01798253
0.00615583 0.01629222
0.00498817 0.01461722
0.00394265 0.01295629
0.00301952 0.01130806
0.00221902 0.00967114
0.00154133 0.00804402
0.00098664 0.00642517
0.00055506 0.00481299
0.00024672 0.00320584
0.00006168 0.00160208
0.00000000 0.00000000
0.00006168 -0.00096555
0.00024672 -0.00192940
0.00055506 -0.00288984
0.00098664 -0.00384519
0.00154133 -0.00479375
0.00221902 -0.00573385
0.00301952 -0.00666384
0.00394265 -0.00758207
0.00498817 -0.00848694
0.00615583 -0.00937684
0.00744534 -0.01025021
0.00885637 -0.01110552
0.01038859 -0.01194128
0.01204162 -0.01275601
0.01381504 -0.01354830
0.01570842 -0.01431677
0.01772129 -0.01506010
0.01985316 -0.01577699
0.02210349 -0.01646623
0.02447174 -0.01712663
0.02695732 -0.01775709
0.02955962 -0.01835656
0.03227798 -0.01892404
0.03511176 -0.01945861
0.03806023 -0.01995944
0.04112269 -0.02042572
0.04429836 -0.02085676
0.04758647 -0.02125194
0.05098621 -0.02161069
0.05449674 -0.02193255
0.05811718 -0.02221713
0.06184666 -0.02246412
0.06568424 -0.02267330
0.06962899 -0.02284454
0.07367992 -0.02297778
0.07783604 -0.02307305
0.08209632 -0.02313048
0.08645971 -0.02315028
0.09092514 -0.02313273
0.09549150 -0.02307822
0.10015767 -0.02298719
0.10492249 -0.02286020
0.10978480 -0.02269787
0.11474338 -0.02250089
0.11979702 -0.02227004
0.12494447 -0.02200618
0.13018445 -0.02171022
0.13551569 -0.02138315
0.14093685 -0.02102602
0.14644661 -0.02063994
0.15204360 -0.02022607
0.15772645 -0.01978563
0.16349374 -0.01931989
0.16934407 -0.01883015
0.17527598 -0.01831775
0.18128801 -0.01778407
0.18737867 -0.01723050
0.19354647 -0.01665847
0.19978989 -0.01606942
0.20610737 -0.01546480
0.21249737 -0.01484606
0.21895831 -0.01421465
0.22548859 -0.01357202
0.23208660 -0.01291962
0.23875072 -0.01225885
0.24547929 -0.01159112
0.25227067 -0.01091781
0.25912316 -0.01024024
0.26603509 -0.00955974
0.27300475 -0.00887756
0.28003042 -0.00819492
0.28711035 -0.00751301
0.29424282 -0.00683293
0.30142605 -0.00615577
0.30865828 -0.00548252
0.31593772 -0.00481415
0.32326258 -0.00415154
0.33063104 -0.00349551
0.33804129 -0.00284683
0.34549150 -0.00220619
0.35297984 -0.00157423
0.36050445 -0.00095150
0.36806348 -0.00033850
0.37565506 0.00026433
0.38327732 0.00085662
0.39092838 0.00143806
0.39860635 0.00200842
0.40630934 0.00256749
0.41403545 0.00311515
0.42178277 0.00365131
0.42954938 0.00417595
0.43733338 0.00468907
0.44513284 0.00519073
0.45294584 0.00568104
0.46077045 0.00616011
0.46860474 0.00662811
0.47644677 0.00708522
0.48429462 0.00753166
0.49214634 0.00796763
0.50000000 0.00839339
0.50785366 0.00880917
0.51570538 0.00921522
0.52355323 0.00961178
0.53139526 0.00999911
0.53922955 0.01037743
0.54705416 0.01074695
0.55486716 0.01110789
0.56266662 0.01146042
0.57045062 0.01180471
0.57821723 0.01214087
0.58596455 0.01246902
0.59369066 0.01278923
0.60139365 0.01310153
0.60907162 0.01340591
0.61672268 0.01370236
0.62434494 0.01399078
0.63193652 0.01427107
0.63949555 0.01454308
0.64702016 0.01480661
0.65450850 0.01506144
0.66195871 0.01530730
0.66936896 0.01554389
0.67673742 0.01577088
0.68406228 0.01598789
0.69134172 0.01619453
0.69857395 0.01639037
0.70575718 0.01657497
0.71288965 0.01674784
0.71996958 0.01690850
0.72699525 0.01705645
0.73396491 0.01719118
0.74087684 0.01731215
0.74772933 0.01741885
0.75452071 0.01751075
0.76124928 0.01758735
0.76791340 0.01764813
0.77451141 0.01769261
0.78104169 0.01772032
0.78750263 0.01773081
0.79389263 0.01772368
0.80021011 0.01769853
0.80645353 0.01765502
0.81262133 0.01759285
0.81871199 0.01751175
0.82472402 0.01741153
0.83065593 0.01729201
0.83650626 0.01715310
0.84227355 0.01699475
0.84795640 0.01681697
0.85355339 0.01661986
0.85906315 0.01640355
0.86448431 0.01616825
0.86981555 0.01591424
0.87505553 0.01564187
0.88020298 0.01535157
0.88525662 0.01504381
0.89021520 0.01471916
0.89507751 0.01437825
0.89984233 0.01402177
0.90450850 0.01365048
0.90907486 0.01326521
0.91354029 0.01286686
0.91790368 0.01245637
0.92216396 0.01203477
0.92632008 0.01160310
0.93037101 0.01116251
0.93431576 0.01071414
0.93815334 0.01025921
0.94188282 0.00979898
0.94550326 0.00933474
0.94901379 0.00886779
0.95241353 0.00839950
0.95570164 0.00793122
0.95887731 0.00746435
0.96193977 0.00700028
0.96488824 0.00654040
0.96772202 0.00608614
0.97044038 0.00563887
0.97304268 0.00520000
0.97552826 0.00477088
0.97789651 0.00435289
0.98014684 0.00394733
0.98227871 0.00355550
0.98429158 0.00317867
0.98618496 0.00281804
0.98795838 0.00247478
0.98961141 0.00215001
0.99114363 0.00184479
0.99255466 0.00156011
0.99384417 0.00129693
0.99501183 0.00105610
0.99605735 0.00083841
0.99698048 0.00064460
0.99778098 0.00047531
0.99845867 0.00033109
0.99901336 0.00021243
0.99944494 0.00011973
0.99975328 0.00005329
0.99993832 0.00001333
1.00000000 0.00000000
