sample_1421
1.00000000 0.00000000
0.99993832 0.00002308
0.99975328 0.00009228
0.99944494 0.00020752
0.99901336 0.00036866
0.99845867 0.00057550
0.99778098 0.00082780
0.99698048 0.00112525
0.99605735 0.00146750
0.99501183 0.00185412
0.99384417 0.00228467
0.99255466 0.00275863
0.99114363 0.00327545
0.98961141 0.00383452
0.98795838 0.00443519
0.98618496 0.00507677
0.98429158 0.00575853
0.98227871 0.00647970
0.98014684 0.00723947
0.97789651 0.00803700
0.97552826 0.00887141
0.97304268 0.00974181
0.97044038 0.01064725
0.96772202 0.01158678
0.96488824 0.01255941
0.96193977 0.01356416
0.95887731 0.01460000
0.95570164 0.01566588
0.95241353 0.01676078
0.94901379 0.01788361
0.94550326 0.01903332
0.94188282 0.02020882
0.93815334 0.02140903
0.93431576 0.02263287
0.93037101 0.02387925
0.92632008 0.02514708
0.92216396 0.02643529
0.91790368 0.02774279
0.91354029 0.02906851
0.90907486 0.03041139
0.90450850 0.03177037
0.89984233 0.03314441
0.89507751 0.03453247
0.89021520 0.03593354
0.88525662 0.03734661
0.88020298 0.03877069
0.87505553 0.04020482
0.86981555 0.04164802
0.86448431 0.04309938
0.85906315 0.04455796
0.85355339 0.04602288
0.84795640 0.04749324
0.84227355 0.04896820
0.83650626 0.05044692
0.83065593 0.05192859
0.82472402 0.05341240
0.81871199 0.05489758
0.81262133 0.05638340
0.80645353 0.05786911
0.80021011 0.05935402
0.79389263 0.06083743
0.78750263 0.06231869
0.78104169 0.06379714
0.77451141 0.06527218
0.76791340 0.06674318
0.76124928 0.06820958
0.75452071 0.06967081
0.74772933 0.07112631
0.74087684 0.07257556
0.73396491 0.07401805
0.72699525 0.07545327
0.71996958 0.07688073
0.71288965 0.07829997
0.70575718 0.07971051
0.69857395 0.08111190
0.69134172 0.08250369
0.68406228 0.08388545
0.67673742 0.08525672
0.66936896 0.08661708
0.66195871 0.08796608
0.65450850 0.08930328
0.64702016 0.09062825
0.63949555 0.09194054
0.63193652 0.09323967
0.62434494 0.09452519
0.61672268 0.09579660
0.60907162 0.09705342
0.60139365 0.09829512
0.59369066 0.09952116
0.58596455 0.10073099
0.57821723 0.10192402
0.57045062 0.10309965
0.56266662 0.10425722
0.55486716 0.10539607
0.54705416 0.10651550
0.53922955 0.10761476
0.53139526 0.10869310
0.52355323 0.10974969
0.51570538 0.11078370
0.50785366 0.11179423
0.50000000 0.11278037
0.49214634 0.11374114
0.48429462 0.11467554
0.47644677 0.11558254
0.46860474 0.11646105
0.46077045 0.11730994
0.45294584 0.11812808
0.44513284 0.11891426
0.43733338 0.11966727
0.42954938 0.12038585
0.42178277 0.12106872
0.41403545 0.12171457
0.40630934 0.12232209
0.39860635 0.12288991
0.39092838 0.12341670
0.38327732 0.12390107
0.37565506 0.12434165
0.36806348 0.12473708
0.36050445 0.12508599
0.35297984 0.12538702
0.34549150 0.12563884
0.33804129 0.12584013
0.33063104 0.12598960
0.32326258 0.12608601
0.31593772 0.12612814
0.30865828 0.12611482
0.30142605 0.12604496
0.29424282 0.12591750
0.28711035 0.12573146
0.28003042 0.12548593
0.27300475 0.12518007
0.26603509 0.12481315
0.25912316 0.12438450
0.25227067 0.12389357
0.24547929 0.12333988
0.23875072 0.12272309
0.23208660 0.12204294
0.22548859 0.12129930
0.21895831 0.12049214
0.21249737 0.11962156
0.20610737 0.11868778
0.19978989 0.11769114
0.19354647 0.11663211
0.18737867 0.11551126
0.18128801 0.11432931
0.17527598 0.11308708
0.16934407 0.11178554
0.16349374 0.11042574
0.15772645 0.10900889
0.15204360 0.10753626
0.14644661 0.10600929
0.14093685 0.10442946
0.13551569 0.10279839
0.13018445 0.10111779
0.12494447 0.09938943
0.11979702 0.09761518
0.11474338 0.09579698
0.10978480 0.09393682
0.10492249 0.09203676
0.10015767 0.09009890
0.09549150 0.08812538
0.09092514 0.08611836
0.08645971 0.08408003
0.08209632 0.08201258
0.07783604 0.07991820
0.07367992 0.07779908
0.06962899 0.07565738
0.06568424 0.07349524
0.06184666 0.07131475
0.05811718 0.06911796
0.05449674 0.06690686
0.05098621 0.06468340
0.04758647 0.06244941
0.04429836 0.06020669
0.04112269 0.05795693
0.03806023 0.05570172
0.03511176 0.05344256
0.03227798 0.05118086
0.02955962 0.04891790
0.02695732 0.04665486
0.02447174 0.04439280
0.02210349 0.04213267
0.01985316 0.03987530
0.01772129 0.03762140
0.01570842 0.03537157
0.01381504 0.03312628
0.01204162 0.03088588
0.01038859 0.02865064
0.00885637 0.02642068
0.00744534 0.02419605
0.00615583 0.02197668
0.00498817 0.01976241
0.00394265 0.01755300
0.00301952 0.01534811
0.00221902 0.01314735
0.00154133 0.01095026
0.00098664 0.00875631
0.00055506 0.00656493
0.00024672 0.00437551
0.00006168 0.00218742
0.00000000 0.00000000
0.00006168 -0.00040584
0.00024672 -0.00081026
0.00055506 -0.00121184
0.00098664 -0.00160919
0.00154133 -0.00200091
0.00221902 -0.00238566
0.00301952 -0.00276211
0.00394265 -0.00312900
0.00498817 -0.00348509
0.00615583 -0.00382920
0.00744534 -0.00416022
0.00885637 -0.00447708
0.01038859 -0.00477879
0.01204162 -0.00506445
0.01381504 -0.00533320
0.01570842 -0.00558429
0.01772129 -0.00581704
0.01985316 -0.00603083
0.02210349 -0.00622518
0.02447174 -0.00639963
0.02695732 -0.00655387
0.02955962 -0.00668763
0.03227798 -0.00680074
0.03511176 -0.00689313
0.03806023 -0.00696480
0.04112269 -0.00701583
0.04429836 -0.00704638
0.04758647 -0.00705670
0.05098621 -0.00704708
0.05449674 -0.00701791
0.05811718 -0.00696963
0.06184666 -0.00690274
0.06568424 -0.00681781
0.06962899 -0.00671543
0.07367992 -0.00659626
0.07783604 -0.00646100
0.08209632 -0.00631035
0.08645971 -0.00614509
0.09092514 -0.00596597
0.09549150 -0.00577380
0.10015767 -0.00556938
0.10492249 -0.00535351
0.10978480 -0.00512700
0.11474338 -0.00489065
0.11979702 -0.00464527
0.12494447 -0.00439162
0.13018445 -0.00413046
0.13551569 -0.00386254
0.14093685 -0.00358855
0.14644661 -0.00330917
0.15204360 -0.00302506
0.15772645 -0.00273680
0.16349374 -0.00244497
0.16934407 -0.00215009
0.17527598 -0.00185265
0.18128801 -0.00155308
0.18737867 -0.00125177
0.19354647 -0.00094907
0.19978989 -0.00064528
0.20610737 -0.00034065
0.21249737 -0.00003541
0.21895831 0.00027028
0.22548859 0.00057630
0.23208660 0.00088255
0.23875072 0.00118898
0.24547929 0.00149558
0.25227067 0.00180235
0.25912316 0.00210936
0.26603509 0.00241666
0.27300475 0.00272435
0.28003042 0.00303254
0.28711035 0.00334137
0.29424282 0.00365097
0.30142605 0.00396150
0.30865828 0.00427311
0.31593772 0.00458596
0.32326258 0.00490021
0.33063104 0.00521600
0.33804129 0.00553347
0.34549150 0.00585276
0.35297984 0.00617398
0.36050445 0.00649723
0.36806348 0.00682257
0.37565506 0.00715006
0.38327732 0.00747973
0.39092838 0.00781157
0.39860635 0.00814556
0.40630934 0.00848164
0.41403545 0.00881970
0.42178277 0.00915962
0.42954938 0.00950124
0.43733338 0.00984437
0.44513284 0.01018878
0.45294584 0.01053419
0.46077045 0.01088032
0.46860474 0.01122683
0.47644677 0.01157336
0.48429462 0.01191951
0.49214634 0.01226486
0.50000000 0.01260895
0.50785366 0.01295129
0.51570538 0.01329140
0.52355323 0.01362872
0.53139526 0.01396272
0.53922955 0.01429282
0.54705416 0.01461843
0.55486716 0.01493896
0.56266662 0.01525380
0.57045062 0.01556231
0.57821723 0.01586388
0.58596455 0.01615787
0.59369066 0.01644366
0.60139365 0.01672060
0.60907162 0.01698807
0.61672268 0.01724545
0.62434494 0.01749213
0.63193652 0.01772750
0.63949555 0.01795097
0.64702016 0.01816198
0.65450850 0.01835997
0.66195871 0.01854441
0.66936896 0.01871477
0.67673742 0.01887057
0.68406228 0.01901134
0.69134172 0.01913665
0.69857395 0.01924608
0.70575718 0.01933927
0.71288965 0.01941584
0.71996958 0.01947550
0.72699525 0.01951796
0.73396491 0.01954296
0.74087684 0.01955029
0.74772933 0.01953977
0.75452071 0.01951127
0.76124928 0.01946467
0.76791340 0.01939991
0.77451141 0.01931697
0.78104169 0.01921584
0.78750263 0.01909658
0.79389263 0.01895927
0.80021011 0.01880405
0.80645353 0.01863107
0.81262133 0.01844055
0.81871199 0.01823272
0.82472402 0.01800787
0.83065593 0.01776632
0.83650626 0.01750844
0.84227355 0.01723462
0.84795640 0.01694530
0.85355339 0.01664096
0.85906315 0.01632210
0.86448431 0.01598929
0.86981555 0.01564310
0.87505553 0.01528415
0.88020298 0.01491310
0.88525662 0.01453065
0.89021520 0.01413751
0.89507751 0.01373443
0.89984233 0.01332220
0.90450850 0.01290164
0.90907486 0.01247358
0.91354029 0.01203889
0.91790368 0.01159847
0.92216396 0.01115322
0.92632008 0.01070410
0.93037101 0.01025204
0.93431576 0.00979803
0.93815334 0.00934306
0.94188282 0.00888813
0.94550326 0.00843424
0.94901379 0.00798242
0.95241353 0.00753370
0.95570164 0.00708911
0.95887731 0.00664966
0.96193977 0.00621640
0.96488824 0.00579034
0.96772202 0.00537250
0.97044038 0.00496387
0.97304268 0.00456544
0.97552826 0.00417819
0.97789651 0.00380307
0.98014684 0.00344100
0.98227871 0.00309287
0.98429158 0.00275958
0.98618496 0.00244194
0.98795838 0.00214078
0.98961141 0.00185685
0.99114363 0.00159088
0.99255466 0.00134355
0.99384417 0.00111552
0.99501183 0.00090735
0.99605735 0.00071961
0.99698048 0.00055278
0.99778098 0.00040729
0.99845867 0.00028353
0.99901336 0.00018182
0.99944494 0.00010243
0.99975328 0.00004558
0.99993832 0.00001140
1.00000000 0.00000000
