sample_1416
1.00000000 0.00000000
0.99993832 0.00002184
0.99975328 0.00008735
0.99944494 0.00019648
0.99901336 0.00034919
0.99845867 0.00054536
0.99778098 0.00078490
0.99698048 0.00106767
0.99605735 0.00139350
0.99501183 0.00176220
0.99384417 0.00217357
0.99255466 0.00262737
0.99114363 0.00312334
0.98961141 0.00366120
0.98795838 0.00424067
0.98618496 0.00486140
0.98429158 0.00552307
0.98227871 0.00622530
0.98014684 0.00696772
0.97789651 0.00774993
0.97552826 0.00857151
0.97304268 0.00943202
0.97044038 0.01033101
0.96772202 0.01126802
0.96488824 0.01224255
0.96193977 0.01325411
0.95887731 0.01430219
0.95570164 0.01538626
0.95241353 0.01650577
0.94901379 0.01766017
0.94550326 0.01884888
0.94188282 0.02007134
0.93815334 0.02132694
0.93431576 0.02261508
0.93037101 0.02393512
0.92632008 0.02528645
0.92216396 0.02666841
0.91790368 0.02808034
0.91354029 0.02952155
0.90907486 0.03099137
0.90450850 0.03248909
0.89984233 0.03401397
0.89507751 0.03556528
0.89021520 0.03714227
0.88525662 0.03874414
0.88020298 0.04037011
0.87505553 0.04201935
0.86981555 0.04369102
0.86448431 0.04538425
0.85906315 0.04709815
0.85355339 0.04883179
0.84795640 0.05058422
0.84227355 0.05235447
0.83650626 0.05414152
0.83065593 0.05594432
0.82472402 0.05776180
0.81871199 0.05959282
0.81262133 0.06143625
0.80645353 0.06329088
0.80021011 0.06515548
0.79389263 0.06702877
0.78750263 0.06890943
0.78104169 0.07079610
0.77451141 0.07268736
0.76791340 0.07458177
0.76124928 0.07647782
0.75452071 0.07837398
0.74772933 0.08026866
0.74087684 0.08216021
0.73396491 0.08404697
0.72699525 0.08592721
0.71996958 0.08779918
0.71288965 0.08966106
0.70575718 0.09151102
0.69857395 0.09334719
0.69134172 0.09516764
0.68406228 0.09697043
0.67673742 0.09875360
0.66936896 0.10051515
0.66195871 0.10225307
0.65450850 0.10396531
0.64702016 0.10564984
0.63949555 0.10730460
0.63193652 0.10892753
0.62434494 0.11051659
0.61672268 0.11206972
0.60907162 0.11358489
0.60139365 0.11506009
0.59369066 0.11649333
0.58596455 0.11788264
0.57821723 0.11922612
0.57045062 0.12052187
0.56266662 0.12176808
0.55486716 0.12296297
0.54705416 0.12410482
0.53922955 0.12519201
0.53139526 0.12622296
0.52355323 0.12719619
0.51570538 0.12811029
0.50785366 0.12896396
0.50000000 0.12975598
0.49214634 0.13048523
0.48429462 0.13115073
0.47644677 0.13175157
0.46860474 0.13228696
0.46077045 0.13275625
0.45294584 0.13315890
0.44513284 0.13349447
0.43733338 0.13376268
0.42954938 0.13396335
0.42178277 0.13409644
0.41403545 0.13416203
0.40630934 0.13416033
0.39860635 0.13409168
0.39092838 0.13395652
0.38327732 0.13375544
0.37565506 0.13348913
0.36806348 0.13315842
0.36050445 0.13276421
0.35297984 0.13230755
0.34549150 0.13178956
0.33804129 0.13121148
0.33063104 0.13057462
0.32326258 0.12988040
0.31593772 0.12913029
0.30865828 0.12832585
0.30142605 0.12746869
0.29424282 0.12656049
0.28711035 0.12560296
0.28003042 0.12459787
0.27300475 0.12354699
0.26603509 0.12245215
0.25912316 0.12131517
0.25227067 0.12013788
0.24547929 0.11892212
0.23875072 0.11766968
0.23208660 0.11638239
0.22548859 0.11506201
0.21895831 0.11371029
0.21249737 0.11232891
0.20610737 0.11091953
0.19978989 0.10948376
0.19354647 0.10802311
0.18737867 0.10653908
0.18128801 0.10503305
0.17527598 0.10350636
0.16934407 0.10196024
0.16349374 0.10039588
0.15772645 0.09881435
0.15204360 0.09721665
0.14644661 0.09560369
0.14093685 0.09397629
0.13551569 0.09233518
0.13018445 0.09068102
0.12494447 0.08901437
0.11979702 0.08733570
0.11474338 0.08564542
0.10978480 0.08394385
0.10492249 0.08223122
0.10015767 0.08050772
0.09549150 0.07877347
0.09092514 0.07702850
0.08645971 0.07527281
0.08209632 0.07350636
0.07783604 0.07172903
0.07367992 0.06994071
0.06962899 0.06814122
0.06568424 0.06633038
0.06184666 0.06450798
0.05811718 0.06267379
0.05449674 0.06082762
0.05098621 0.05896922
0.04758647 0.05709841
0.04429836 0.05521497
0.04112269 0.05331874
0.03806023 0.05140958
0.03511176 0.04948736
0.03227798 0.04755201
0.02955962 0.04560350
0.02695732 0.04364183
0.02447174 0.04166706
0.02210349 0.03967931
0.01985316 0.03767873
0.01772129 0.03566555
0.01570842 0.03364006
0.01381504 0.03160257
0.01204162 0.02955351
0.01038859 0.02749331
0.00885637 0.02542249
0.00744534 0.02334163
0.00615583 0.02125135
0.00498817 0.01915232
0.00394265 0.01704527
0.00301952 0.01493096
0.00221902 0.01281022
0.00154133 0.01068388
0.00098664 0.00855283
0.00055506 0.00641798
0.00024672 0.00428026
0.00006168 0.00214061
0.00000000 0.00000000
0.00006168 -0.00099103
0.00024672 -0.00197939
0.00055506 -0.00296244
0.00098664 -0.00393753
0.00154133 -0.00490206
0.00221902 -0.00585348
0.00301952 -0.00678926
0.00394265 -0.00770697
0.00498817 -0.00860423
0.00615583 -0.00947873
0.00744534 -0.01032825
0.00885637 -0.01115070
0.01038859 -0.01194404
0.01204162 -0.01270638
0.01381504 -0.01343594
0.01570842 -0.01413103
0.01772129 -0.01479014
0.01985316 -0.01541184
0.02210349 -0.01599488
0.02447174 -0.01653812
0.02695732 -0.01704057
0.02955962 -0.01750139
0.03227798 -0.01791986
0.03511176 -0.01829544
0.03806023 -0.01862770
0.04112269 -0.01891637
0.04429836 -0.01916132
0.04758647 -0.01936256
0.05098621 -0.01952022
0.05449674 -0.01963459
0.05811718 -0.01970605
0.06184666 -0.01973513
0.06568424 -0.01972246
0.06962899 -0.01966881
0.07367992 -0.01957503
0.07783604 -0.01944206
0.08209632 -0.01927096
0.08645971 -0.01906286
0.09092514 -0.01881896
0.09549150 -0.01854055
0.10015767 -0.01822896
0.10492249 -0.01788559
0.10978480 -0.01751188
0.11474338 -0.01710930
0.11979702 -0.01667938
0.12494447 -0.01622363
0.13018445 -0.01574360
0.13551569 -0.01524086
0.14093685 -0.01471696
0.14644661 -0.01417344
0.15204360 -0.01361186
0.15772645 -0.01303372
0.16349374 -0.01244051
0.16934407 -0.01183371
0.17527598 -0.01121474
0.18128801 -0.01058498
0.18737867 -0.00994578
0.19354647 -0.00929844
0.19978989 -0.00864420
0.20610737 -0.00798423
0.21249737 -0.00731969
0.21895831 -0.00665163
0.22548859 -0.00598108
0.23208660 -0.00530897
0.23875072 -0.00463621
0.24547929 -0.00396362
0.25227067 -0.00329197
0.25912316 -0.00262195
0.26603509 -0.00195423
0.27300475 -0.00128938
0.28003042 -0.00062795
0.28711035 0.00002959
0.29424282 0.00068282
0.30142605 0.00133134
0.30865828 0.00197483
0.31593772 0.00261298
0.32326258 0.00324556
0.33063104 0.00387233
0.33804129 0.00449310
0.34549150 0.00510773
0.35297984 0.00571606
0.36050445 0.00631799
0.36806348 0.00691340
0.37565506 0.00750222
0.38327732 0.00808436
0.39092838 0.00865974
0.39860635 0.00922830
0.40630934 0.00978996
0.41403545 0.01034464
0.42178277 0.01089225
0.42954938 0.01143270
0.43733338 0.01196588
0.44513284 0.01249165
0.45294584 0.01300988
0.46077045 0.01352041
0.46860474 0.01402305
0.47644677 0.01451759
0.48429462 0.01500383
0.49214634 0.01548149
0.50000000 0.01595032
0.50785366 0.01641001
0.51570538 0.01686025
0.52355323 0.01730068
0.53139526 0.01773094
0.53922955 0.01815065
0.54705416 0.01855939
0.55486716 0.01895674
0.56266662 0.01934225
0.57045062 0.01971546
0.57821723 0.02007590
0.58596455 0.02042307
0.59369066 0.02075649
0.60139365 0.02107564
0.60907162 0.02138003
0.61672268 0.02166914
0.62434494 0.02194246
0.63193652 0.02219949
0.63949555 0.02243973
0.64702016 0.02266269
0.65450850 0.02286788
0.66195871 0.02305486
0.66936896 0.02322316
0.67673742 0.02337237
0.68406228 0.02350207
0.69134172 0.02361190
0.69857395 0.02370150
0.70575718 0.02377055
0.71288965 0.02381877
0.71996958 0.02384589
0.72699525 0.02385171
0.73396491 0.02383604
0.74087684 0.02379875
0.74772933 0.02373974
0.75452071 0.02365895
0.76124928 0.02355638
0.76791340 0.02343207
0.77451141 0.02328609
0.78104169 0.02311857
0.78750263 0.02292970
0.79389263 0.02271969
0.80021011 0.02248882
0.80645353 0.02223741
0.81262133 0.02196583
0.81871199 0.02167450
0.82472402 0.02136388
0.83065593 0.02103448
0.83650626 0.02068685
0.84227355 0.02032160
0.84795640 0.01993937
0.85355339 0.01954085
0.85906315 0.01912677
0.86448431 0.01869789
0.86981555 0.01825501
0.87505553 0.01779899
0.88020298 0.01733069
0.88525662 0.01685102
0.89021520 0.01636093
0.89507751 0.01586137
0.89984233 0.01535333
0.90450850 0.01483785
0.90907486 0.01431595
0.91354029 0.01378868
0.91790368 0.01325713
0.92216396 0.01272237
0.92632008 0.01218551
0.93037101 0.01164766
0.93431576 0.01110992
0.93815334 0.01057341
0.94188282 0.01003926
0.94550326 0.00950858
0.94901379 0.00898247
0.95241353 0.00846206
0.95570164 0.00794843
0.95887731 0.00744267
0.96193977 0.00694585
0.96488824 0.00645902
0.96772202 0.00598322
0.97044038 0.00551946
0.97304268 0.00506873
0.97552826 0.00463200
0.97789651 0.00421019
0.98014684 0.00380421
0.98227871 0.00341492
0.98429158 0.00304318
0.98618496 0.00268976
0.98795838 0.00235544
0.98961141 0.00204093
0.99114363 0.00174691
0.99255466 0.00147402
0.99384417 0.00122283
0.99501183 0.00099391
0.99605735 0.00078773
0.99698048 0.00060474
0.99778098 0.00044534
0.99845867 0.00030988
0.99901336 0.00019865
0.99944494 0.00011188
0.99975328 0.00004977
0.99993832 0.00001245
1.00000000 0.00000000
