sample_515
1.00000000 0.00000000
0.99993832 0.00002265
0.99975328 0.00009059
0.99944494 0.00020377
0.99901336 0.00036210
0.99845867 0.00056546
0.99778098 0.00081370
0.99698048 0.00110663
0.99605735 0.00144404
0.99501183 0.00182567
0.99384417 0.00225124
0.99255466 0.00272043
0.99114363 0.00323289
0.98961141 0.00378826
0.98795838 0.00438611
0.98618496 0.00502602
0.98429158 0.00570752
0.98227871 0.00643011
0.98014684 0.00719327
0.97789651 0.00799647
0.97552826 0.00883912
0.97304268 0.00972062
0.97044038 0.01064036
0.96772202 0.01159770
0.96488824 0.01259195
0.96193977 0.01362244
0.95887731 0.01468846
0.95570164 0.01578927
0.95241353 0.01692412
0.94901379 0.01809225
0.94550326 0.01929286
0.94188282 0.02052516
0.93815334 0.02178833
0.93431576 0.02308151
0.93037101 0.02440387
0.92632008 0.02575453
0.92216396 0.02713261
0.91790368 0.02853721
0.91354029 0.02996742
0.90907486 0.03142231
0.90450850 0.03290096
0.89984233 0.03440240
0.89507751 0.03592568
0.89021520 0.03746981
0.88525662 0.03903382
0.88020298 0.04061670
0.87505553 0.04221744
0.86981555 0.04383503
0.86448431 0.04546843
0.85906315 0.04711659
0.85355339 0.04877846
0.84795640 0.05045299
0.84227355 0.05213908
0.83650626 0.05383566
0.83065593 0.05554163
0.82472402 0.05725588
0.81871199 0.05897730
0.81262133 0.06070476
0.80645353 0.06243713
0.80021011 0.06417325
0.79389263 0.06591197
0.78750263 0.06765213
0.78104169 0.06939256
0.77451141 0.07113206
0.76791340 0.07286945
0.76124928 0.07460353
0.75452071 0.07633309
0.74772933 0.07805691
0.74087684 0.07977377
0.73396491 0.08148244
0.72699525 0.08318167
0.71996958 0.08487023
0.71288965 0.08654686
0.70575718 0.08821030
0.69857395 0.08985930
0.69134172 0.09149258
0.68406228 0.09310888
0.67673742 0.09470692
0.66936896 0.09628542
0.66195871 0.09784310
0.65450850 0.09937869
0.64702016 0.10089089
0.63949555 0.10237842
0.63193652 0.10384001
0.62434494 0.10527437
0.61672268 0.10668022
0.60907162 0.10805629
0.60139365 0.10940131
0.59369066 0.11071400
0.58596455 0.11199311
0.57821723 0.11323739
0.57045062 0.11444559
0.56266662 0.11561648
0.55486716 0.11674884
0.54705416 0.11784145
0.53922955 0.11889311
0.53139526 0.11990266
0.52355323 0.12086891
0.51570538 0.12179074
0.50785366 0.12266701
0.50000000 0.12349662
0.49214634 0.12427850
0.48429462 0.12501158
0.47644677 0.12569485
0.46860474 0.12632732
0.46077045 0.12690802
0.45294584 0.12743602
0.44513284 0.12791044
0.43733338 0.12833042
0.42954938 0.12869516
0.42178277 0.12900389
0.41403545 0.12925589
0.40630934 0.12945049
0.39860635 0.12958706
0.39092838 0.12966506
0.38327732 0.12968396
0.37565506 0.12964331
0.36806348 0.12954273
0.36050445 0.12938190
0.35297984 0.12916054
0.34549150 0.12887847
0.33804129 0.12853556
0.33063104 0.12813177
0.32326258 0.12766713
0.31593772 0.12714173
0.30865828 0.12655575
0.30142605 0.12590944
0.29424282 0.12520316
0.28711035 0.12443732
0.28003042 0.12361242
0.27300475 0.12272904
0.26603509 0.12178787
0.25912316 0.12078965
0.25227067 0.11973523
0.24547929 0.11862552
0.23875072 0.11746153
0.23208660 0.11624434
0.22548859 0.11497513
0.21895831 0.11365514
0.21249737 0.11228570
0.20610737 0.11086821
0.19978989 0.10940413
0.19354647 0.10789500
0.18737867 0.10634245
0.18128801 0.10474812
0.17527598 0.10311376
0.16934407 0.10144115
0.16349374 0.09973212
0.15772645 0.09798855
0.15204360 0.09621235
0.14644661 0.09440549
0.14093685 0.09256994
0.13551569 0.09070772
0.13018445 0.08882084
0.12494447 0.08691135
0.11979702 0.08498128
0.11474338 0.08303267
0.10978480 0.08106756
0.10492249 0.07908796
0.10015767 0.07709587
0.09549150 0.07509326
0.09092514 0.07308206
0.08645971 0.07106417
0.08209632 0.06904143
0.07783604 0.06701563
0.07367992 0.06498850
0.06962899 0.06296172
0.06568424 0.06093688
0.06184666 0.05891549
0.05811718 0.05689899
0.05449674 0.05488873
0.05098621 0.05288598
0.04758647 0.05089188
0.04429836 0.04890751
0.04112269 0.04693382
0.03806023 0.04497168
0.03511176 0.04302183
0.03227798 0.04108492
0.02955962 0.03916146
0.02695732 0.03725189
0.02447174 0.03535650
0.02210349 0.03347549
0.01985316 0.03160896
0.01772129 0.02975687
0.01570842 0.02791910
0.01381504 0.02609542
0.01204162 0.02428548
0.01038859 0.02248886
0.00885637 0.02070503
0.00744534 0.01893337
0.00615583 0.01717319
0.00498817 0.01542370
0.00394265 0.01368405
0.00301952 0.01195333
0.00221902 0.01023055
0.00154133 0.00851468
0.00098664 0.00680464
0.00055506 0.00509932
0.00024672 0.00339755
0.00006168 0.00169818
0.00000000 0.00000000
0.00006168 -0.00088575
0.00024672 -0.00176890
0.00055506 -0.00264685
0.00098664 -0.00351704
0.00154133 -0.00437693
0.00221902 -0.00522402
0.00301952 -0.00605585
0.00394265 -0.00687006
0.00498817 -0.00766431
0.00615583 -0.00843637
0.00744534 -0.00918409
0.00885637 -0.00990542
0.01038859 -0.01059840
0.01204162 -0.01126119
0.01381504 -0.01189207
0.01570842 -0.01248942
0.01772129 -0.01305177
0.01985316 -0.01357777
0.02210349 -0.01406620
0.02447174 -0.01451600
0.02695732 -0.01492621
0.02955962 -0.01529606
0.03227798 -0.01562488
0.03511176 -0.01591216
0.03806023 -0.01615753
0.04112269 -0.01636076
0.04429836 -0.01652176
0.04758647 -0.01664057
0.05098621 -0.01671738
0.05449674 -0.01675248
0.05811718 -0.01674629
0.06184666 -0.01669938
0.06568424 -0.01661240
0.06962899 -0.01648611
0.07367992 -0.01632140
0.07783604 -0.01611921
0.08209632 -0.01588062
0.08645971 -0.01560674
0.09092514 -0.01529880
0.09549150 -0.01495805
0.10015767 -0.01458583
0.10492249 -0.01418353
0.10978480 -0.01375257
0.11474338 -0.01329439
0.11979702 -0.01281050
0.12494447 -0.01230239
0.13018445 -0.01177159
0.13551569 -0.01121961
0.14093685 -0.01064798
0.14644661 -0.01005821
0.15204360 -0.00945179
0.15772645 -0.00883021
0.16349374 -0.00819491
0.16934407 -0.00754731
0.17527598 -0.00688881
0.18128801 -0.00622074
0.18737867 -0.00554440
0.19354647 -0.00486105
0.19978989 -0.00417189
0.20610737 -0.00347807
0.21249737 -0.00278069
0.21895831 -0.00208078
0.22548859 -0.00137933
0.23208660 -0.00067727
0.23875072 0.00002454
0.24547929 0.00072527
0.25227067 0.00142418
0.25912316 0.00212056
0.26603509 0.00281375
0.27300475 0.00350317
0.28003042 0.00418826
0.28711035 0.00486852
0.29424282 0.00554349
0.30142605 0.00621274
0.30865828 0.00687590
0.31593772 0.00753262
0.32326258 0.00818259
0.33063104 0.00882550
0.33804129 0.00946110
0.34549150 0.01008914
0.35297984 0.01070939
0.36050445 0.01132163
0.36806348 0.01192565
0.37565506 0.01252126
0.38327732 0.01310825
0.39092838 0.01368643
0.39860635 0.01425560
0.40630934 0.01481554
0.41403545 0.01536604
0.42178277 0.01590688
0.42954938 0.01643782
0.43733338 0.01695861
0.44513284 0.01746898
0.45294584 0.01796866
0.46077045 0.01845733
0.46860474 0.01893469
0.47644677 0.01940041
0.48429462 0.01985412
0.49214634 0.02029546
0.50000000 0.02072404
0.50785366 0.02113947
0.51570538 0.02154132
0.52355323 0.02192917
0.53139526 0.02230258
0.53922955 0.02266109
0.54705416 0.02300424
0.55486716 0.02333159
0.56266662 0.02364265
0.57045062 0.02393696
0.57821723 0.02421405
0.58596455 0.02447348
0.59369066 0.02471477
0.60139365 0.02493750
0.60907162 0.02514124
0.61672268 0.02532556
0.62434494 0.02549009
0.63193652 0.02563444
0.63949555 0.02575827
0.64702016 0.02586126
0.65450850 0.02594312
0.66195871 0.02600359
0.66936896 0.02604244
0.67673742 0.02605950
0.68406228 0.02605462
0.69134172 0.02602767
0.69857395 0.02597861
0.70575718 0.02590739
0.71288965 0.02581406
0.71996958 0.02569866
0.72699525 0.02556132
0.73396491 0.02540220
0.74087684 0.02522150
0.74772933 0.02501947
0.75452071 0.02479643
0.76124928 0.02455270
0.76791340 0.02428870
0.77451141 0.02400485
0.78104169 0.02370165
0.78750263 0.02337961
0.79389263 0.02303932
0.80021011 0.02268137
0.80645353 0.02230642
0.81262133 0.02191515
0.81871199 0.02150829
0.82472402 0.02108658
0.83065593 0.02065082
0.83650626 0.02020181
0.84227355 0.01974039
0.84795640 0.01926743
0.85355339 0.01878382
0.85906315 0.01829045
0.86448431 0.01778824
0.86981555 0.01727814
0.87505553 0.01676108
0.88020298 0.01623801
0.88525662 0.01570991
0.89021520 0.01517772
0.89507751 0.01464242
0.89984233 0.01410498
0.90450850 0.01356634
0.90907486 0.01302747
0.91354029 0.01248931
0.91790368 0.01195281
0.92216396 0.01141888
0.92632008 0.01088845
0.93037101 0.01036241
0.93431576 0.00984164
0.93815334 0.00932700
0.94188282 0.00881935
0.94550326 0.00831950
0.94901379 0.00782825
0.95241353 0.00734638
0.95570164 0.00687465
0.95887731 0.00641379
0.96193977 0.00596450
0.96488824 0.00552747
0.96772202 0.00510333
0.97044038 0.00469272
0.97304268 0.00429624
0.97552826 0.00391445
0.97789651 0.00354790
0.98014684 0.00319710
0.98227871 0.00286255
0.98429158 0.00254470
0.98618496 0.00224397
0.98795838 0.00196079
0.98961141 0.00169552
0.99114363 0.00144852
0.99255466 0.00122010
0.99384417 0.00101056
0.99501183 0.00082018
0.99605735 0.00064919
0.99698048 0.00049781
0.99778098 0.00036623
0.99845867 0.00025461
0.99901336 0.00016310
0.99944494 0.00009181
0.99975328 0.00004083
0.99993832 0.00001021
1.00000000 0.00000000
