sample_1119
1.00000000 0.00000000
0.99993832 0.00002700
0.99975328 0.00010796
0.99944494 0.00024275
0.99901336 0.00043116
0.99845867 0.00067290
0.99778098 0.00096759
0.99698048 0.00131479
0.99605735 0.00171395
0.99501183 0.00216446
0.99384417 0.00266564
0.99255466 0.00321674
0.99114363 0.00381693
0.98961141 0.00446532
0.98795838 0.00516095
0.98618496 0.00590281
0.98429158 0.00668984
0.98227871 0.00752091
0.98014684 0.00839485
0.97789651 0.00931046
0.97552826 0.01026647
0.97304268 0.01126160
0.97044038 0.01229453
0.96772202 0.01336391
0.96488824 0.01446836
0.96193977 0.01560649
0.95887731 0.01677689
0.95570164 0.01797814
0.95241353 0.01920882
0.94901379 0.02046748
0.94550326 0.02175269
0.94188282 0.02306302
0.93815334 0.02439704
0.93431576 0.02575333
0.93037101 0.02713048
0.92632008 0.02852709
0.92216396 0.02994178
0.91790368 0.03137320
0.91354029 0.03282001
0.90907486 0.03428088
0.90450850 0.03575451
0.89984233 0.03723964
0.89507751 0.03873503
0.89021520 0.04023945
0.88525662 0.04175171
0.88020298 0.04327064
0.87505553 0.04479513
0.86981555 0.04632405
0.86448431 0.04785632
0.85906315 0.04939091
0.85355339 0.05092678
0.84795640 0.05246293
0.84227355 0.05399841
0.83650626 0.05553227
0.83065593 0.05706359
0.82472402 0.05859147
0.81871199 0.06011505
0.81262133 0.06163348
0.80645353 0.06314594
0.80021011 0.06465162
0.79389263 0.06614974
0.78750263 0.06763952
0.78104169 0.06912023
0.77451141 0.07059114
0.76791340 0.07205151
0.76124928 0.07350067
0.75452071 0.07493791
0.74772933 0.07636258
0.74087684 0.07777400
0.73396491 0.07917153
0.72699525 0.08055453
0.71996958 0.08192238
0.71288965 0.08327447
0.70575718 0.08461018
0.69857395 0.08592892
0.69134172 0.08723011
0.68406228 0.08851316
0.67673742 0.08977751
0.66936896 0.09102260
0.66195871 0.09224788
0.65450850 0.09345279
0.64702016 0.09463682
0.63949555 0.09579941
0.63193652 0.09694007
0.62434494 0.09805826
0.61672268 0.09915350
0.60907162 0.10022527
0.60139365 0.10127310
0.59369066 0.10229650
0.58596455 0.10329499
0.57821723 0.10426810
0.57045062 0.10521537
0.56266662 0.10613635
0.55486716 0.10703059
0.54705416 0.10789765
0.53922955 0.10873708
0.53139526 0.10954845
0.52355323 0.11033134
0.51570538 0.11108533
0.50785366 0.11180999
0.50000000 0.11250491
0.49214634 0.11316968
0.48429462 0.11380389
0.47644677 0.11440713
0.46860474 0.11497899
0.46077045 0.11551907
0.45294584 0.11602696
0.44513284 0.11650227
0.43733338 0.11694458
0.42954938 0.11735349
0.42178277 0.11772861
0.41403545 0.11806951
0.40630934 0.11837581
0.39860635 0.11864708
0.39092838 0.11888293
0.38327732 0.11908294
0.37565506 0.11924671
0.36806348 0.11937382
0.36050445 0.11946387
0.35297984 0.11951645
0.34549150 0.11953116
0.33804129 0.11950758
0.33063104 0.11944532
0.32326258 0.11934399
0.31593772 0.11920319
0.30865828 0.11902255
0.30142605 0.11880168
0.29424282 0.11854021
0.28711035 0.11823781
0.28003042 0.11789411
0.27300475 0.11750881
0.26603509 0.11708157
0.25912316 0.11661212
0.25227067 0.11610017
0.24547929 0.11554547
0.23875072 0.11494780
0.23208660 0.11430694
0.22548859 0.11362273
0.21895831 0.11289502
0.21249737 0.11212368
0.20610737 0.11130862
0.19978989 0.11044981
0.19354647 0.10954722
0.18737867 0.10860087
0.18128801 0.10761082
0.17527598 0.10657716
0.16934407 0.10550003
0.16349374 0.10437962
0.15772645 0.10321613
0.15204360 0.10200983
0.14644661 0.10076102
0.14093685 0.09947006
0.13551569 0.09813732
0.13018445 0.09676324
0.12494447 0.09534830
0.11979702 0.09389300
0.11474338 0.09239790
0.10978480 0.09086361
0.10492249 0.08929074
0.10015767 0.08767997
0.09549150 0.08603200
0.09092514 0.08434759
0.08645971 0.08262749
0.08209632 0.08087252
0.07783604 0.07908350
0.07367992 0.07726130
0.06962899 0.07540679
0.06568424 0.07352089
0.06184666 0.07160451
0.05811718 0.06965861
0.05449674 0.06768413
0.05098621 0.06568205
0.04758647 0.06365335
0.04429836 0.06159902
0.04112269 0.05952005
0.03806023 0.05741745
0.03511176 0.05529222
0.03227798 0.05314536
0.02955962 0.05097787
0.02695732 0.04879074
0.02447174 0.04658497
0.02210349 0.04436155
0.01985316 0.04212145
0.01772129 0.03986564
0.01570842 0.03759508
0.01381504 0.03531071
0.01204162 0.03301348
0.01038859 0.03070431
0.00885637 0.02838412
0.00744534 0.02605380
0.00615583 0.02371426
0.00498817 0.02136636
0.00394265 0.01901098
0.00301952 0.01664898
0.00221902 0.01428121
0.00154133 0.01190850
0.00098664 0.00953170
0.00055506 0.00715163
0.00024672 0.00476911
0.00006168 0.00238496
0.00000000 0.00000000
0.00006168 -0.00082441
0.00024672 -0.00164753
0.00055506 -0.00246806
0.00098664 -0.00328471
0.00154133 -0.00409619
0.00221902 -0.00490121
0.00301952 -0.00569850
0.00394265 -0.00648677
0.00498817 -0.00726476
0.00615583 -0.00803120
0.00744534 -0.00878483
0.00885637 -0.00952442
0.01038859 -0.01024873
0.01204162 -0.01095653
0.01381504 -0.01164663
0.01570842 -0.01231784
0.01772129 -0.01296898
0.01985316 -0.01359892
0.02210349 -0.01420653
0.02447174 -0.01479071
0.02695732 -0.01535040
0.02955962 -0.01588455
0.03227798 -0.01639218
0.03511176 -0.01687231
0.03806023 -0.01732402
0.04112269 -0.01774643
0.04429836 -0.01813871
0.04758647 -0.01850007
0.05098621 -0.01882979
0.05449674 -0.01912719
0.05811718 -0.01939165
0.06184666 -0.01962262
0.06568424 -0.01981962
0.06962899 -0.01998222
0.07367992 -0.02011007
0.07783604 -0.02020289
0.08209632 -0.02026048
0.08645971 -0.02028272
0.09092514 -0.02026955
0.09549150 -0.02022101
0.10015767 -0.02013722
0.10492249 -0.02001836
0.10978480 -0.01986473
0.11474338 -0.01967668
0.11979702 -0.01945467
0.12494447 -0.01919921
0.13018445 -0.01891093
0.13551569 -0.01859051
0.14093685 -0.01823873
0.14644661 -0.01785643
0.15204360 -0.01744455
0.15772645 -0.01700408
0.16349374 -0.01653609
0.16934407 -0.01604170
0.17527598 -0.01552213
0.18128801 -0.01497861
0.18737867 -0.01441246
0.19354647 -0.01382503
0.19978989 -0.01321773
0.20610737 -0.01259200
0.21249737 -0.01194931
0.21895831 -0.01129116
0.22548859 -0.01061908
0.23208660 -0.00993460
0.23875072 -0.00923928
0.24547929 -0.00853467
0.25227067 -0.00782233
0.25912316 -0.00710379
0.26603509 -0.00638059
0.27300475 -0.00565424
0.28003042 -0.00492622
0.28711035 -0.00419799
0.29424282 -0.00347095
0.30142605 -0.00274649
0.30865828 -0.00202591
0.31593772 -0.00131051
0.32326258 -0.00060148
0.33063104 0.00010001
0.33804129 0.00079288
0.34549150 0.00147610
0.35297984 0.00214873
0.36050445 0.00280990
0.36806348 0.00345879
0.37565506 0.00409470
0.38327732 0.00471696
0.39092838 0.00532503
0.39860635 0.00591840
0.40630934 0.00649668
0.41403545 0.00705953
0.42178277 0.00760670
0.42954938 0.00813801
0.43733338 0.00865335
0.44513284 0.00915269
0.45294584 0.00963605
0.46077045 0.01010354
0.46860474 0.01055530
0.47644677 0.01099154
0.48429462 0.01141253
0.49214634 0.01181856
0.50000000 0.01220998
0.50785366 0.01258718
0.51570538 0.01295057
0.52355323 0.01330058
0.53139526 0.01363768
0.53922955 0.01396232
0.54705416 0.01427500
0.55486716 0.01457619
0.56266662 0.01486638
0.57045062 0.01514601
0.57821723 0.01541557
0.58596455 0.01567546
0.59369066 0.01592612
0.60139365 0.01616793
0.60907162 0.01640122
0.61672268 0.01662632
0.62434494 0.01684350
0.63193652 0.01705298
0.63949555 0.01725495
0.64702016 0.01744955
0.65450850 0.01763684
0.66195871 0.01781687
0.66936896 0.01798961
0.67673742 0.01815498
0.68406228 0.01831285
0.69134172 0.01846303
0.69857395 0.01860530
0.70575718 0.01873935
0.71288965 0.01886486
0.71996958 0.01898144
0.72699525 0.01908866
0.73396491 0.01918606
0.74087684 0.01927315
0.74772933 0.01934937
0.75452071 0.01941417
0.76124928 0.01946697
0.76791340 0.01950716
0.77451141 0.01953413
0.78104169 0.01954726
0.78750263 0.01954592
0.79389263 0.01952950
0.80021011 0.01949740
0.80645353 0.01944903
0.81262133 0.01938382
0.81871199 0.01930124
0.82472402 0.01920079
0.83065593 0.01908202
0.83650626 0.01894451
0.84227355 0.01878792
0.84795640 0.01861195
0.85355339 0.01841636
0.85906315 0.01820099
0.86448431 0.01796574
0.86981555 0.01771061
0.87505553 0.01743565
0.88020298 0.01714102
0.88525662 0.01682694
0.89021520 0.01649375
0.89507751 0.01614186
0.89984233 0.01577177
0.90450850 0.01538407
0.90907486 0.01497945
0.91354029 0.01455869
0.91790368 0.01412266
0.92216396 0.01367231
0.92632008 0.01320868
0.93037101 0.01273289
0.93431576 0.01224615
0.93815334 0.01174974
0.94188282 0.01124500
0.94550326 0.01073335
0.94901379 0.01021627
0.95241353 0.00969527
0.95570164 0.00917195
0.95887731 0.00864793
0.96193977 0.00812485
0.96488824 0.00760440
0.96772202 0.00708829
0.97044038 0.00657822
0.97304268 0.00607592
0.97552826 0.00558311
0.97789651 0.00510149
0.98014684 0.00463274
0.98227871 0.00417852
0.98429158 0.00374046
0.98618496 0.00332013
0.98795838 0.00291905
0.98961141 0.00253871
0.99114363 0.00218048
0.99255466 0.00184572
0.99384417 0.00153566
0.99501183 0.00125146
0.99605735 0.00099420
0.99698048 0.00076484
0.99778098 0.00056427
0.99845867 0.00039324
0.99901336 0.00025240
0.99944494 0.00014229
0.99975328 0.00006334
0.99993832 0.00001585
1.00000000 0.00000000
