sample_226
1.00000000 0.00000000
0.99993832 0.00002733
0.99975328 0.00010927
0.99944494 0.00024571
0.99901336 0.00043645
0.99845867 0.00068121
0.99778098 0.00097962
0.99698048 0.00133127
0.99605735 0.00173564
0.99501183 0.00219216
0.99384417 0.00270017
0.99255466 0.00325895
0.99114363 0.00386773
0.98961141 0.00452565
0.98795838 0.00523182
0.98618496 0.00598526
0.98429158 0.00678497
0.98227871 0.00762988
0.98014684 0.00851889
0.97789651 0.00945084
0.97552826 0.01042455
0.97304268 0.01143879
0.97044038 0.01249233
0.96772202 0.01358389
0.96488824 0.01471218
0.96193977 0.01587587
0.95887731 0.01707366
0.95570164 0.01830421
0.95241353 0.01956618
0.94901379 0.02085824
0.94550326 0.02217905
0.94188282 0.02352730
0.93815334 0.02490165
0.93431576 0.02630082
0.93037101 0.02772351
0.92632008 0.02916845
0.92216396 0.03063440
0.91790368 0.03212014
0.91354029 0.03362446
0.90907486 0.03514620
0.90450850 0.03668422
0.89984233 0.03823740
0.89507751 0.03980468
0.89021520 0.04138499
0.88525662 0.04297732
0.88020298 0.04458069
0.87505553 0.04619415
0.86981555 0.04781676
0.86448431 0.04944764
0.85906315 0.05108592
0.85355339 0.05273076
0.84795640 0.05438134
0.84227355 0.05603689
0.83650626 0.05769663
0.83065593 0.05935980
0.82472402 0.06102568
0.81871199 0.06269353
0.81262133 0.06436266
0.80645353 0.06603234
0.80021011 0.06770189
0.79389263 0.06937060
0.78750263 0.07103777
0.78104169 0.07270268
0.77451141 0.07436462
0.76791340 0.07602286
0.76124928 0.07767665
0.75452071 0.07932521
0.74772933 0.08096777
0.74087684 0.08260351
0.73396491 0.08423158
0.72699525 0.08585111
0.71996958 0.08746121
0.71288965 0.08906092
0.70575718 0.09064927
0.69857395 0.09222525
0.69134172 0.09378781
0.68406228 0.09533584
0.67673742 0.09686822
0.66936896 0.09838377
0.66195871 0.09988127
0.65450850 0.10135946
0.64702016 0.10281705
0.63949555 0.10425270
0.63193652 0.10566504
0.62434494 0.10705266
0.61672268 0.10841411
0.60907162 0.10974794
0.60139365 0.11105263
0.59369066 0.11232667
0.58596455 0.11356852
0.57821723 0.11477661
0.57045062 0.11594939
0.56266662 0.11708526
0.55486716 0.11818266
0.54705416 0.11924000
0.53922955 0.12025571
0.53139526 0.12122824
0.52355323 0.12215604
0.51570538 0.12303761
0.50785366 0.12387145
0.50000000 0.12465612
0.49214634 0.12539021
0.48429462 0.12607235
0.47644677 0.12670123
0.46860474 0.12727559
0.46077045 0.12779426
0.45294584 0.12825610
0.44513284 0.12866006
0.43733338 0.12900518
0.42954938 0.12929055
0.42178277 0.12951539
0.41403545 0.12967896
0.40630934 0.12978066
0.39860635 0.12981996
0.39092838 0.12979644
0.38327732 0.12970978
0.37565506 0.12955976
0.36806348 0.12934627
0.36050445 0.12906931
0.35297984 0.12872897
0.34549150 0.12832548
0.33804129 0.12785916
0.33063104 0.12733042
0.32326258 0.12673981
0.31593772 0.12608795
0.30865828 0.12537560
0.30142605 0.12460358
0.29424282 0.12377283
0.28711035 0.12288439
0.28003042 0.12193938
0.27300475 0.12093899
0.26603509 0.11988453
0.25912316 0.11877735
0.25227067 0.11761889
0.24547929 0.11641066
0.23875072 0.11515423
0.23208660 0.11385121
0.22548859 0.11250329
0.21895831 0.11111218
0.21249737 0.10967963
0.20610737 0.10820744
0.19978989 0.10669742
0.19354647 0.10515141
0.18737867 0.10357126
0.18128801 0.10195882
0.17527598 0.10031595
0.16934407 0.09864452
0.16349374 0.09694636
0.15772645 0.09522331
0.15204360 0.09347718
0.14644661 0.09170976
0.14093685 0.08992279
0.13551569 0.08811800
0.13018445 0.08629707
0.12494447 0.08446164
0.11979702 0.08261328
0.11474338 0.08075355
0.10978480 0.07888393
0.10492249 0.07700583
0.10015767 0.07512064
0.09549150 0.07322964
0.09092514 0.07133409
0.08645971 0.06943515
0.08209632 0.06753394
0.07783604 0.06563150
0.07367992 0.06372880
0.06962899 0.06182675
0.06568424 0.05992617
0.06184666 0.05802785
0.05811718 0.05613247
0.05449674 0.05424067
0.05098621 0.05235302
0.04758647 0.05047002
0.04429836 0.04859210
0.04112269 0.04671964
0.03806023 0.04485295
0.03511176 0.04299230
0.03227798 0.04113787
0.02955962 0.03928982
0.02695732 0.03744824
0.02447174 0.03561316
0.02210349 0.03378458
0.01985316 0.03196246
0.01772129 0.03014669
0.01570842 0.02833715
0.01381504 0.02653365
0.01204162 0.02473600
0.01038859 0.02294394
0.00885637 0.02115720
0.00744534 0.01937548
0.00615583 0.01759846
0.00498817 0.01582578
0.00394265 0.01405707
0.00301952 0.01229193
0.00221902 0.01052995
0.00154133 0.00877072
0.00098664 0.00701378
0.00055506 0.00525870
0.00024672 0.00350502
0.00006168 0.00175228
0.00000000 0.00000000
0.00006168 -0.00065481
0.00024672 -0.00130802
0.00055506 -0.00195807
0.00098664 -0.00260336
0.00154133 -0.00324234
0.00221902 -0.00387345
0.00301952 -0.00449516
0.00394265 -0.00510596
0.00498817 -0.00570436
0.00615583 -0.00628891
0.00744534 -0.00685817
0.00885637 -0.00741078
0.01038859 -0.00794536
0.01204162 -0.00846062
0.01381504 -0.00895530
0.01570842 -0.00942817
0.01772129 -0.00987809
0.01985316 -0.01030394
0.02210349 -0.01070467
0.02447174 -0.01107929
0.02695732 -0.01142687
0.02955962 -0.01174655
0.03227798 -0.01203752
0.03511176 -0.01229906
0.03806023 -0.01253050
0.04112269 -0.01273126
0.04429836 -0.01290082
0.04758647 -0.01303874
0.05098621 -0.01314466
0.05449674 -0.01321828
0.05811718 -0.01325940
0.06184666 -0.01326788
0.06568424 -0.01324366
0.06962899 -0.01318677
0.07367992 -0.01309730
0.07783604 -0.01297544
0.08209632 -0.01282144
0.08645971 -0.01263562
0.09092514 -0.01241840
0.09549150 -0.01217025
0.10015767 -0.01189172
0.10492249 -0.01158344
0.10978480 -0.01124609
0.11474338 -0.01088042
0.11979702 -0.01048727
0.12494447 -0.01006750
0.13018445 -0.00962206
0.13551569 -0.00915194
0.14093685 -0.00865819
0.14644661 -0.00814190
0.15204360 -0.00760421
0.15772645 -0.00704631
0.16349374 -0.00646941
0.16934407 -0.00587478
0.17527598 -0.00526368
0.18128801 -0.00463743
0.18737867 -0.00399736
0.19354647 -0.00334482
0.19978989 -0.00268116
0.20610737 -0.00200775
0.21249737 -0.00132596
0.21895831 -0.00063717
0.22548859 0.00005727
0.23208660 0.00075601
0.23875072 0.00145769
0.24547929 0.00216099
0.25227067 0.00286463
0.25912316 0.00356732
0.26603509 0.00426781
0.27300475 0.00496491
0.28003042 0.00565744
0.28711035 0.00634427
0.29424282 0.00702431
0.30142605 0.00769652
0.30865828 0.00835992
0.31593772 0.00901356
0.32326258 0.00965657
0.33063104 0.01028813
0.33804129 0.01090745
0.34549150 0.01151384
0.35297984 0.01210665
0.36050445 0.01268528
0.36806348 0.01324923
0.37565506 0.01379802
0.38327732 0.01433126
0.39092838 0.01484861
0.39860635 0.01534979
0.40630934 0.01583458
0.41403545 0.01630282
0.42178277 0.01675440
0.42954938 0.01718928
0.43733338 0.01760746
0.44513284 0.01800899
0.45294584 0.01839397
0.46077045 0.01876254
0.46860474 0.01911488
0.47644677 0.01945123
0.48429462 0.01977182
0.49214634 0.02007695
0.50000000 0.02036692
0.50785366 0.02064208
0.51570538 0.02090277
0.52355323 0.02114936
0.53139526 0.02138223
0.53922955 0.02160177
0.54705416 0.02180835
0.55486716 0.02200236
0.56266662 0.02218419
0.57045062 0.02235420
0.57821723 0.02251275
0.58596455 0.02266018
0.59369066 0.02279681
0.60139365 0.02292295
0.60907162 0.02303886
0.61672268 0.02314480
0.62434494 0.02324097
0.63193652 0.02332756
0.63949555 0.02340472
0.64702016 0.02347256
0.65450850 0.02353116
0.66195871 0.02358055
0.66936896 0.02362075
0.67673742 0.02365170
0.68406228 0.02367334
0.69134172 0.02368555
0.69857395 0.02368819
0.70575718 0.02368108
0.71288965 0.02366399
0.71996958 0.02363669
0.72699525 0.02359889
0.73396491 0.02355031
0.74087684 0.02349061
0.74772933 0.02341945
0.75452071 0.02333647
0.76124928 0.02324131
0.76791340 0.02313358
0.77451141 0.02301290
0.78104169 0.02287888
0.78750263 0.02273115
0.79389263 0.02256933
0.80021011 0.02239307
0.80645353 0.02220203
0.81262133 0.02199589
0.81871199 0.02177437
0.82472402 0.02153721
0.83065593 0.02128419
0.83650626 0.02101514
0.84227355 0.02072991
0.84795640 0.02042843
0.85355339 0.02011067
0.85906315 0.01977665
0.86448431 0.01942646
0.86981555 0.01906025
0.87505553 0.01867823
0.88020298 0.01828068
0.88525662 0.01786796
0.89021520 0.01744049
0.89507751 0.01699876
0.89984233 0.01654334
0.90450850 0.01607488
0.90907486 0.01559408
0.91354029 0.01510174
0.91790368 0.01459871
0.92216396 0.01408592
0.92632008 0.01356437
0.93037101 0.01303512
0.93431576 0.01249928
0.93815334 0.01195805
0.94188282 0.01141266
0.94550326 0.01086439
0.94901379 0.01031459
0.95241353 0.00976463
0.95570164 0.00921593
0.95887731 0.00866992
0.96193977 0.00812808
0.96488824 0.00759190
0.96772202 0.00706288
0.97044038 0.00654253
0.97304268 0.00603236
0.97552826 0.00553388
0.97789651 0.00504856
0.98014684 0.00457789
0.98227871 0.00412330
0.98429158 0.00368621
0.98618496 0.00326799
0.98795838 0.00286995
0.98961141 0.00249337
0.99114363 0.00213947
0.99255466 0.00180939
0.99384417 0.00150422
0.99501183 0.00122494
0.99605735 0.00097250
0.99698048 0.00074773
0.99778098 0.00055137
0.99845867 0.00038408
0.99901336 0.00024644
0.99944494 0.00013890
0.99975328 0.00006182
0.99993832 0.00001547
1.00000000 0.00000000
