sample_274
1.00000000 0.00000000
0.99993832 0.00002702
0.99975328 0.00010802
0.99944494 0.00024291
0.99901336 0.00043149
0.99845867 0.00067349
0.99778098 0.00096858
0.99698048 0.00131635
0.99605735 0.00171631
0.99501183 0.00216791
0.99384417 0.00267053
0.99255466 0.00322347
0.99114363 0.00382599
0.98961141 0.00447725
0.98795838 0.00517639
0.98618496 0.00592245
0.98429158 0.00671444
0.98227871 0.00755132
0.98014684 0.00843197
0.97789651 0.00935525
0.97552826 0.01031996
0.97304268 0.01132487
0.97044038 0.01236869
0.96772202 0.01345012
0.96488824 0.01456780
0.96193977 0.01572037
0.95887731 0.01690641
0.95570164 0.01812451
0.95241353 0.01937322
0.94901379 0.02065108
0.94550326 0.02195661
0.94188282 0.02328834
0.93815334 0.02464477
0.93431576 0.02602442
0.93037101 0.02742578
0.92632008 0.02884737
0.92216396 0.03028772
0.91790368 0.03174533
0.91354029 0.03321876
0.90907486 0.03470655
0.90450850 0.03620728
0.89984233 0.03771953
0.89507751 0.03924192
0.89021520 0.04077309
0.88525662 0.04231170
0.88020298 0.04385645
0.87505553 0.04540605
0.86981555 0.04695927
0.86448431 0.04851490
0.85906315 0.05007176
0.85355339 0.05162871
0.84795640 0.05318466
0.84227355 0.05473855
0.83650626 0.05628936
0.83065593 0.05783611
0.82472402 0.05937786
0.81871199 0.06091372
0.81262133 0.06244283
0.80645353 0.06396437
0.80021011 0.06547759
0.79389263 0.06698174
0.78750263 0.06847613
0.78104169 0.06996013
0.77451141 0.07143311
0.76791340 0.07289451
0.76124928 0.07434379
0.75452071 0.07578045
0.74772933 0.07720403
0.74087684 0.07861410
0.73396491 0.08001027
0.72699525 0.08139215
0.71996958 0.08275942
0.71288965 0.08411175
0.70575718 0.08544886
0.69857395 0.08677048
0.69134172 0.08807635
0.68406228 0.08936624
0.67673742 0.09063993
0.66936896 0.09189722
0.66195871 0.09313790
0.65450850 0.09436178
0.64702016 0.09556868
0.63949555 0.09675841
0.63193652 0.09793076
0.62434494 0.09908557
0.61672268 0.10022261
0.60907162 0.10134168
0.60139365 0.10244255
0.59369066 0.10352500
0.58596455 0.10458875
0.57821723 0.10563353
0.57045062 0.10665905
0.56266662 0.10766498
0.55486716 0.10865097
0.54705416 0.10961664
0.53922955 0.11056157
0.53139526 0.11148534
0.52355323 0.11238747
0.51570538 0.11326744
0.50785366 0.11412471
0.50000000 0.11495870
0.49214634 0.11576879
0.48429462 0.11655434
0.47644677 0.11731464
0.46860474 0.11804897
0.46077045 0.11875657
0.45294584 0.11943663
0.44513284 0.12008832
0.43733338 0.12071077
0.42954938 0.12130309
0.42178277 0.12186435
0.41403545 0.12239358
0.40630934 0.12288982
0.39860635 0.12335205
0.39092838 0.12377925
0.38327732 0.12417039
0.37565506 0.12452441
0.36806348 0.12484024
0.36050445 0.12511684
0.35297984 0.12535311
0.34549150 0.12554801
0.33804129 0.12570046
0.33063104 0.12580942
0.32326258 0.12587385
0.31593772 0.12589275
0.30865828 0.12586512
0.30142605 0.12578999
0.29424282 0.12566646
0.28711035 0.12549362
0.28003042 0.12527063
0.27300475 0.12499670
0.26603509 0.12467106
0.25912316 0.12429304
0.25227067 0.12386199
0.24547929 0.12337734
0.23875072 0.12283860
0.23208660 0.12224532
0.22548859 0.12159714
0.21895831 0.12089378
0.21249737 0.12013503
0.20610737 0.11932074
0.19978989 0.11845089
0.19354647 0.11752550
0.18737867 0.11654468
0.18128801 0.11550865
0.17527598 0.11441768
0.16934407 0.11327215
0.16349374 0.11207251
0.15772645 0.11081929
0.15204360 0.10951313
0.14644661 0.10815470
0.14093685 0.10674480
0.13551569 0.10528426
0.13018445 0.10377401
0.12494447 0.10221504
0.11979702 0.10060841
0.11474338 0.09895522
0.10978480 0.09725665
0.10492249 0.09551394
0.10015767 0.09372834
0.09549150 0.09190118
0.09092514 0.09003381
0.08645971 0.08812763
0.08209632 0.08618404
0.07783604 0.08420448
0.07367992 0.08219041
0.06962899 0.08014330
0.06568424 0.07806461
0.06184666 0.07595583
0.05811718 0.07381842
0.05449674 0.07165385
0.05098621 0.06946356
0.04758647 0.06724897
0.04429836 0.06501151
0.04112269 0.06275253
0.03806023 0.06047340
0.03511176 0.05817542
0.03227798 0.05585987
0.02955962 0.05352799
0.02695732 0.05118095
0.02447174 0.04881991
0.02210349 0.04644597
0.01985316 0.04406017
0.01772129 0.04166352
0.01570842 0.03925696
0.01381504 0.03684139
0.01204162 0.03441766
0.01038859 0.03198658
0.00885637 0.02954889
0.00744534 0.02710530
0.00615583 0.02465648
0.00498817 0.02220305
0.00394265 0.01974558
0.00301952 0.01728463
0.00221902 0.01482069
0.00154133 0.01235427
0.00098664 0.00988580
0.00055506 0.00741573
0.00024672 0.00494447
0.00006168 0.00247243
0.00000000 0.00000000
0.00006168 -0.00107506
0.00024672 -0.00214863
0.00055506 -0.00321921
0.00098664 -0.00428531
0.00154133 -0.00534547
0.00221902 -0.00639822
0.00301952 -0.00744210
0.00394265 -0.00847568
0.00498817 -0.00949756
0.00615583 -0.01050633
0.00744534 -0.01150065
0.00885637 -0.01247917
0.01038859 -0.01344058
0.01204162 -0.01438363
0.01381504 -0.01530707
0.01570842 -0.01620971
0.01772129 -0.01709039
0.01985316 -0.01794800
0.02210349 -0.01878145
0.02447174 -0.01958973
0.02695732 -0.02037186
0.02955962 -0.02112690
0.03227798 -0.02185397
0.03511176 -0.02255224
0.03806023 -0.02322094
0.04112269 -0.02385933
0.04429836 -0.02446675
0.04758647 -0.02504257
0.05098621 -0.02558623
0.05449674 -0.02609722
0.05811718 -0.02657508
0.06184666 -0.02701942
0.06568424 -0.02742988
0.06962899 -0.02780617
0.07367992 -0.02814805
0.07783604 -0.02845534
0.08209632 -0.02872791
0.08645971 -0.02896567
0.09092514 -0.02916859
0.09549150 -0.02933668
0.10015767 -0.02947003
0.10492249 -0.02956873
0.10978480 -0.02963295
0.11474338 -0.02966289
0.11979702 -0.02965880
0.12494447 -0.02962097
0.13018445 -0.02954973
0.13551569 -0.02944543
0.14093685 -0.02930849
0.14644661 -0.02913934
0.15204360 -0.02893846
0.15772645 -0.02870634
0.16349374 -0.02844351
0.16934407 -0.02815054
0.17527598 -0.02782801
0.18128801 -0.02747653
0.18737867 -0.02709674
0.19354647 -0.02668928
0.19978989 -0.02625484
0.20610737 -0.02579410
0.21249737 -0.02530778
0.21895831 -0.02479660
0.22548859 -0.02426129
0.23208660 -0.02370262
0.23875072 -0.02312134
0.24547929 -0.02251823
0.25227067 -0.02189407
0.25912316 -0.02124966
0.26603509 -0.02058579
0.27300475 -0.01990328
0.28003042 -0.01920294
0.28711035 -0.01848558
0.29424282 -0.01775204
0.30142605 -0.01700315
0.30865828 -0.01623974
0.31593772 -0.01546265
0.32326258 -0.01467273
0.33063104 -0.01387082
0.33804129 -0.01305779
0.34549150 -0.01223447
0.35297984 -0.01140175
0.36050445 -0.01056047
0.36806348 -0.00971152
0.37565506 -0.00885576
0.38327732 -0.00799407
0.39092838 -0.00712733
0.39860635 -0.00625643
0.40630934 -0.00538225
0.41403545 -0.00450571
0.42178277 -0.00362768
0.42954938 -0.00274909
0.43733338 -0.00187083
0.44513284 -0.00099383
0.45294584 -0.00011900
0.46077045 0.00075274
0.46860474 0.00162047
0.47644677 0.00248324
0.48429462 0.00334014
0.49214634 0.00419023
0.50000000 0.00503256
0.50785366 0.00586621
0.51570538 0.00669024
0.52355323 0.00750370
0.53139526 0.00830568
0.53922955 0.00909522
0.54705416 0.00987142
0.55486716 0.01063335
0.56266662 0.01138008
0.57045062 0.01211073
0.57821723 0.01282439
0.58596455 0.01352019
0.59369066 0.01419724
0.60139365 0.01485470
0.60907162 0.01549174
0.61672268 0.01610754
0.62434494 0.01670129
0.63193652 0.01727224
0.63949555 0.01781964
0.64702016 0.01834278
0.65450850 0.01884095
0.66195871 0.01931352
0.66936896 0.01975986
0.67673742 0.02017939
0.68406228 0.02057157
0.69134172 0.02093589
0.69857395 0.02127189
0.70575718 0.02157915
0.71288965 0.02185731
0.71996958 0.02210605
0.72699525 0.02232509
0.73396491 0.02251421
0.74087684 0.02267326
0.74772933 0.02280211
0.75452071 0.02290071
0.76124928 0.02296906
0.76791340 0.02300721
0.77451141 0.02301529
0.78104169 0.02299347
0.78750263 0.02294198
0.79389263 0.02286111
0.80021011 0.02275122
0.80645353 0.02261272
0.81262133 0.02244608
0.81871199 0.02225184
0.82472402 0.02203057
0.83065593 0.02178293
0.83650626 0.02150961
0.84227355 0.02121138
0.84795640 0.02088904
0.85355339 0.02054347
0.85906315 0.02017556
0.86448431 0.01978629
0.86981555 0.01937665
0.87505553 0.01894772
0.88020298 0.01850057
0.88525662 0.01803635
0.89021520 0.01755623
0.89507751 0.01706142
0.89984233 0.01655315
0.90450850 0.01603270
0.90907486 0.01550136
0.91354029 0.01496045
0.91790368 0.01441130
0.92216396 0.01385527
0.92632008 0.01329373
0.93037101 0.01272806
0.93431576 0.01215965
0.93815334 0.01158988
0.94188282 0.01102014
0.94550326 0.01045183
0.94901379 0.00988632
0.95241353 0.00932499
0.95570164 0.00876921
0.95887731 0.00822030
0.96193977 0.00767961
0.96488824 0.00714843
0.96772202 0.00662805
0.97044038 0.00611971
0.97304268 0.00562465
0.97552826 0.00514404
0.97789651 0.00467904
0.98014684 0.00423076
0.98227871 0.00380028
0.98429158 0.00338861
0.98618496 0.00299675
0.98795838 0.00262563
0.98961141 0.00227613
0.99114363 0.00194908
0.99255466 0.00164526
0.99384417 0.00136539
0.99501183 0.00111013
0.99605735 0.00088009
0.99698048 0.00067582
0.99778098 0.00049780
0.99845867 0.00034645
0.99901336 0.00022212
0.99944494 0.00012512
0.99975328 0.00005566
0.99993832 0.00001393
1.00000000 0.00000000
