sample_183
1.00000000 0.00000000
0.99993832 0.00002672
0.99975328 0.00010686
0.99944494 0.00024033
0.99901336 0.00042699
0.99845867 0.00066663
0.99778098 0.00095900
0.99698048 0.00130379
0.99605735 0.00170062
0.99501183 0.00214910
0.99384417 0.00264873
0.99255466 0.00319900
0.99114363 0.00379933
0.98961141 0.00444912
0.98795838 0.00514769
0.98618496 0.00589433
0.98429158 0.00668830
0.98227871 0.00752881
0.98014684 0.00841502
0.97789651 0.00934608
0.97552826 0.01032110
0.97304268 0.01133914
0.97044038 0.01239926
0.96772202 0.01350047
0.96488824 0.01464177
0.96193977 0.01582215
0.95887731 0.01704055
0.95570164 0.01829592
0.95241353 0.01958718
0.94901379 0.02091326
0.94550326 0.02227305
0.94188282 0.02366546
0.93815334 0.02508938
0.93431576 0.02654369
0.93037101 0.02802729
0.92632008 0.02953905
0.92216396 0.03107787
0.91790368 0.03264263
0.91354029 0.03423223
0.90907486 0.03584556
0.90450850 0.03748152
0.89984233 0.03913901
0.89507751 0.04081696
0.89021520 0.04251428
0.88525662 0.04422990
0.88020298 0.04596275
0.87505553 0.04771177
0.86981555 0.04947591
0.86448431 0.05125411
0.85906315 0.05304535
0.85355339 0.05484857
0.84795640 0.05666275
0.84227355 0.05848686
0.83650626 0.06031986
0.83065593 0.06216073
0.82472402 0.06400844
0.81871199 0.06586195
0.81262133 0.06772024
0.80645353 0.06958226
0.80021011 0.07144697
0.79389263 0.07331330
0.78750263 0.07518021
0.78104169 0.07704662
0.77451141 0.07891143
0.76791340 0.08077356
0.76124928 0.08263189
0.75452071 0.08448528
0.74772933 0.08633260
0.74087684 0.08817267
0.73396491 0.09000431
0.72699525 0.09182632
0.71996958 0.09363748
0.71288965 0.09543655
0.70575718 0.09722225
0.69857395 0.09899330
0.69134172 0.10074840
0.68406228 0.10248623
0.67673742 0.10420543
0.66936896 0.10590465
0.66195871 0.10758249
0.65450850 0.10923758
0.64702016 0.11086849
0.63949555 0.11247379
0.63193652 0.11405206
0.62434494 0.11560184
0.61672268 0.11712169
0.60907162 0.11861015
0.60139365 0.12006576
0.59369066 0.12148706
0.58596455 0.12287261
0.57821723 0.12422096
0.57045062 0.12553068
0.56266662 0.12680035
0.55486716 0.12802857
0.54705416 0.12921397
0.53922955 0.13035519
0.53139526 0.13145090
0.52355323 0.13249982
0.51570538 0.13350070
0.50785366 0.13445231
0.50000000 0.13535350
0.49214634 0.13620313
0.48429462 0.13700014
0.47644677 0.13774351
0.46860474 0.13843228
0.46077045 0.13906554
0.45294584 0.13964247
0.44513284 0.14016230
0.43733338 0.14062431
0.42954938 0.14102789
0.42178277 0.14137246
0.41403545 0.14165756
0.40630934 0.14188276
0.39860635 0.14204774
0.39092838 0.14215224
0.38327732 0.14219609
0.37565506 0.14217918
0.36806348 0.14210150
0.36050445 0.14196311
0.35297984 0.14176415
0.34549150 0.14150481
0.33804129 0.14118540
0.33063104 0.14080627
0.32326258 0.14036786
0.31593772 0.13987066
0.30865828 0.13931524
0.30142605 0.13870223
0.29424282 0.13803233
0.28711035 0.13730630
0.28003042 0.13652493
0.27300475 0.13568908
0.26603509 0.13479967
0.25912316 0.13385763
0.25227067 0.13286397
0.24547929 0.13181970
0.23875072 0.13072590
0.23208660 0.12958363
0.22548859 0.12839403
0.21895831 0.12715821
0.21249737 0.12587733
0.20610737 0.12455254
0.19978989 0.12318502
0.19354647 0.12177593
0.18737867 0.12032646
0.18128801 0.11883776
0.17527598 0.11731102
0.16934407 0.11574737
0.16349374 0.11414798
0.15772645 0.11251396
0.15204360 0.11084642
0.14644661 0.10914647
0.14093685 0.10741516
0.13551569 0.10565355
0.13018445 0.10386265
0.12494447 0.10204346
0.11979702 0.10019694
0.11474338 0.09832404
0.10978480 0.09642566
0.10492249 0.09450268
0.10015767 0.09255595
0.09549150 0.09058629
0.09092514 0.08859448
0.08645971 0.08658130
0.08209632 0.08454748
0.07783604 0.08249372
0.07367992 0.08042070
0.06962899 0.07832909
0.06568424 0.07621951
0.06184666 0.07409257
0.05811718 0.07194888
0.05449674 0.06978900
0.05098621 0.06761349
0.04758647 0.06542288
0.04429836 0.06321772
0.04112269 0.06099851
0.03806023 0.05876576
0.03511176 0.05651997
0.03227798 0.05426164
0.02955962 0.05199126
0.02695732 0.04970930
0.02447174 0.04741625
0.02210349 0.04511261
0.01985316 0.04279884
0.01772129 0.04047545
0.01570842 0.03814291
0.01381504 0.03580173
0.01204162 0.03345241
0.01038859 0.03109544
0.00885637 0.02873134
0.00744534 0.02636063
0.00615583 0.02398382
0.00498817 0.02160146
0.00394265 0.01921407
0.00301952 0.01682219
0.00221902 0.01442637
0.00154133 0.01202717
0.00098664 0.00962514
0.00055506 0.00722085
0.00024672 0.00481485
0.00006168 0.00240771
0.00000000 0.00000000
0.00006168 -0.00083472
0.00024672 -0.00166820
0.00055506 -0.00249922
0.00098664 -0.00332654
0.00154133 -0.00414896
0.00221902 -0.00496524
0.00301952 -0.00577419
0.00394265 -0.00657460
0.00498817 -0.00736530
0.00615583 -0.00814512
0.00744534 -0.00891290
0.00885637 -0.00966751
0.01038859 -0.01040784
0.01204162 -0.01113280
0.01381504 -0.01184132
0.01570842 -0.01253237
0.01772129 -0.01320493
0.01985316 -0.01385803
0.02210349 -0.01449072
0.02447174 -0.01510209
0.02695732 -0.01569127
0.02955962 -0.01625744
0.03227798 -0.01679980
0.03511176 -0.01731761
0.03806023 -0.01781017
0.04112269 -0.01827683
0.04429836 -0.01871699
0.04758647 -0.01913012
0.05098621 -0.01951570
0.05449674 -0.01987332
0.05811718 -0.02020257
0.06184666 -0.02050316
0.06568424 -0.02077480
0.06962899 -0.02101729
0.07367992 -0.02123049
0.07783604 -0.02141432
0.08209632 -0.02156875
0.08645971 -0.02169383
0.09092514 -0.02178963
0.09549150 -0.02185634
0.10015767 -0.02189415
0.10492249 -0.02190334
0.10978480 -0.02188425
0.11474338 -0.02183724
0.11979702 -0.02176277
0.12494447 -0.02166131
0.13018445 -0.02153340
0.13551569 -0.02137961
0.14093685 -0.02120056
0.14644661 -0.02099691
0.15204360 -0.02076935
0.15772645 -0.02051861
0.16349374 -0.02024544
0.16934407 -0.01995063
0.17527598 -0.01963496
0.18128801 -0.01929926
0.18737867 -0.01894436
0.19354647 -0.01857109
0.19978989 -0.01818030
0.20610737 -0.01777284
0.21249737 -0.01734955
0.21895831 -0.01691127
0.22548859 -0.01645883
0.23208660 -0.01599305
0.23875072 -0.01551472
0.24547929 -0.01502463
0.25227067 -0.01452355
0.25912316 -0.01401221
0.26603509 -0.01349132
0.27300475 -0.01296157
0.28003042 -0.01242362
0.28711035 -0.01187809
0.29424282 -0.01132557
0.30142605 -0.01076664
0.30865828 -0.01020181
0.31593772 -0.00963161
0.32326258 -0.00905648
0.33063104 -0.00847687
0.33804129 -0.00789319
0.34549150 -0.00730583
0.35297984 -0.00671514
0.36050445 -0.00612145
0.36806348 -0.00552508
0.37565506 -0.00492632
0.38327732 -0.00432545
0.39092838 -0.00372273
0.39860635 -0.00311841
0.40630934 -0.00251275
0.41403545 -0.00190599
0.42178277 -0.00129836
0.42954938 -0.00069013
0.43733338 -0.00008155
0.44513284 0.00052712
0.45294584 0.00113561
0.46077045 0.00174361
0.46860474 0.00235081
0.47644677 0.00295688
0.48429462 0.00356145
0.49214634 0.00416413
0.50000000 0.00476451
0.50785366 0.00536214
0.51570538 0.00595654
0.52355323 0.00654719
0.53139526 0.00713354
0.53922955 0.00771501
0.54705416 0.00829099
0.55486716 0.00886082
0.56266662 0.00942381
0.57045062 0.00997925
0.57821723 0.01052639
0.58596455 0.01106446
0.59369066 0.01159265
0.60139365 0.01211014
0.60907162 0.01261609
0.61672268 0.01310963
0.62434494 0.01358988
0.63193652 0.01405597
0.63949555 0.01450701
0.64702016 0.01494210
0.65450850 0.01536037
0.66195871 0.01576092
0.66936896 0.01614292
0.67673742 0.01650550
0.68406228 0.01684785
0.69134172 0.01716917
0.69857395 0.01746872
0.70575718 0.01774577
0.71288965 0.01799965
0.71996958 0.01822972
0.72699525 0.01843541
0.73396491 0.01861620
0.74087684 0.01877164
0.74772933 0.01890131
0.75452071 0.01900490
0.76124928 0.01908215
0.76791340 0.01913286
0.77451141 0.01915692
0.78104169 0.01915430
0.78750263 0.01912503
0.79389263 0.01906924
0.80021011 0.01898713
0.80645353 0.01887896
0.81262133 0.01874509
0.81871199 0.01858597
0.82472402 0.01840208
0.83065593 0.01819403
0.83650626 0.01796246
0.84227355 0.01770810
0.84795640 0.01743174
0.85355339 0.01713425
0.85906315 0.01681653
0.86448431 0.01647957
0.86981555 0.01612439
0.87505553 0.01575207
0.88020298 0.01536373
0.88525662 0.01496053
0.89021520 0.01454366
0.89507751 0.01411435
0.89984233 0.01367385
0.90450850 0.01322343
0.90907486 0.01276438
0.91354029 0.01229799
0.91790368 0.01182556
0.92216396 0.01134841
0.92632008 0.01086782
0.93037101 0.01038509
0.93431576 0.00990150
0.93815334 0.00941832
0.94188282 0.00893680
0.94550326 0.00845814
0.94901379 0.00798356
0.95241353 0.00751421
0.95570164 0.00705123
0.95887731 0.00659572
0.96193977 0.00614875
0.96488824 0.00571133
0.96772202 0.00528446
0.97044038 0.00486908
0.97304268 0.00446608
0.97552826 0.00407633
0.97789651 0.00370063
0.98014684 0.00333977
0.98227871 0.00299446
0.98429158 0.00266538
0.98618496 0.00235318
0.98795838 0.00205844
0.98961141 0.00178172
0.99114363 0.00152352
0.99255466 0.00128432
0.99384417 0.00106452
0.99501183 0.00086453
0.99605735 0.00068468
0.99698048 0.00052529
0.99778098 0.00038661
0.99845867 0.00026888
0.99901336 0.00017229
0.99944494 0.00009701
0.99975328 0.00004314
0.99993832 0.00001079
1.00000000 0.00000000
