sample_1372
1.00000000 0.00000000
0.99993832 0.00002795
0.99975328 0.00011176
0.99944494 0.00025131
0.99901336 0.00044638
0.99845867 0.00069668
0.99778098 0.00100185
0.99698048 0.00136143
0.99605735 0.00177488
0.99501183 0.00224162
0.99384417 0.00276096
0.99255466 0.00333217
0.99114363 0.00395443
0.98961141 0.00462688
0.98795838 0.00534860
0.98618496 0.00611859
0.98429158 0.00693584
0.98227871 0.00779927
0.98014684 0.00870776
0.97789651 0.00966018
0.97552826 0.01065532
0.97304268 0.01169199
0.97044038 0.01276896
0.96772202 0.01388496
0.96488824 0.01503874
0.96193977 0.01622901
0.95887731 0.01745449
0.95570164 0.01871388
0.95241353 0.02000591
0.94901379 0.02132927
0.94550326 0.02268267
0.94188282 0.02406485
0.93815334 0.02547452
0.93431576 0.02691043
0.93037101 0.02837131
0.92632008 0.02985594
0.92216396 0.03136308
0.91790368 0.03289152
0.91354029 0.03444005
0.90907486 0.03600747
0.90450850 0.03759262
0.89984233 0.03919432
0.89507751 0.04081140
0.89021520 0.04244270
0.88525662 0.04408709
0.88020298 0.04574340
0.87505553 0.04741050
0.86981555 0.04908725
0.86448431 0.05077248
0.85906315 0.05246505
0.85355339 0.05416380
0.84795640 0.05586755
0.84227355 0.05757513
0.83650626 0.05928535
0.83065593 0.06099698
0.82472402 0.06270881
0.81871199 0.06441959
0.81262133 0.06612805
0.80645353 0.06783291
0.80021011 0.06953285
0.79389263 0.07122656
0.78750263 0.07291267
0.78104169 0.07458982
0.77451141 0.07625660
0.76791340 0.07791160
0.76124928 0.07955339
0.75452071 0.08118050
0.74772933 0.08279148
0.74087684 0.08438482
0.73396491 0.08595905
0.72699525 0.08751264
0.71996958 0.08904409
0.71288965 0.09055189
0.70575718 0.09203453
0.69857395 0.09349049
0.69134172 0.09491828
0.68406228 0.09631641
0.67673742 0.09768343
0.66936896 0.09901787
0.66195871 0.10031833
0.65450850 0.10158342
0.64702016 0.10281178
0.63949555 0.10400211
0.63193652 0.10515313
0.62434494 0.10626363
0.61672268 0.10733244
0.60907162 0.10835845
0.60139365 0.10934061
0.59369066 0.11027794
0.58596455 0.11116952
0.57821723 0.11201450
0.57045062 0.11281210
0.56266662 0.11356162
0.55486716 0.11426244
0.54705416 0.11491400
0.53922955 0.11551584
0.53139526 0.11606757
0.52355323 0.11656887
0.51570538 0.11701952
0.50785366 0.11741937
0.50000000 0.11776834
0.49214634 0.11806643
0.48429462 0.11831373
0.47644677 0.11851039
0.46860474 0.11865662
0.46077045 0.11875273
0.45294584 0.11879906
0.44513284 0.11879603
0.43733338 0.11874413
0.42954938 0.11864388
0.42178277 0.11849587
0.41403545 0.11830072
0.40630934 0.11805911
0.39860635 0.11777175
0.39092838 0.11743939
0.38327732 0.11706280
0.37565506 0.11664279
0.36806348 0.11618018
0.36050445 0.11567582
0.35297984 0.11513056
0.34549150 0.11454527
0.33804129 0.11392084
0.33063104 0.11325813
0.32326258 0.11255803
0.31593772 0.11182141
0.30865828 0.11104916
0.30142605 0.11024212
0.29424282 0.10940115
0.28711035 0.10852710
0.28003042 0.10762080
0.27300475 0.10668305
0.26603509 0.10571466
0.25912316 0.10471640
0.25227067 0.10368905
0.24547929 0.10263334
0.23875072 0.10155001
0.23208660 0.10043976
0.22548859 0.09930330
0.21895831 0.09814130
0.21249737 0.09695442
0.20610737 0.09574331
0.19978989 0.09450860
0.19354647 0.09325093
0.18737867 0.09197090
0.18128801 0.09066911
0.17527598 0.08934616
0.16934407 0.08800263
0.16349374 0.08663911
0.15772645 0.08525617
0.15204360 0.08385439
0.14644661 0.08243433
0.14093685 0.08099658
0.13551569 0.07954170
0.13018445 0.07807026
0.12494447 0.07658285
0.11979702 0.07508002
0.11474338 0.07356237
0.10978480 0.07203048
0.10492249 0.07048492
0.10015767 0.06892629
0.09549150 0.06735517
0.09092514 0.06577215
0.08645971 0.06417782
0.08209632 0.06257278
0.07783604 0.06095760
0.07367992 0.05933288
0.06962899 0.05769920
0.06568424 0.05605713
0.06184666 0.05440725
0.05811718 0.05275012
0.05449674 0.05108628
0.05098621 0.04941629
0.04758647 0.04774066
0.04429836 0.04605990
0.04112269 0.04437452
0.03806023 0.04268498
0.03511176 0.04099175
0.03227798 0.03929526
0.02955962 0.03759592
0.02695732 0.03589411
0.02447174 0.03419021
0.02210349 0.03248455
0.01985316 0.03077744
0.01772129 0.02906917
0.01570842 0.02735999
0.01381504 0.02565013
0.01204162 0.02393979
0.01038859 0.02222915
0.00885637 0.02051836
0.00744534 0.01880753
0.00615583 0.01709678
0.00498817 0.01538617
0.00394265 0.01367575
0.00301952 0.01196556
0.00221902 0.01025561
0.00154133 0.00854591
0.00098664 0.00683643
0.00055506 0.00512714
0.00024672 0.00341800
0.00006168 0.00170897
0.00000000 0.00000000
0.00006168 -0.00068218
0.00024672 -0.00136370
0.00055506 -0.00204389
0.00098664 -0.00272207
0.00154133 -0.00339757
0.00221902 -0.00406970
0.00301952 -0.00473775
0.00394265 -0.00540102
0.00498817 -0.00605876
0.00615583 -0.00671023
0.00744534 -0.00735465
0.00885637 -0.00799126
0.01038859 -0.00861922
0.01204162 -0.00923773
0.01381504 -0.00984593
0.01570842 -0.01044295
0.01772129 -0.01102792
0.01985316 -0.01159992
0.02210349 -0.01215806
0.02447174 -0.01270139
0.02695732 -0.01322897
0.02955962 -0.01373988
0.03227798 -0.01423315
0.03511176 -0.01470784
0.03806023 -0.01516300
0.04112269 -0.01559770
0.04429836 -0.01601102
0.04758647 -0.01640205
0.05098621 -0.01676990
0.05449674 -0.01711372
0.05811718 -0.01743269
0.06184666 -0.01772600
0.06568424 -0.01799293
0.06962899 -0.01823276
0.07367992 -0.01844486
0.07783604 -0.01862861
0.08209632 -0.01878350
0.08645971 -0.01890904
0.09092514 -0.01900485
0.09549150 -0.01907058
0.10015767 -0.01910598
0.10492249 -0.01911087
0.10978480 -0.01908514
0.11474338 -0.01902878
0.11979702 -0.01894184
0.12494447 -0.01882446
0.13018445 -0.01867687
0.13551569 -0.01849938
0.14093685 -0.01829237
0.14644661 -0.01805631
0.15204360 -0.01779174
0.15772645 -0.01749929
0.16349374 -0.01717964
0.16934407 -0.01683355
0.17527598 -0.01646186
0.18128801 -0.01606545
0.18737867 -0.01564526
0.19354647 -0.01520229
0.19978989 -0.01473758
0.20610737 -0.01425221
0.21249737 -0.01374729
0.21895831 -0.01322397
0.22548859 -0.01268342
0.23208660 -0.01212682
0.23875072 -0.01155537
0.24547929 -0.01097026
0.25227067 -0.01037269
0.25912316 -0.00976386
0.26603509 -0.00914494
0.27300475 -0.00851708
0.28003042 -0.00788144
0.28711035 -0.00723910
0.29424282 -0.00659116
0.30142605 -0.00593864
0.30865828 -0.00528254
0.31593772 -0.00462382
0.32326258 -0.00396338
0.33063104 -0.00330208
0.33804129 -0.00264074
0.34549150 -0.00198010
0.35297984 -0.00132087
0.36050445 -0.00066370
0.36806348 -0.00000920
0.37565506 0.00064209
0.38327732 0.00128968
0.39092838 0.00193310
0.39860635 0.00257196
0.40630934 0.00320589
0.41403545 0.00383458
0.42178277 0.00445774
0.42954938 0.00507511
0.43733338 0.00568648
0.44513284 0.00629165
0.45294584 0.00689044
0.46077045 0.00748270
0.46860474 0.00806827
0.47644677 0.00864702
0.48429462 0.00921880
0.49214634 0.00978348
0.50000000 0.01034091
0.50785366 0.01089093
0.51570538 0.01143337
0.52355323 0.01196805
0.53139526 0.01249474
0.53922955 0.01301323
0.54705416 0.01352324
0.55486716 0.01402448
0.56266662 0.01451662
0.57045062 0.01499932
0.57821723 0.01547218
0.58596455 0.01593477
0.59369066 0.01638663
0.60139365 0.01682727
0.60907162 0.01725616
0.61672268 0.01767274
0.62434494 0.01807642
0.63193652 0.01846658
0.63949555 0.01884258
0.64702016 0.01920375
0.65450850 0.01954940
0.66195871 0.01987885
0.66936896 0.02019137
0.67673742 0.02048625
0.68406228 0.02076279
0.69134172 0.02102026
0.69857395 0.02125796
0.70575718 0.02147521
0.71288965 0.02167132
0.71996958 0.02184566
0.72699525 0.02199761
0.73396491 0.02212659
0.74087684 0.02223206
0.74772933 0.02231352
0.75452071 0.02237053
0.76124928 0.02240269
0.76791340 0.02240967
0.77451141 0.02239120
0.78104169 0.02234708
0.78750263 0.02227717
0.79389263 0.02218140
0.80021011 0.02205978
0.80645353 0.02191241
0.81262133 0.02173945
0.81871199 0.02154113
0.82472402 0.02131778
0.83065593 0.02106980
0.83650626 0.02079767
0.84227355 0.02050195
0.84795640 0.02018327
0.85355339 0.01984235
0.85906315 0.01947995
0.86448431 0.01909694
0.86981555 0.01869423
0.87505553 0.01827281
0.88020298 0.01783371
0.88525662 0.01737805
0.89021520 0.01690696
0.89507751 0.01642164
0.89984233 0.01592335
0.90450850 0.01541336
0.90907486 0.01489298
0.91354029 0.01436355
0.91790368 0.01382644
0.92216396 0.01328304
0.92632008 0.01273473
0.93037101 0.01218294
0.93431576 0.01162905
0.93815334 0.01107449
0.94188282 0.01052066
0.94550326 0.00996894
0.94901379 0.00942071
0.95241353 0.00887734
0.95570164 0.00834015
0.95887731 0.00781046
0.96193977 0.00728955
0.96488824 0.00677866
0.96772202 0.00627901
0.97044038 0.00579177
0.97304268 0.00531807
0.97552826 0.00485900
0.97789651 0.00441561
0.98014684 0.00398889
0.98227871 0.00357981
0.98429158 0.00318926
0.98618496 0.00281810
0.98795838 0.00246713
0.98961141 0.00213710
0.99114363 0.00182871
0.99255466 0.00154261
0.99384417 0.00127940
0.99501183 0.00103962
0.99605735 0.00082377
0.99698048 0.00063228
0.99778098 0.00046553
0.99845867 0.00032388
0.99901336 0.00020759
0.99944494 0.00011691
0.99975328 0.00005200
0.99993832 0.00001301
1.00000000 0.00000000
