sample_1144
1.00000000 0.00000000
0.99993832 0.00002813
0.99975328 0.00011246
0.99944494 0.00025287
0.99901336 0.00044914
0.99845867 0.00070098
0.99778098 0.00100798
0.99698048 0.00136970
0.99605735 0.00178558
0.99501183 0.00225500
0.99384417 0.00277727
0.99255466 0.00335162
0.99114363 0.00397722
0.98961141 0.00465317
0.98795838 0.00537851
0.98618496 0.00615226
0.98429158 0.00697333
0.98227871 0.00784064
0.98014684 0.00875305
0.97789651 0.00970937
0.97552826 0.01070840
0.97304268 0.01174891
0.97044038 0.01282965
0.96772202 0.01394935
0.96488824 0.01510674
0.96193977 0.01630052
0.95887731 0.01752942
0.95570164 0.01879214
0.95241353 0.02008742
0.94901379 0.02141399
0.94550326 0.02277058
0.94188282 0.02415597
0.93815334 0.02556894
0.93431576 0.02700828
0.93037101 0.02847282
0.92632008 0.02996141
0.92216396 0.03147293
0.91790368 0.03300629
0.91354029 0.03456040
0.90907486 0.03613423
0.90450850 0.03772677
0.89984233 0.03933702
0.89507751 0.04096401
0.89021520 0.04260682
0.88525662 0.04426452
0.88020298 0.04593621
0.87505553 0.04762102
0.86981555 0.04931808
0.86448431 0.05102653
0.85906315 0.05274554
0.85355339 0.05447427
0.84795640 0.05621188
0.84227355 0.05795756
0.83650626 0.05971045
0.83065593 0.06146973
0.82472402 0.06323453
0.81871199 0.06500400
0.81262133 0.06677725
0.80645353 0.06855338
0.80021011 0.07033148
0.79389263 0.07211058
0.78750263 0.07388972
0.78104169 0.07566789
0.77451141 0.07744405
0.76791340 0.07921712
0.76124928 0.08098601
0.75452071 0.08274956
0.74772933 0.08450660
0.74087684 0.08625590
0.73396491 0.08799621
0.72699525 0.08972623
0.71996958 0.09144463
0.71288965 0.09315005
0.70575718 0.09484108
0.69857395 0.09651629
0.69134172 0.09817422
0.68406228 0.09981337
0.67673742 0.10143223
0.66936896 0.10302926
0.66195871 0.10460290
0.65450850 0.10615159
0.64702016 0.10767375
0.63949555 0.10916779
0.63193652 0.11063212
0.62434494 0.11206516
0.61672268 0.11346534
0.60907162 0.11483109
0.60139365 0.11616087
0.59369066 0.11745316
0.58596455 0.11870646
0.57821723 0.11991931
0.57045062 0.12109030
0.56266662 0.12221805
0.55486716 0.12330121
0.54705416 0.12433852
0.53922955 0.12532875
0.53139526 0.12627073
0.52355323 0.12716338
0.51570538 0.12800565
0.50785366 0.12879661
0.50000000 0.12953535
0.49214634 0.13022108
0.48429462 0.13085306
0.47644677 0.13143066
0.46860474 0.13195331
0.46077045 0.13242054
0.45294584 0.13283194
0.44513284 0.13318723
0.43733338 0.13348616
0.42954938 0.13372862
0.42178277 0.13391454
0.41403545 0.13404395
0.40630934 0.13411698
0.39860635 0.13413380
0.39092838 0.13409470
0.38327732 0.13400001
0.37565506 0.13385015
0.36806348 0.13364561
0.36050445 0.13338693
0.35297984 0.13307473
0.34549150 0.13270968
0.33804129 0.13229249
0.33063104 0.13182395
0.32326258 0.13130486
0.31593772 0.13073608
0.30865828 0.13011851
0.30142605 0.12945307
0.29424282 0.12874070
0.28711035 0.12798239
0.28003042 0.12717911
0.27300475 0.12633188
0.26603509 0.12544169
0.25912316 0.12450957
0.25227067 0.12353653
0.24547929 0.12252357
0.23875072 0.12147169
0.23208660 0.12038189
0.22548859 0.11925514
0.21895831 0.11809240
0.21249737 0.11689460
0.20610737 0.11566264
0.19978989 0.11439742
0.19354647 0.11309980
0.18737867 0.11177059
0.18128801 0.11041061
0.17527598 0.10902060
0.16934407 0.10760130
0.16349374 0.10615341
0.15772645 0.10467760
0.15204360 0.10317448
0.14644661 0.10164466
0.14093685 0.10008870
0.13551569 0.09850713
0.13018445 0.09690045
0.12494447 0.09526913
0.11979702 0.09361361
0.11474338 0.09193432
0.10978480 0.09023163
0.10492249 0.08850591
0.10015767 0.08675753
0.09549150 0.08498680
0.09092514 0.08319406
0.08645971 0.08137958
0.08209632 0.07954369
0.07783604 0.07768665
0.07367992 0.07580874
0.06962899 0.07391026
0.06568424 0.07199148
0.06184666 0.07005268
0.05811718 0.06809415
0.05449674 0.06611619
0.05098621 0.06411910
0.04758647 0.06210321
0.04429836 0.06006885
0.04112269 0.05801637
0.03806023 0.05594615
0.03511176 0.05385857
0.03227798 0.05175406
0.02955962 0.04963304
0.02695732 0.04749597
0.02447174 0.04534336
0.02210349 0.04317570
0.01985316 0.04099353
0.01772129 0.03879743
0.01570842 0.03658798
0.01381504 0.03436580
0.01204162 0.03213154
0.01038859 0.02988588
0.00885637 0.02762950
0.00744534 0.02536313
0.00615583 0.02308751
0.00498817 0.02080342
0.00394265 0.01851162
0.00301952 0.01621294
0.00221902 0.01390819
0.00154133 0.01159821
0.00098664 0.00928385
0.00055506 0.00696598
0.00024672 0.00464546
0.00006168 0.00232317
0.00000000 0.00000000
0.00006168 -0.00033304
0.00024672 -0.00066651
0.00055506 -0.00100083
0.00098664 -0.00133642
0.00154133 -0.00167365
0.00221902 -0.00201290
0.00301952 -0.00235448
0.00394265 -0.00269867
0.00498817 -0.00304571
0.00615583 -0.00339577
0.00744534 -0.00374898
0.00885637 -0.00410541
0.01038859 -0.00446503
0.01204162 -0.00482778
0.01381504 -0.00519350
0.01570842 -0.00556197
0.01772129 -0.00593289
0.01985316 -0.00630589
0.02210349 -0.00668050
0.02447174 -0.00705621
0.02695732 -0.00743241
0.02955962 -0.00780843
0.03227798 -0.00818352
0.03511176 -0.00855689
0.03806023 -0.00892765
0.04112269 -0.00929489
0.04429836 -0.00965763
0.04758647 -0.01001486
0.05098621 -0.01036552
0.05449674 -0.01070852
0.05811718 -0.01104275
0.06184666 -0.01136707
0.06568424 -0.01168036
0.06962899 -0.01198146
0.07367992 -0.01226925
0.07783604 -0.01254261
0.08209632 -0.01280043
0.08645971 -0.01304164
0.09092514 -0.01326522
0.09549150 -0.01347018
0.10015767 -0.01365558
0.10492249 -0.01382054
0.10978480 -0.01396426
0.11474338 -0.01408597
0.11979702 -0.01418503
0.12494447 -0.01426084
0.13018445 -0.01431289
0.13551569 -0.01434078
0.14093685 -0.01434416
0.14644661 -0.01432282
0.15204360 -0.01427660
0.15772645 -0.01420547
0.16349374 -0.01410948
0.16934407 -0.01398876
0.17527598 -0.01384357
0.18128801 -0.01367422
0.18737867 -0.01348113
0.19354647 -0.01326480
0.19978989 -0.01302583
0.20610737 -0.01276485
0.21249737 -0.01248262
0.21895831 -0.01217991
0.22548859 -0.01185760
0.23208660 -0.01151659
0.23875072 -0.01115785
0.24547929 -0.01078237
0.25227067 -0.01039118
0.25912316 -0.00998535
0.26603509 -0.00956595
0.27300475 -0.00913409
0.28003042 -0.00869085
0.28711035 -0.00823733
0.29424282 -0.00777461
0.30142605 -0.00730377
0.30865828 -0.00682586
0.31593772 -0.00634189
0.32326258 -0.00585284
0.33063104 -0.00535967
0.33804129 -0.00486328
0.34549150 -0.00436452
0.35297984 -0.00386419
0.36050445 -0.00336304
0.36806348 -0.00286176
0.37565506 -0.00236097
0.38327732 -0.00186125
0.39092838 -0.00136310
0.39860635 -0.00086696
0.40630934 -0.00037321
0.41403545 0.00011782
0.42178277 0.00060587
0.42954938 0.00109075
0.43733338 0.00157229
0.44513284 0.00205040
0.45294584 0.00252502
0.46077045 0.00299616
0.46860474 0.00346382
0.47644677 0.00392808
0.48429462 0.00438903
0.49214634 0.00484678
0.50000000 0.00530145
0.50785366 0.00575319
0.51570538 0.00620215
0.52355323 0.00664848
0.53139526 0.00709230
0.53922955 0.00753376
0.54705416 0.00797296
0.55486716 0.00840998
0.56266662 0.00884489
0.57045062 0.00927772
0.57821723 0.00970844
0.58596455 0.01013701
0.59369066 0.01056332
0.60139365 0.01098723
0.60907162 0.01140853
0.61672268 0.01182697
0.62434494 0.01224223
0.63193652 0.01265394
0.63949555 0.01306169
0.64702016 0.01346497
0.65450850 0.01386325
0.66195871 0.01425592
0.66936896 0.01464233
0.67673742 0.01502178
0.68406228 0.01539349
0.69134172 0.01575667
0.69857395 0.01611047
0.70575718 0.01645401
0.71288965 0.01678635
0.71996958 0.01710655
0.72699525 0.01741363
0.73396491 0.01770661
0.74087684 0.01798449
0.74772933 0.01824625
0.75452071 0.01849089
0.76124928 0.01871741
0.76791340 0.01892483
0.77451141 0.01911220
0.78104169 0.01927858
0.78750263 0.01942308
0.79389263 0.01954485
0.80021011 0.01964309
0.80645353 0.01971705
0.81262133 0.01976605
0.81871199 0.01978948
0.82472402 0.01978679
0.83065593 0.01975754
0.83650626 0.01970134
0.84227355 0.01961790
0.84795640 0.01950704
0.85355339 0.01936866
0.85906315 0.01920276
0.86448431 0.01900944
0.86981555 0.01878892
0.87505553 0.01854150
0.88020298 0.01826762
0.88525662 0.01796780
0.89021520 0.01764267
0.89507751 0.01729298
0.89984233 0.01691957
0.90450850 0.01652340
0.90907486 0.01610549
0.91354029 0.01566701
0.91790368 0.01520919
0.92216396 0.01473335
0.92632008 0.01424091
0.93037101 0.01373336
0.93431576 0.01321225
0.93815334 0.01267924
0.94188282 0.01213600
0.94550326 0.01158429
0.94901379 0.01102592
0.95241353 0.01046272
0.95570164 0.00989656
0.95887731 0.00932936
0.96193977 0.00876302
0.96488824 0.00819950
0.96772202 0.00764071
0.97044038 0.00708860
0.97304268 0.00654509
0.97552826 0.00601207
0.97789651 0.00549142
0.98014684 0.00498497
0.98227871 0.00449453
0.98429158 0.00402183
0.98618496 0.00356856
0.98795838 0.00313635
0.98961141 0.00272673
0.99114363 0.00234120
0.99255466 0.00198113
0.99384417 0.00164783
0.99501183 0.00134250
0.99605735 0.00106626
0.99698048 0.00082009
0.99778098 0.00060491
0.99845867 0.00042149
0.99901336 0.00027049
0.99944494 0.00015248
0.99975328 0.00006787
0.99993832 0.00001699
1.00000000 0.00000000
