sample_1346
1.00000000 0.00000000
0.99993832 0.00002269
0.99975328 0.00009073
0.99944494 0.00020407
0.99901336 0.00036262
0.99845867 0.00056625
0.99778098 0.00081482
0.99698048 0.00110811
0.99605735 0.00144591
0.99501183 0.00182796
0.99384417 0.00225394
0.99255466 0.00272354
0.99114363 0.00323639
0.98961141 0.00379209
0.98795838 0.00439022
0.98618496 0.00503031
0.98429158 0.00571188
0.98227871 0.00643441
0.98014684 0.00719735
0.97789651 0.00800012
0.97552826 0.00884212
0.97304268 0.00972271
0.97044038 0.01064125
0.96772202 0.01159705
0.96488824 0.01258940
0.96193977 0.01361758
0.95887731 0.01468084
0.95570164 0.01577840
0.95241353 0.01690948
0.94901379 0.01807326
0.94550326 0.01926892
0.94188282 0.02049562
0.93815334 0.02175248
0.93431576 0.02303863
0.93037101 0.02435319
0.92632008 0.02569525
0.92216396 0.02706389
0.91790368 0.02845818
0.91354029 0.02987718
0.90907486 0.03131995
0.90450850 0.03278552
0.89984233 0.03427293
0.89507751 0.03578120
0.89021520 0.03730935
0.88525662 0.03885638
0.88020298 0.04042130
0.87505553 0.04200311
0.86981555 0.04360079
0.86448431 0.04521334
0.85906315 0.04683972
0.85355339 0.04847893
0.84795640 0.05012991
0.84227355 0.05179165
0.83650626 0.05346309
0.83065593 0.05514320
0.82472402 0.05683092
0.81871199 0.05852519
0.81262133 0.06022496
0.80645353 0.06192915
0.80021011 0.06363669
0.79389263 0.06534651
0.78750263 0.06705751
0.78104169 0.06876861
0.77451141 0.07047870
0.76791340 0.07218668
0.76124928 0.07389143
0.75452071 0.07559183
0.74772933 0.07728675
0.74087684 0.07897505
0.73396491 0.08065559
0.72699525 0.08232722
0.71996958 0.08398877
0.71288965 0.08563907
0.70575718 0.08727694
0.69857395 0.08890121
0.69134172 0.09051067
0.68406228 0.09210413
0.67673742 0.09368040
0.66936896 0.09523824
0.66195871 0.09677647
0.65450850 0.09829385
0.64702016 0.09978916
0.63949555 0.10126120
0.63193652 0.10270872
0.62434494 0.10413053
0.61672268 0.10552540
0.60907162 0.10689211
0.60139365 0.10822946
0.59369066 0.10953627
0.58596455 0.11081132
0.57821723 0.11205346
0.57045062 0.11326152
0.56266662 0.11443435
0.55486716 0.11557083
0.54705416 0.11666985
0.53922955 0.11773033
0.53139526 0.11875121
0.52355323 0.11973146
0.51570538 0.12067007
0.50785366 0.12156609
0.50000000 0.12241857
0.49214634 0.12322662
0.48429462 0.12398939
0.47644677 0.12470604
0.46860474 0.12537582
0.46077045 0.12599800
0.45294584 0.12657188
0.44513284 0.12709685
0.43733338 0.12757231
0.42954938 0.12799773
0.42178277 0.12837264
0.41403545 0.12869662
0.40630934 0.12896928
0.39860635 0.12919033
0.39092838 0.12935949
0.38327732 0.12947657
0.37565506 0.12954142
0.36806348 0.12955396
0.36050445 0.12951415
0.35297984 0.12942201
0.34549150 0.12927762
0.33804129 0.12908111
0.33063104 0.12883267
0.32326258 0.12853254
0.31593772 0.12818099
0.30865828 0.12777836
0.30142605 0.12732504
0.29424282 0.12682145
0.28711035 0.12626805
0.28003042 0.12566536
0.27300475 0.12501392
0.26603509 0.12431431
0.25912316 0.12356715
0.25227067 0.12277308
0.24547929 0.12193277
0.23875072 0.12104692
0.23208660 0.12011625
0.22548859 0.11914149
0.21895831 0.11812339
0.21249737 0.11706274
0.20610737 0.11596029
0.19978989 0.11481685
0.19354647 0.11363320
0.18737867 0.11241015
0.18128801 0.11114848
0.17527598 0.10984900
0.16934407 0.10851250
0.16349374 0.10713978
0.15772645 0.10573160
0.15204360 0.10428876
0.14644661 0.10281202
0.14093685 0.10130212
0.13551569 0.09975982
0.13018445 0.09818584
0.12494447 0.09658091
0.11979702 0.09494572
0.11474338 0.09328097
0.10978480 0.09158734
0.10492249 0.08986548
0.10015767 0.08811604
0.09549150 0.08633967
0.09092514 0.08453698
0.08645971 0.08270859
0.08209632 0.08085509
0.07783604 0.07897708
0.07367992 0.07707514
0.06962899 0.07514984
0.06568424 0.07320174
0.06184666 0.07123141
0.05811718 0.06923941
0.05449674 0.06722629
0.05098621 0.06519261
0.04758647 0.06313892
0.04429836 0.06106578
0.04112269 0.05897375
0.03806023 0.05686339
0.03511176 0.05473527
0.03227798 0.05258997
0.02955962 0.05042808
0.02695732 0.04825020
0.02447174 0.04605692
0.02210349 0.04384886
0.01985316 0.04162666
0.01772129 0.03939095
0.01570842 0.03714239
0.01381504 0.03488165
0.01204162 0.03260940
0.01038859 0.03032633
0.00885637 0.02803316
0.00744534 0.02573061
0.00615583 0.02341940
0.00498817 0.02110028
0.00394265 0.01877401
0.00301952 0.01644135
0.00221902 0.01410307
0.00154133 0.01175997
0.00098664 0.00941284
0.00055506 0.00706247
0.00024672 0.00470966
0.00006168 0.00235524
0.00000000 0.00000000
0.00006168 -0.00072636
0.00024672 -0.00145079
0.00055506 -0.00217140
0.00098664 -0.00288627
0.00154133 -0.00359352
0.00221902 -0.00429130
0.00301952 -0.00497777
0.00394265 -0.00565116
0.00498817 -0.00630971
0.00615583 -0.00695172
0.00744534 -0.00757555
0.00885637 -0.00817961
0.01038859 -0.00876237
0.01204162 -0.00932237
0.01381504 -0.00985824
0.01570842 -0.01036866
0.01772129 -0.01085241
0.01985316 -0.01130832
0.02210349 -0.01173535
0.02447174 -0.01213251
0.02695732 -0.01249892
0.02955962 -0.01283380
0.03227798 -0.01313643
0.03511176 -0.01340621
0.03806023 -0.01364263
0.04112269 -0.01384529
0.04429836 -0.01401385
0.04758647 -0.01414808
0.05098621 -0.01424787
0.05449674 -0.01431317
0.05811718 -0.01434403
0.06184666 -0.01434059
0.06568424 -0.01430308
0.06962899 -0.01423182
0.07367992 -0.01412721
0.07783604 -0.01398972
0.08209632 -0.01381990
0.08645971 -0.01361838
0.09092514 -0.01338587
0.09549150 -0.01312312
0.10015767 -0.01283095
0.10492249 -0.01251027
0.10978480 -0.01216201
0.11474338 -0.01178715
0.11979702 -0.01138674
0.12494447 -0.01096186
0.13018445 -0.01051363
0.13551569 -0.01004321
0.14093685 -0.00955177
0.14644661 -0.00904053
0.15204360 -0.00851072
0.15772645 -0.00796360
0.16349374 -0.00740042
0.16934407 -0.00682246
0.17527598 -0.00623100
0.18128801 -0.00562733
0.18737867 -0.00501272
0.19354647 -0.00438847
0.19978989 -0.00375583
0.20610737 -0.00311606
0.21249737 -0.00247042
0.21895831 -0.00182014
0.22548859 -0.00116642
0.23208660 -0.00051045
0.23875072 0.00014660
0.24547929 0.00080360
0.25227067 0.00145943
0.25912316 0.00211302
0.26603509 0.00276331
0.27300475 0.00340930
0.28003042 0.00405001
0.28711035 0.00468450
0.29424282 0.00531186
0.30142605 0.00593122
0.30865828 0.00654178
0.31593772 0.00714273
0.32326258 0.00773333
0.33063104 0.00831289
0.33804129 0.00888074
0.34549150 0.00943626
0.35297984 0.00997888
0.36050445 0.01050807
0.36806348 0.01102332
0.37565506 0.01152420
0.38327732 0.01201029
0.39092838 0.01248122
0.39860635 0.01293666
0.40630934 0.01337634
0.41403545 0.01379999
0.42178277 0.01420742
0.42954938 0.01459844
0.43733338 0.01497293
0.44513284 0.01533078
0.45294584 0.01567192
0.46077045 0.01599632
0.46860474 0.01630398
0.47644677 0.01659493
0.48429462 0.01686923
0.49214634 0.01712696
0.50000000 0.01736823
0.50785366 0.01759319
0.51570538 0.01780198
0.52355323 0.01799479
0.53139526 0.01817181
0.53922955 0.01833327
0.54705416 0.01847940
0.55486716 0.01861044
0.56266662 0.01872666
0.57045062 0.01882832
0.57821723 0.01891570
0.58596455 0.01898910
0.59369066 0.01904879
0.60139365 0.01909508
0.60907162 0.01912826
0.61672268 0.01914864
0.62434494 0.01915650
0.63193652 0.01915215
0.63949555 0.01913586
0.64702016 0.01910794
0.65450850 0.01906865
0.66195871 0.01901827
0.66936896 0.01895706
0.67673742 0.01888527
0.68406228 0.01880315
0.69134172 0.01871092
0.69857395 0.01860882
0.70575718 0.01849704
0.71288965 0.01837579
0.71996958 0.01824525
0.72699525 0.01810560
0.73396491 0.01795700
0.74087684 0.01779961
0.74772933 0.01763355
0.75452071 0.01745898
0.76124928 0.01727600
0.76791340 0.01708473
0.77451141 0.01688529
0.78104169 0.01667777
0.78750263 0.01646228
0.79389263 0.01623891
0.80021011 0.01600775
0.80645353 0.01576890
0.81262133 0.01552246
0.81871199 0.01526853
0.82472402 0.01500721
0.83065593 0.01473863
0.83650626 0.01446290
0.84227355 0.01418016
0.84795640 0.01389056
0.85355339 0.01359427
0.85906315 0.01329146
0.86448431 0.01298233
0.86981555 0.01266710
0.87505553 0.01234602
0.88020298 0.01201933
0.88525662 0.01168734
0.89021520 0.01135035
0.89507751 0.01100870
0.89984233 0.01066276
0.90450850 0.01031291
0.90907486 0.00995957
0.91354029 0.00960320
0.91790368 0.00924427
0.92216396 0.00888328
0.92632008 0.00852076
0.93037101 0.00815727
0.93431576 0.00779339
0.93815334 0.00742973
0.94188282 0.00706691
0.94550326 0.00670560
0.94901379 0.00634645
0.95241353 0.00599017
0.95570164 0.00563745
0.95887731 0.00528902
0.96193977 0.00494560
0.96488824 0.00460793
0.96772202 0.00427676
0.97044038 0.00395283
0.97304268 0.00363689
0.97552826 0.00332968
0.97789651 0.00303194
0.98014684 0.00274439
0.98227871 0.00246775
0.98429158 0.00220271
0.98618496 0.00194996
0.98795838 0.00171014
0.98961141 0.00148389
0.99114363 0.00127180
0.99255466 0.00107446
0.99384417 0.00089238
0.99501183 0.00072608
0.99605735 0.00057600
0.99698048 0.00044257
0.99778098 0.00032616
0.99845867 0.00022709
0.99901336 0.00014565
0.99944494 0.00008207
0.99975328 0.00003652
0.99993832 0.00000914
1.00000000 0.00000000
