sample_723
1.00000000 0.00000000
0.99993832 0.00002866
0.99975328 0.00011462
0.99944494 0.00025776
0.99901336 0.00045791
0.99845867 0.00071482
0.99778098 0.00102819
0.99698048 0.00139763
0.99605735 0.00182271
0.99501183 0.00230290
0.99384417 0.00283763
0.99255466 0.00342627
0.99114363 0.00406812
0.98961141 0.00476243
0.98795838 0.00550839
0.98618496 0.00630514
0.98429158 0.00715177
0.98227871 0.00804732
0.98014684 0.00899078
0.97789651 0.00998111
0.97552826 0.01101721
0.97304268 0.01209798
0.97044038 0.01322225
0.96772202 0.01438883
0.96488824 0.01559651
0.96193977 0.01684406
0.95887731 0.01813020
0.95570164 0.01945367
0.95241353 0.02081317
0.94901379 0.02220738
0.94550326 0.02363500
0.94188282 0.02509470
0.93815334 0.02658515
0.93431576 0.02810501
0.93037101 0.02965296
0.92632008 0.03122766
0.92216396 0.03282779
0.91790368 0.03445204
0.91354029 0.03609908
0.90907486 0.03776762
0.90450850 0.03945637
0.89984233 0.04116405
0.89507751 0.04288940
0.89021520 0.04463117
0.88525662 0.04638811
0.88020298 0.04815902
0.87505553 0.04994269
0.86981555 0.05173793
0.86448431 0.05354358
0.85906315 0.05535848
0.85355339 0.05718149
0.84795640 0.05901150
0.84227355 0.06084739
0.83650626 0.06268808
0.83065593 0.06453249
0.82472402 0.06637955
0.81871199 0.06822821
0.81262133 0.07007742
0.80645353 0.07192615
0.80021011 0.07377338
0.79389263 0.07561809
0.78750263 0.07745925
0.78104169 0.07929587
0.77451141 0.08112692
0.76791340 0.08295141
0.76124928 0.08476832
0.75452071 0.08657663
0.74772933 0.08837533
0.74087684 0.09016339
0.73396491 0.09193978
0.72699525 0.09370346
0.71996958 0.09545338
0.71288965 0.09718847
0.70575718 0.09890766
0.69857395 0.10060984
0.69134172 0.10229393
0.68406228 0.10395878
0.67673742 0.10560326
0.66936896 0.10722622
0.66195871 0.10882647
0.65450850 0.11040281
0.64702016 0.11195404
0.63949555 0.11347891
0.63193652 0.11497617
0.62434494 0.11644456
0.61672268 0.11788278
0.60907162 0.11928952
0.60139365 0.12066346
0.59369066 0.12200326
0.58596455 0.12330756
0.57821723 0.12457501
0.57045062 0.12580422
0.56266662 0.12699381
0.55486716 0.12814239
0.54705416 0.12924855
0.53922955 0.13031091
0.53139526 0.13132806
0.52355323 0.13229860
0.51570538 0.13322116
0.50785366 0.13409436
0.50000000 0.13491682
0.49214634 0.13568721
0.48429462 0.13640419
0.47644677 0.13706647
0.46860474 0.13767278
0.46077045 0.13822186
0.45294584 0.13871253
0.44513284 0.13914362
0.43733338 0.13951401
0.42954938 0.13982263
0.42178277 0.14006847
0.41403545 0.14025058
0.40630934 0.14036806
0.39860635 0.14042009
0.39092838 0.14040592
0.38327732 0.14032486
0.37565506 0.14017632
0.36806348 0.13995979
0.36050445 0.13967483
0.35297984 0.13932111
0.34549150 0.13889838
0.33804129 0.13840651
0.33063104 0.13784545
0.32326258 0.13721526
0.31593772 0.13651610
0.30865828 0.13574825
0.30142605 0.13491210
0.29424282 0.13400813
0.28711035 0.13303695
0.28003042 0.13199930
0.27300475 0.13089600
0.26603509 0.12972801
0.25912316 0.12849639
0.25227067 0.12720231
0.24547929 0.12584707
0.23875072 0.12443206
0.23208660 0.12295879
0.22548859 0.12142888
0.21895831 0.11984404
0.21249737 0.11820607
0.20610737 0.11651691
0.19978989 0.11477853
0.19354647 0.11299303
0.18737867 0.11116257
0.18128801 0.10928941
0.17527598 0.10737584
0.16934407 0.10542424
0.16349374 0.10343705
0.15772645 0.10141675
0.15204360 0.09936585
0.14644661 0.09728692
0.14093685 0.09518254
0.13551569 0.09305530
0.13018445 0.09090783
0.12494447 0.08874274
0.11979702 0.08656263
0.11474338 0.08437009
0.10978480 0.08216769
0.10492249 0.07995797
0.10015767 0.07774342
0.09549150 0.07552648
0.09092514 0.07330953
0.08645971 0.07109490
0.08209632 0.06888482
0.07783604 0.06668145
0.07367992 0.06448687
0.06962899 0.06230304
0.06568424 0.06013183
0.06184666 0.05797499
0.05811718 0.05583417
0.05449674 0.05371087
0.05098621 0.05160648
0.04758647 0.04952226
0.04429836 0.04745931
0.04112269 0.04541862
0.03806023 0.04340102
0.03511176 0.04140720
0.03227798 0.03943769
0.02955962 0.03749288
0.02695732 0.03557302
0.02447174 0.03367820
0.02210349 0.03180837
0.01985316 0.02996333
0.01772129 0.02814273
0.01570842 0.02634609
0.01381504 0.02457279
0.01204162 0.02282209
0.01038859 0.02109309
0.00885637 0.01938480
0.00744534 0.01769610
0.00615583 0.01602577
0.00498817 0.01437247
0.00394265 0.01273478
0.00301952 0.01111119
0.00221902 0.00950012
0.00154133 0.00789990
0.00098664 0.00630882
0.00055506 0.00472511
0.00024672 0.00314696
0.00006168 0.00157255
0.00000000 0.00000000
0.00006168 -0.00116119
0.00024672 -0.00231980
0.00055506 -0.00347327
0.00098664 -0.00461906
0.00154133 -0.00575464
0.00221902 -0.00687752
0.00301952 -0.00798525
0.00394265 -0.00907542
0.00498817 -0.01014571
0.00615583 -0.01119381
0.00744534 -0.01221752
0.00885637 -0.01321470
0.01038859 -0.01418330
0.01204162 -0.01512136
0.01381504 -0.01602699
0.01570842 -0.01689844
0.01772129 -0.01773403
0.01985316 -0.01853221
0.02210349 -0.01929151
0.02447174 -0.02001061
0.02695732 -0.02068828
0.02955962 -0.02132343
0.03227798 -0.02191507
0.03511176 -0.02246234
0.03806023 -0.02296450
0.04112269 -0.02342094
0.04429836 -0.02383116
0.04758647 -0.02419479
0.05098621 -0.02451158
0.05449674 -0.02478138
0.05811718 -0.02500417
0.06184666 -0.02518005
0.06568424 -0.02530922
0.06962899 -0.02539198
0.07367992 -0.02542875
0.07783604 -0.02542004
0.08209632 -0.02536646
0.08645971 -0.02526870
0.09092514 -0.02512756
0.09549150 -0.02494391
0.10015767 -0.02471869
0.10492249 -0.02445292
0.10978480 -0.02414770
0.11474338 -0.02380418
0.11979702 -0.02342356
0.12494447 -0.02300713
0.13018445 -0.02255618
0.13551569 -0.02207209
0.14093685 -0.02155625
0.14644661 -0.02101009
0.15204360 -0.02043507
0.15772645 -0.01983269
0.16349374 -0.01920446
0.16934407 -0.01855189
0.17527598 -0.01787653
0.18128801 -0.01717994
0.18737867 -0.01646365
0.19354647 -0.01572924
0.19978989 -0.01497824
0.20610737 -0.01421222
0.21249737 -0.01343271
0.21895831 -0.01264125
0.22548859 -0.01183934
0.23208660 -0.01102849
0.23875072 -0.01021018
0.24547929 -0.00938588
0.25227067 -0.00855701
0.25912316 -0.00772499
0.26603509 -0.00689121
0.27300475 -0.00605702
0.28003042 -0.00522375
0.28711035 -0.00439269
0.29424282 -0.00356510
0.30142605 -0.00274221
0.30865828 -0.00192520
0.31593772 -0.00111523
0.32326258 -0.00031341
0.33063104 0.00047919
0.33804129 0.00126153
0.34549150 0.00203263
0.35297984 0.00279154
0.36050445 0.00353734
0.36806348 0.00426919
0.37565506 0.00498626
0.38327732 0.00568779
0.39092838 0.00637305
0.39860635 0.00704137
0.40630934 0.00769211
0.41403545 0.00832470
0.42178277 0.00893859
0.42954938 0.00953330
0.43733338 0.01010840
0.44513284 0.01066349
0.45294584 0.01119824
0.46077045 0.01171234
0.46860474 0.01220554
0.47644677 0.01267766
0.48429462 0.01312854
0.49214634 0.01355806
0.50000000 0.01396617
0.50785366 0.01435285
0.51570538 0.01471811
0.52355323 0.01506204
0.53139526 0.01538472
0.53922955 0.01568631
0.54705416 0.01596699
0.55486716 0.01622697
0.56266662 0.01646650
0.57045062 0.01668586
0.57821723 0.01688536
0.58596455 0.01706533
0.59369066 0.01722615
0.60139365 0.01736818
0.60907162 0.01749183
0.61672268 0.01759751
0.62434494 0.01768567
0.63193652 0.01775674
0.63949555 0.01781119
0.64702016 0.01784946
0.65450850 0.01787202
0.66195871 0.01787934
0.66936896 0.01787189
0.67673742 0.01785013
0.68406228 0.01781452
0.69134172 0.01776550
0.69857395 0.01770351
0.70575718 0.01762900
0.71288965 0.01754237
0.71996958 0.01744403
0.72699525 0.01733437
0.73396491 0.01721376
0.74087684 0.01708256
0.74772933 0.01694110
0.75452071 0.01678971
0.76124928 0.01662869
0.76791340 0.01645833
0.77451141 0.01627888
0.78104169 0.01609061
0.78750263 0.01589375
0.79389263 0.01568851
0.80021011 0.01547511
0.80645353 0.01525374
0.81262133 0.01502458
0.81871199 0.01478781
0.82472402 0.01454359
0.83065593 0.01429209
0.83650626 0.01403347
0.84227355 0.01376789
0.84795640 0.01349551
0.85355339 0.01321650
0.85906315 0.01293104
0.86448431 0.01263930
0.86981555 0.01234148
0.87505553 0.01203779
0.88020298 0.01172846
0.88525662 0.01141373
0.89021520 0.01109387
0.89507751 0.01076917
0.89984233 0.01043993
0.90450850 0.01010649
0.90907486 0.00976922
0.91354029 0.00942852
0.91790368 0.00908480
0.92216396 0.00873852
0.92632008 0.00839015
0.93037101 0.00804021
0.93431576 0.00768925
0.93815334 0.00733783
0.94188282 0.00698654
0.94550326 0.00663603
0.94901379 0.00628694
0.95241353 0.00593994
0.95570164 0.00559573
0.95887731 0.00525504
0.96193977 0.00491859
0.96488824 0.00458714
0.96772202 0.00426145
0.97044038 0.00394229
0.97304268 0.00363043
0.97552826 0.00332665
0.97789651 0.00303172
0.98014684 0.00274642
0.98227871 0.00247149
0.98429158 0.00220769
0.98618496 0.00195575
0.98795838 0.00171637
0.98961141 0.00149024
0.99114363 0.00127800
0.99255466 0.00108029
0.99384417 0.00089768
0.99501183 0.00073072
0.99605735 0.00057993
0.99698048 0.00044575
0.99778098 0.00032861
0.99845867 0.00022886
0.99901336 0.00014682
0.99944494 0.00008274
0.99975328 0.00003682
0.99993832 0.00000921
1.00000000 0.00000000
