sample_483
1.00000000 0.00000000
0.99993832 0.00002835
0.99975328 0.00011335
0.99944494 0.00025487
0.99901336 0.00045269
0.99845867 0.00070650
0.99778098 0.00101590
0.99698048 0.00138041
0.99605735 0.00179946
0.99501183 0.00227240
0.99384417 0.00279851
0.99255466 0.00337698
0.99114363 0.00400693
0.98961141 0.00468740
0.98795838 0.00541738
0.98618496 0.00619576
0.98429158 0.00702141
0.98227871 0.00789311
0.98014684 0.00880959
0.97789651 0.00976953
0.97552826 0.01077158
0.97304268 0.01181433
0.97044038 0.01289632
0.96772202 0.01401609
0.96488824 0.01517212
0.96193977 0.01636287
0.95887731 0.01758681
0.95570164 0.01884236
0.95241353 0.02012793
0.94901379 0.02144196
0.94550326 0.02278284
0.94188282 0.02414900
0.93815334 0.02553887
0.93431576 0.02695087
0.93037101 0.02838348
0.92632008 0.02983515
0.92216396 0.03130440
0.91790368 0.03278974
0.91354029 0.03428974
0.90907486 0.03580300
0.90450850 0.03732814
0.89984233 0.03886384
0.89507751 0.04040882
0.89021520 0.04196185
0.88525662 0.04352173
0.88020298 0.04508733
0.87505553 0.04665756
0.86981555 0.04823139
0.86448431 0.04980783
0.85906315 0.05138596
0.85355339 0.05296489
0.84795640 0.05454381
0.84227355 0.05612195
0.83650626 0.05769857
0.83065593 0.05927302
0.82472402 0.06084466
0.81871199 0.06241291
0.81262133 0.06397725
0.80645353 0.06553717
0.80021011 0.06709222
0.79389263 0.06864197
0.78750263 0.07018604
0.78104169 0.07172405
0.77451141 0.07325566
0.76791340 0.07478054
0.76124928 0.07629839
0.75452071 0.07780891
0.74772933 0.07931180
0.74087684 0.08080676
0.73396491 0.08229351
0.72699525 0.08377174
0.71996958 0.08524112
0.71288965 0.08670133
0.70575718 0.08815200
0.69857395 0.08959275
0.69134172 0.09102318
0.68406228 0.09244282
0.67673742 0.09385119
0.66936896 0.09524778
0.66195871 0.09663199
0.65450850 0.09800321
0.64702016 0.09936076
0.63949555 0.10070393
0.63193652 0.10203193
0.62434494 0.10334392
0.61672268 0.10463900
0.60907162 0.10591623
0.60139365 0.10717458
0.59369066 0.10841299
0.58596455 0.10963033
0.57821723 0.11082541
0.57045062 0.11199698
0.56266662 0.11314375
0.55486716 0.11426437
0.54705416 0.11535744
0.53922955 0.11642153
0.53139526 0.11745514
0.52355323 0.11845675
0.51570538 0.11942482
0.50785366 0.12035776
0.50000000 0.12125396
0.49214634 0.12211180
0.48429462 0.12292965
0.47644677 0.12370587
0.46860474 0.12443882
0.46077045 0.12512686
0.45294584 0.12576839
0.44513284 0.12636180
0.43733338 0.12690553
0.42954938 0.12739804
0.42178277 0.12783784
0.41403545 0.12822349
0.40630934 0.12855359
0.39860635 0.12882682
0.39092838 0.12904192
0.38327732 0.12919770
0.37565506 0.12929308
0.36806348 0.12932702
0.36050445 0.12929860
0.35297984 0.12920701
0.34549150 0.12905151
0.33804129 0.12883149
0.33063104 0.12854645
0.32326258 0.12819600
0.31593772 0.12777986
0.30865828 0.12729789
0.30142605 0.12675006
0.29424282 0.12613645
0.28711035 0.12545731
0.28003042 0.12471297
0.27300475 0.12390391
0.26603509 0.12303073
0.25912316 0.12209417
0.25227067 0.12109506
0.24547929 0.12003438
0.23875072 0.11891323
0.23208660 0.11773280
0.22548859 0.11649441
0.21895831 0.11519950
0.21249737 0.11384958
0.20610737 0.11244628
0.19978989 0.11099134
0.19354647 0.10948654
0.18737867 0.10793378
0.18128801 0.10633502
0.17527598 0.10469230
0.16934407 0.10300769
0.16349374 0.10128335
0.15772645 0.09952145
0.15204360 0.09772424
0.14644661 0.09589395
0.14093685 0.09403288
0.13551569 0.09214332
0.13018445 0.09022755
0.12494447 0.08828789
0.11979702 0.08632662
0.11474338 0.08434601
0.10978480 0.08234830
0.10492249 0.08033571
0.10015767 0.07831041
0.09549150 0.07627453
0.09092514 0.07423015
0.08645971 0.07217927
0.08209632 0.07012383
0.07783604 0.06806573
0.07367992 0.06600674
0.06962899 0.06394858
0.06568424 0.06189288
0.06184666 0.05984116
0.05811718 0.05779487
0.05449674 0.05575533
0.05098621 0.05372378
0.04758647 0.05170135
0.04429836 0.04968906
0.04112269 0.04768781
0.03806023 0.04569839
0.03511176 0.04372151
0.03227798 0.04175773
0.02955962 0.03980752
0.02695732 0.03787122
0.02447174 0.03594908
0.02210349 0.03404124
0.01985316 0.03214772
0.01772129 0.03026844
0.01570842 0.02840323
0.01381504 0.02655181
0.01204162 0.02471381
0.01038859 0.02288878
0.00885637 0.02107616
0.00744534 0.01927533
0.00615583 0.01748558
0.00498817 0.01570615
0.00394265 0.01393618
0.00301952 0.01217480
0.00221902 0.01042103
0.00154133 0.00867388
0.00098664 0.00693232
0.00055506 0.00519526
0.00024672 0.00346160
0.00006168 0.00173023
0.00000000 0.00000000
0.00006168 -0.00071323
0.00024672 -0.00142448
0.00055506 -0.00213178
0.00098664 -0.00283317
0.00154133 -0.00352673
0.00221902 -0.00421056
0.00301952 -0.00488280
0.00394265 -0.00554165
0.00498817 -0.00618535
0.00615583 -0.00681222
0.00744534 -0.00742064
0.00885637 -0.00800906
0.01038859 -0.00857603
0.01204162 -0.00912017
0.01381504 -0.00964020
0.01570842 -0.01013494
0.01772129 -0.01060330
0.01985316 -0.01104431
0.02210349 -0.01145708
0.02447174 -0.01184087
0.02695732 -0.01219501
0.02955962 -0.01251897
0.03227798 -0.01281231
0.03511176 -0.01307471
0.03806023 -0.01330598
0.04112269 -0.01350602
0.04429836 -0.01367483
0.04758647 -0.01381255
0.05098621 -0.01391938
0.05449674 -0.01399565
0.05811718 -0.01404179
0.06184666 -0.01405829
0.06568424 -0.01404576
0.06962899 -0.01400488
0.07367992 -0.01393640
0.07783604 -0.01384115
0.08209632 -0.01372003
0.08645971 -0.01357398
0.09092514 -0.01340402
0.09549150 -0.01321121
0.10015767 -0.01299663
0.10492249 -0.01276142
0.10978480 -0.01250673
0.11474338 -0.01223374
0.11979702 -0.01194366
0.12494447 -0.01163768
0.13018445 -0.01131700
0.13551569 -0.01098284
0.14093685 -0.01063638
0.14644661 -0.01027882
0.15204360 -0.00991129
0.15772645 -0.00953495
0.16349374 -0.00915090
0.16934407 -0.00876021
0.17527598 -0.00836392
0.18128801 -0.00796302
0.18737867 -0.00755846
0.19354647 -0.00715115
0.19978989 -0.00674193
0.20610737 -0.00633161
0.21249737 -0.00592094
0.21895831 -0.00551060
0.22548859 -0.00510124
0.23208660 -0.00469344
0.23875072 -0.00428771
0.24547929 -0.00388454
0.25227067 -0.00348433
0.25912316 -0.00308744
0.26603509 -0.00269418
0.27300475 -0.00230479
0.28003042 -0.00191948
0.28711035 -0.00153841
0.29424282 -0.00116168
0.30142605 -0.00078935
0.30865828 -0.00042146
0.31593772 -0.00005798
0.32326258 0.00030113
0.33063104 0.00065595
0.33804129 0.00100659
0.34549150 0.00135319
0.35297984 0.00169590
0.36050445 0.00203490
0.36806348 0.00237038
0.37565506 0.00270253
0.38327732 0.00303158
0.39092838 0.00335773
0.39860635 0.00368120
0.40630934 0.00400221
0.41403545 0.00432097
0.42178277 0.00463769
0.42954938 0.00495256
0.43733338 0.00526577
0.44513284 0.00557748
0.45294584 0.00588784
0.46077045 0.00619698
0.46860474 0.00650502
0.47644677 0.00681203
0.48429462 0.00711809
0.49214634 0.00742323
0.50000000 0.00772744
0.50785366 0.00803073
0.51570538 0.00833302
0.52355323 0.00863425
0.53139526 0.00893430
0.53922955 0.00923303
0.54705416 0.00953027
0.55486716 0.00982581
0.56266662 0.01011943
0.57045062 0.01041085
0.57821723 0.01069979
0.58596455 0.01098593
0.59369066 0.01126890
0.60139365 0.01154835
0.60907162 0.01182386
0.61672268 0.01209501
0.62434494 0.01236135
0.63193652 0.01262242
0.63949555 0.01287772
0.64702016 0.01312675
0.65450850 0.01336899
0.66195871 0.01360391
0.66936896 0.01383095
0.67673742 0.01404957
0.68406228 0.01425920
0.69134172 0.01445928
0.69857395 0.01464924
0.70575718 0.01482852
0.71288965 0.01499655
0.71996958 0.01515278
0.72699525 0.01529666
0.73396491 0.01542765
0.74087684 0.01554524
0.74772933 0.01564891
0.75452071 0.01573819
0.76124928 0.01581259
0.76791340 0.01587170
0.77451141 0.01591509
0.78104169 0.01594238
0.78750263 0.01595323
0.79389263 0.01594732
0.80021011 0.01592436
0.80645353 0.01588413
0.81262133 0.01582643
0.81871199 0.01575111
0.82472402 0.01565806
0.83065593 0.01554722
0.83650626 0.01541858
0.84227355 0.01527220
0.84795640 0.01510816
0.85355339 0.01492660
0.85906315 0.01472775
0.86448431 0.01451185
0.86981555 0.01427921
0.87505553 0.01403022
0.88020298 0.01376531
0.88525662 0.01348494
0.89021520 0.01318967
0.89507751 0.01288010
0.89984233 0.01255688
0.90450850 0.01222071
0.90907486 0.01187235
0.91354029 0.01151262
0.91790368 0.01114237
0.92216396 0.01076251
0.92632008 0.01037399
0.93037101 0.00997781
0.93431576 0.00957501
0.93815334 0.00916665
0.94188282 0.00875383
0.94550326 0.00833770
0.94901379 0.00791941
0.95241353 0.00750015
0.95570164 0.00708112
0.95887731 0.00666353
0.96193977 0.00624862
0.96488824 0.00583760
0.96772202 0.00543172
0.97044038 0.00503221
0.97304268 0.00464029
0.97552826 0.00425716
0.97789651 0.00388402
0.98014684 0.00352203
0.98227871 0.00317234
0.98429158 0.00283606
0.98618496 0.00251427
0.98795838 0.00220799
0.98961141 0.00191822
0.99114363 0.00164590
0.99255466 0.00139192
0.99384417 0.00115711
0.99501183 0.00094225
0.99605735 0.00074804
0.99698048 0.00057512
0.99778098 0.00042408
0.99845867 0.00029540
0.99901336 0.00018954
0.99944494 0.00010682
0.99975328 0.00004754
0.99993832 0.00001190
1.00000000 0.00000000
