sample_1351
1.00000000 0.00000001
0.99993832 0.00000633
0.99975328 0.00002530
0.99944494 0.00005695
0.99901336 0.00010135
0.99845867 0.00015859
0.99778098 0.00022878
0.99698048 0.00031205
0.99605735 0.00040856
0.99501183 0.00051848
0.99384417 0.00064200
0.99255466 0.00077933
0.99114363 0.00093071
0.98961141 0.00109635
0.98795838 0.00127652
0.98618496 0.00147146
0.98429158 0.00168142
0.98227871 0.00190668
0.98014684 0.00214750
0.97789651 0.00240412
0.97552826 0.00267680
0.97304268 0.00296579
0.97044038 0.00327132
0.96772202 0.00359361
0.96488824 0.00393286
0.96193977 0.00428926
0.95887731 0.00466297
0.95570164 0.00505413
0.95241353 0.00546286
0.94901379 0.00588924
0.94550326 0.00633334
0.94188282 0.00679519
0.93815334 0.00727477
0.93431576 0.00777207
0.93037101 0.00828700
0.92632008 0.00881946
0.92216396 0.00936930
0.91790368 0.00993637
0.91354029 0.01052043
0.90907486 0.01112125
0.90450850 0.01173854
0.89984233 0.01237199
0.89507751 0.01302125
0.89021520 0.01368593
0.88525662 0.01436562
0.88020298 0.01505988
0.87505553 0.01576823
0.86981555 0.01649019
0.86448431 0.01722523
0.85906315 0.01797282
0.85355339 0.01873238
0.84795640 0.01950334
0.84227355 0.02028511
0.83650626 0.02107709
0.83065593 0.02187867
0.82472402 0.02268922
0.81871199 0.02350812
0.81262133 0.02433475
0.80645353 0.02516848
0.80021011 0.02600870
0.79389263 0.02685479
0.78750263 0.02770615
0.78104169 0.02856220
0.77451141 0.02942234
0.76791340 0.03028601
0.76124928 0.03115267
0.75452071 0.03202180
0.74772933 0.03289286
0.74087684 0.03376539
0.73396491 0.03463891
0.72699525 0.03551298
0.71996958 0.03638717
0.71288965 0.03726109
0.70575718 0.03813436
0.69857395 0.03900663
0.69134172 0.03987756
0.68406228 0.04074684
0.67673742 0.04161418
0.66936896 0.04247931
0.66195871 0.04334198
0.65450850 0.04420194
0.64702016 0.04505896
0.63949555 0.04591284
0.63193652 0.04676336
0.62434494 0.04761033
0.61672268 0.04845354
0.60907162 0.04929281
0.60139365 0.05012793
0.59369066 0.05095871
0.58596455 0.05178493
0.57821723 0.05260637
0.57045062 0.05342280
0.56266662 0.05423397
0.55486716 0.05503961
0.54705416 0.05583943
0.53922955 0.05663311
0.53139526 0.05742031
0.52355323 0.05820065
0.51570538 0.05897374
0.50785366 0.05973913
0.50000000 0.06049634
0.49214634 0.06124488
0.48429462 0.06198417
0.47644677 0.06271365
0.46860474 0.06343267
0.46077045 0.06414056
0.45294584 0.06483662
0.44513284 0.06552009
0.43733338 0.06619017
0.42954938 0.06684605
0.42178277 0.06748684
0.41403545 0.06811165
0.40630934 0.06871952
0.39860635 0.06930950
0.39092838 0.06988056
0.38327732 0.07043169
0.37565506 0.07096182
0.36806348 0.07146988
0.36050445 0.07195477
0.35297984 0.07241539
0.34549150 0.07285062
0.33804129 0.07325933
0.33063104 0.07364041
0.32326258 0.07399271
0.31593772 0.07431515
0.30865828 0.07460660
0.30142605 0.07486599
0.29424282 0.07509226
0.28711035 0.07528438
0.28003042 0.07544133
0.27300475 0.07556215
0.26603509 0.07564591
0.25912316 0.07569174
0.25227067 0.07569880
0.24547929 0.07566631
0.23875072 0.07559356
0.23208660 0.07547988
0.22548859 0.07532468
0.21895831 0.07512743
0.21249737 0.07488767
0.20610737 0.07460503
0.19978989 0.07427919
0.19354647 0.07390992
0.18737867 0.07349706
0.18128801 0.07304055
0.17527598 0.07254039
0.16934407 0.07199666
0.16349374 0.07140954
0.15772645 0.07077925
0.15204360 0.07010614
0.14644661 0.06939059
0.14093685 0.06863309
0.13551569 0.06783418
0.13018445 0.06699449
0.12494447 0.06611470
0.11979702 0.06519556
0.11474338 0.06423789
0.10978480 0.06324257
0.10492249 0.06221051
0.10015767 0.06114270
0.09549150 0.06004015
0.09092514 0.05890393
0.08645971 0.05773514
0.08209632 0.05653490
0.07783604 0.05530437
0.07367992 0.05404473
0.06962899 0.05275718
0.06568424 0.05144291
0.06184666 0.05010315
0.05811718 0.04873910
0.05449674 0.04735198
0.05098621 0.04594298
0.04758647 0.04451332
0.04429836 0.04306415
0.04112269 0.04159665
0.03806023 0.04011193
0.03511176 0.03861112
0.03227798 0.03709529
0.02955962 0.03556548
0.02695732 0.03402270
0.02447174 0.03246793
0.02210349 0.03090210
0.01985316 0.02932611
0.01772129 0.02774080
0.01570842 0.02614699
0.01381504 0.02454545
0.01204162 0.02293690
0.01038859 0.02132204
0.00885637 0.01970150
0.00744534 0.01807589
0.00615583 0.01644578
0.00498817 0.01481171
0.00394265 0.01317417
0.00301952 0.01153362
0.00221902 0.00989052
0.00154133 0.00824527
0.00098664 0.00659827
0.00055506 0.00494989
0.00024672 0.00330049
0.00006168 0.00165041
0.00000000 0.00000000
0.00006168 -0.00041104
0.00024672 -0.00082116
0.00055506 -0.00122943
0.00098664 -0.00163493
0.00154133 -0.00203676
0.00221902 -0.00243400
0.00301952 -0.00282578
0.00394265 -0.00321121
0.00498817 -0.00358943
0.00615583 -0.00395960
0.00744534 -0.00432089
0.00885637 -0.00467251
0.01038859 -0.00501367
0.01204162 -0.00534363
0.01381504 -0.00566166
0.01570842 -0.00596708
0.01772129 -0.00625923
0.01985316 -0.00653748
0.02210349 -0.00680126
0.02447174 -0.00705001
0.02695732 -0.00728323
0.02955962 -0.00750046
0.03227798 -0.00770128
0.03511176 -0.00788530
0.03806023 -0.00805222
0.04112269 -0.00820174
0.04429836 -0.00833364
0.04758647 -0.00844773
0.05098621 -0.00854390
0.05449674 -0.00862206
0.05811718 -0.00868220
0.06184666 -0.00872433
0.06568424 -0.00874855
0.06962899 -0.00875499
0.07367992 -0.00874384
0.07783604 -0.00871533
0.08209632 -0.00866977
0.08645971 -0.00860750
0.09092514 -0.00852890
0.09549150 -0.00843443
0.10015767 -0.00832457
0.10492249 -0.00819986
0.10978480 -0.00806087
0.11474338 -0.00790823
0.11979702 -0.00774260
0.12494447 -0.00756467
0.13018445 -0.00737516
0.13551569 -0.00717485
0.14093685 -0.00696452
0.14644661 -0.00674498
0.15204360 -0.00651707
0.15772645 -0.00628164
0.16349374 -0.00603955
0.16934407 -0.00579169
0.17527598 -0.00553894
0.18128801 -0.00528218
0.18737867 -0.00502231
0.19354647 -0.00476020
0.19978989 -0.00449674
0.20610737 -0.00423278
0.21249737 -0.00396918
0.21895831 -0.00370675
0.22548859 -0.00344632
0.23208660 -0.00318866
0.23875072 -0.00293451
0.24547929 -0.00268461
0.25227067 -0.00243963
0.25912316 -0.00220023
0.26603509 -0.00196700
0.27300475 -0.00174052
0.28003042 -0.00152131
0.28711035 -0.00130984
0.29424282 -0.00110654
0.30142605 -0.00091178
0.30865828 -0.00072590
0.31593772 -0.00054919
0.32326258 -0.00038186
0.33063104 -0.00022410
0.33804129 -0.00007604
0.34549150 0.00006225
0.35297984 0.00019072
0.36050445 0.00030939
0.36806348 0.00041833
0.37565506 0.00051764
0.38327732 0.00060748
0.39092838 0.00068802
0.39860635 0.00075949
0.40630934 0.00082217
0.41403545 0.00087634
0.42178277 0.00092232
0.42954938 0.00096049
0.43733338 0.00099120
0.44513284 0.00101487
0.45294584 0.00103191
0.46077045 0.00104274
0.46860474 0.00104783
0.47644677 0.00104761
0.48429462 0.00104254
0.49214634 0.00103309
0.50000000 0.00101971
0.50785366 0.00100287
0.51570538 0.00098300
0.52355323 0.00096055
0.53139526 0.00093594
0.53922955 0.00090959
0.54705416 0.00088190
0.55486716 0.00085323
0.56266662 0.00082396
0.57045062 0.00079441
0.57821723 0.00076491
0.58596455 0.00073573
0.59369066 0.00070713
0.60139365 0.00067937
0.60907162 0.00065264
0.61672268 0.00062713
0.62434494 0.00060299
0.63193652 0.00058036
0.63949555 0.00055934
0.64702016 0.00054001
0.65450850 0.00052242
0.66195871 0.00050660
0.66936896 0.00049255
0.67673742 0.00048026
0.68406228 0.00046970
0.69134172 0.00046081
0.69857395 0.00045352
0.70575718 0.00044775
0.71288965 0.00044339
0.71996958 0.00044033
0.72699525 0.00043846
0.73396491 0.00043764
0.74087684 0.00043773
0.74772933 0.00043861
0.75452071 0.00044011
0.76124928 0.00044211
0.76791340 0.00044445
0.77451141 0.00044700
0.78104169 0.00044962
0.78750263 0.00045218
0.79389263 0.00045454
0.80021011 0.00045660
0.80645353 0.00045825
0.81262133 0.00045937
0.81871199 0.00045990
0.82472402 0.00045973
0.83065593 0.00045881
0.83650626 0.00045707
0.84227355 0.00045448
0.84795640 0.00045100
0.85355339 0.00044661
0.85906315 0.00044129
0.86448431 0.00043505
0.86981555 0.00042790
0.87505553 0.00041985
0.88020298 0.00041095
0.88525662 0.00040122
0.89021520 0.00039071
0.89507751 0.00037949
0.89984233 0.00036760
0.90450850 0.00035512
0.90907486 0.00034211
0.91354029 0.00032864
0.91790368 0.00031480
0.92216396 0.00030066
0.92632008 0.00028630
0.93037101 0.00027179
0.93431576 0.00025721
0.93815334 0.00024263
0.94188282 0.00022814
0.94550326 0.00021379
0.94901379 0.00019965
0.95241353 0.00018578
0.95570164 0.00017224
0.95887731 0.00015908
0.96193977 0.00014634
0.96488824 0.00013406
0.96772202 0.00012228
0.97044038 0.00011102
0.97304268 0.00010031
0.97552826 0.00009016
0.97789651 0.00008059
0.98014684 0.00007161
0.98227871 0.00006321
0.98429158 0.00005540
0.98618496 0.00004817
0.98795838 0.00004151
0.98961141 0.00003541
0.99114363 0.00002986
0.99255466 0.00002483
0.99384417 0.00002032
0.99501183 0.00001631
0.99605735 0.00001278
0.99698048 0.00000971
0.99778098 0.00000709
0.99845867 0.00000490
0.99901336 0.00000312
0.99944494 0.00000175
0.99975328 0.00000078
0.99993832 0.00000021
1.00000000 0.00000001
