sample_797
1.00000000 0.00000001
0.99993832 0.00001258
0.99975328 0.00005028
0.99944494 0.00011306
0.99901336 0.00020086
0.99845867 0.00031357
0.99778098 0.00045108
0.99698048 0.00061323
0.99605735 0.00079985
0.99501183 0.00101074
0.99384417 0.00124568
0.99255466 0.00150441
0.99114363 0.00178667
0.98961141 0.00209217
0.98795838 0.00242059
0.98618496 0.00277160
0.98429158 0.00314487
0.98227871 0.00354003
0.98014684 0.00395670
0.97789651 0.00439451
0.97552826 0.00485304
0.97304268 0.00533190
0.97044038 0.00583066
0.96772202 0.00634891
0.96488824 0.00688623
0.96193977 0.00744218
0.95887731 0.00801635
0.95570164 0.00860830
0.95241353 0.00921761
0.94901379 0.00984386
0.94550326 0.01048664
0.94188282 0.01114554
0.93815334 0.01182016
0.93431576 0.01251011
0.93037101 0.01321501
0.92632008 0.01393449
0.92216396 0.01466820
0.91790368 0.01541580
0.91354029 0.01617694
0.90907486 0.01695133
0.90450850 0.01773865
0.89984233 0.01853861
0.89507751 0.01935095
0.89021520 0.02017539
0.88525662 0.02101168
0.88020298 0.02185959
0.87505553 0.02271889
0.86981555 0.02358936
0.86448431 0.02447079
0.85906315 0.02536297
0.85355339 0.02626571
0.84795640 0.02717880
0.84227355 0.02810206
0.83650626 0.02903527
0.83065593 0.02997825
0.82472402 0.03093078
0.81871199 0.03189264
0.81262133 0.03286360
0.80645353 0.03384343
0.80021011 0.03483186
0.79389263 0.03582860
0.78750263 0.03683336
0.78104169 0.03784580
0.77451141 0.03886555
0.76791340 0.03989224
0.76124928 0.04092543
0.75452071 0.04196466
0.74772933 0.04300943
0.74087684 0.04405919
0.73396491 0.04511335
0.72699525 0.04617128
0.71996958 0.04723231
0.71288965 0.04829569
0.70575718 0.04936065
0.69857395 0.05042636
0.69134172 0.05149193
0.68406228 0.05255643
0.67673742 0.05361888
0.66936896 0.05467824
0.66195871 0.05573342
0.65450850 0.05678329
0.64702016 0.05782667
0.63949555 0.05886233
0.63193652 0.05988899
0.62434494 0.06090536
0.61672268 0.06191008
0.60907162 0.06290176
0.60139365 0.06387901
0.59369066 0.06484038
0.58596455 0.06578442
0.57821723 0.06670966
0.57045062 0.06761460
0.56266662 0.06849776
0.55486716 0.06935764
0.54705416 0.07019277
0.53922955 0.07100165
0.53139526 0.07178284
0.52355323 0.07253490
0.51570538 0.07325641
0.50785366 0.07394601
0.50000000 0.07460236
0.49214634 0.07522418
0.48429462 0.07581022
0.47644677 0.07635932
0.46860474 0.07687036
0.46077045 0.07734229
0.45294584 0.07777416
0.44513284 0.07816505
0.43733338 0.07851416
0.42954938 0.07882078
0.42178277 0.07908425
0.41403545 0.07930405
0.40630934 0.07947972
0.39860635 0.07961092
0.39092838 0.07969739
0.38327732 0.07973899
0.37565506 0.07973567
0.36806348 0.07968749
0.36050445 0.07959459
0.35297984 0.07945723
0.34549150 0.07927576
0.33804129 0.07905062
0.33063104 0.07878236
0.32326258 0.07847161
0.31593772 0.07811909
0.30865828 0.07772559
0.30142605 0.07729200
0.29424282 0.07681927
0.28711035 0.07630841
0.28003042 0.07576051
0.27300475 0.07517672
0.26603509 0.07455822
0.25912316 0.07390624
0.25227067 0.07322207
0.24547929 0.07250701
0.23875072 0.07176238
0.23208660 0.07098954
0.22548859 0.07018984
0.21895831 0.06936465
0.21249737 0.06851533
0.20610737 0.06764323
0.19978989 0.06674969
0.19354647 0.06583603
0.18737867 0.06490354
0.18128801 0.06395348
0.17527598 0.06298707
0.16934407 0.06200550
0.16349374 0.06100988
0.15772645 0.06000133
0.15204360 0.05898085
0.14644661 0.05794943
0.14093685 0.05690798
0.13551569 0.05585737
0.13018445 0.05479837
0.12494447 0.05373172
0.11979702 0.05265810
0.11474338 0.05157809
0.10978480 0.05049224
0.10492249 0.04940102
0.10015767 0.04830485
0.09549150 0.04720410
0.09092514 0.04609904
0.08645971 0.04498994
0.08209632 0.04387699
0.07783604 0.04276034
0.07367992 0.04164008
0.06962899 0.04051628
0.06568424 0.03938898
0.06184666 0.03825815
0.05811718 0.03712378
0.05449674 0.03598579
0.05098621 0.03484413
0.04758647 0.03369871
0.04429836 0.03254941
0.04112269 0.03139614
0.03806023 0.03023880
0.03511176 0.02907728
0.03227798 0.02791148
0.02955962 0.02674133
0.02695732 0.02556674
0.02447174 0.02438767
0.02210349 0.02320409
0.01985316 0.02201597
0.01772129 0.02082333
0.01570842 0.01962622
0.01381504 0.01842468
0.01204162 0.01721882
0.01038859 0.01600876
0.00885637 0.01479464
0.00744534 0.01357666
0.00615583 0.01235501
0.00498817 0.01112993
0.00394265 0.00990168
0.00301952 0.00867055
0.00221902 0.00743684
0.00154133 0.00620089
0.00098664 0.00496303
0.00055506 0.00372364
0.00024672 0.00248308
0.00006168 0.00124174
0.00000000 0.00000000
0.00006168 -0.00054890
0.00024672 -0.00109673
0.00055506 -0.00164243
0.00098664 -0.00218494
0.00154133 -0.00272323
0.00221902 -0.00325627
0.00301952 -0.00378307
0.00394265 -0.00430268
0.00498817 -0.00481416
0.00615583 -0.00531663
0.00744534 -0.00580924
0.00885637 -0.00629119
0.01038859 -0.00676175
0.01204162 -0.00722020
0.01381504 -0.00766592
0.01570842 -0.00809833
0.01772129 -0.00851692
0.01985316 -0.00892122
0.02210349 -0.00931086
0.02447174 -0.00968550
0.02695732 -0.01004490
0.02955962 -0.01038885
0.03227798 -0.01071725
0.03511176 -0.01103002
0.03806023 -0.01132717
0.04112269 -0.01160878
0.04429836 -0.01187498
0.04758647 -0.01212594
0.05098621 -0.01236193
0.05449674 -0.01258324
0.05811718 -0.01279022
0.06184666 -0.01298328
0.06568424 -0.01316286
0.06962899 -0.01332944
0.07367992 -0.01348355
0.07783604 -0.01362574
0.08209632 -0.01375659
0.08645971 -0.01387671
0.09092514 -0.01398673
0.09549150 -0.01408728
0.10015767 -0.01417901
0.10492249 -0.01426259
0.10978480 -0.01433866
0.11474338 -0.01440787
0.11979702 -0.01447087
0.12494447 -0.01452830
0.13018445 -0.01458076
0.13551569 -0.01462886
0.14093685 -0.01467315
0.14644661 -0.01471419
0.15204360 -0.01475248
0.15772645 -0.01478851
0.16349374 -0.01482271
0.16934407 -0.01485549
0.17527598 -0.01488720
0.18128801 -0.01491817
0.18737867 -0.01494866
0.19354647 -0.01497890
0.19978989 -0.01500907
0.20610737 -0.01503930
0.21249737 -0.01506968
0.21895831 -0.01510025
0.22548859 -0.01513099
0.23208660 -0.01516186
0.23875072 -0.01519274
0.24547929 -0.01522351
0.25227067 -0.01525397
0.25912316 -0.01528390
0.26603509 -0.01531305
0.27300475 -0.01534110
0.28003042 -0.01536775
0.28711035 -0.01539262
0.29424282 -0.01541534
0.30142605 -0.01543550
0.30865828 -0.01545267
0.31593772 -0.01546641
0.32326258 -0.01547627
0.33063104 -0.01548178
0.33804129 -0.01548248
0.34549150 -0.01547789
0.35297984 -0.01546755
0.36050445 -0.01545099
0.36806348 -0.01542776
0.37565506 -0.01539742
0.38327732 -0.01535954
0.39092838 -0.01531372
0.39860635 -0.01525958
0.40630934 -0.01519674
0.41403545 -0.01512489
0.42178277 -0.01504372
0.42954938 -0.01495295
0.43733338 -0.01485236
0.44513284 -0.01474175
0.45294584 -0.01462096
0.46077045 -0.01448985
0.46860474 -0.01434837
0.47644677 -0.01419646
0.48429462 -0.01403412
0.49214634 -0.01386140
0.50000000 -0.01367839
0.50785366 -0.01348522
0.51570538 -0.01328205
0.52355323 -0.01306909
0.53139526 -0.01284661
0.53922955 -0.01261488
0.54705416 -0.01237423
0.55486716 -0.01212503
0.56266662 -0.01186767
0.57045062 -0.01160259
0.57821723 -0.01133024
0.58596455 -0.01105111
0.59369066 -0.01076572
0.60139365 -0.01047460
0.60907162 -0.01017831
0.61672268 -0.00987743
0.62434494 -0.00957254
0.63193652 -0.00926426
0.63949555 -0.00895319
0.64702016 -0.00863995
0.65450850 -0.00832517
0.66195871 -0.00800948
0.66936896 -0.00769350
0.67673742 -0.00737786
0.68406228 -0.00706315
0.69134172 -0.00675001
0.69857395 -0.00643901
0.70575718 -0.00613073
0.71288965 -0.00582575
0.71996958 -0.00552461
0.72699525 -0.00522783
0.73396491 -0.00493592
0.74087684 -0.00464936
0.74772933 -0.00436861
0.75452071 -0.00409408
0.76124928 -0.00382620
0.76791340 -0.00356532
0.77451141 -0.00331179
0.78104169 -0.00306592
0.78750263 -0.00282800
0.79389263 -0.00259828
0.80021011 -0.00237696
0.80645353 -0.00216425
0.81262133 -0.00196029
0.81871199 -0.00176521
0.82472402 -0.00157910
0.83065593 -0.00140202
0.83650626 -0.00123401
0.84227355 -0.00107507
0.84795640 -0.00092518
0.85355339 -0.00078427
0.85906315 -0.00065227
0.86448431 -0.00052907
0.86981555 -0.00041455
0.87505553 -0.00030856
0.88020298 -0.00021091
0.88525662 -0.00012142
0.89021520 -0.00003988
0.89507751 0.00003396
0.89984233 0.00010032
0.90450850 0.00015949
0.90907486 0.00021172
0.91354029 0.00025730
0.91790368 0.00029654
0.92216396 0.00032972
0.92632008 0.00035718
0.93037101 0.00037921
0.93431576 0.00039615
0.93815334 0.00040831
0.94188282 0.00041603
0.94550326 0.00041963
0.94901379 0.00041944
0.95241353 0.00041578
0.95570164 0.00040898
0.95887731 0.00039935
0.96193977 0.00038721
0.96488824 0.00037286
0.96772202 0.00035660
0.97044038 0.00033873
0.97304268 0.00031954
0.97552826 0.00029929
0.97789651 0.00027826
0.98014684 0.00025671
0.98227871 0.00023487
0.98429158 0.00021299
0.98618496 0.00019128
0.98795838 0.00016997
0.98961141 0.00014924
0.99114363 0.00012928
0.99255466 0.00011028
0.99384417 0.00009238
0.99501183 0.00007574
0.99605735 0.00006049
0.99698048 0.00004675
0.99778098 0.00003463
0.99845867 0.00002422
0.99901336 0.00001559
0.99944494 0.00000881
0.99975328 0.00000394
0.99993832 0.00000100
1.00000000 0.00000001
