sample_1404
1.00000000 0.00000001
0.99993832 0.00001017
0.99975328 0.00004063
0.99944494 0.00009138
0.99901336 0.00016240
0.99845867 0.00025364
0.99778098 0.00036506
0.99698048 0.00049660
0.99605735 0.00064819
0.99501183 0.00081976
0.99384417 0.00101121
0.99255466 0.00122246
0.99114363 0.00145339
0.98961141 0.00170389
0.98795838 0.00197384
0.98618496 0.00226310
0.98429158 0.00257154
0.98227871 0.00289900
0.98014684 0.00324534
0.97789651 0.00361039
0.97552826 0.00399399
0.97304268 0.00439596
0.97044038 0.00481613
0.96772202 0.00525432
0.96488824 0.00571034
0.96193977 0.00618400
0.95887731 0.00667511
0.95570164 0.00718349
0.95241353 0.00770892
0.94901379 0.00825122
0.94550326 0.00881019
0.94188282 0.00938563
0.93815334 0.00997734
0.93431576 0.01058514
0.93037101 0.01120881
0.92632008 0.01184817
0.92216396 0.01250302
0.91790368 0.01317317
0.91354029 0.01385844
0.90907486 0.01455863
0.90450850 0.01527355
0.89984233 0.01600303
0.89507751 0.01674687
0.89021520 0.01750490
0.88525662 0.01827693
0.88020298 0.01906278
0.87505553 0.01986226
0.86981555 0.02067518
0.86448431 0.02150137
0.85906315 0.02234062
0.85355339 0.02319273
0.84795640 0.02405751
0.84227355 0.02493474
0.83650626 0.02582420
0.83065593 0.02672565
0.82472402 0.02763886
0.81871199 0.02856356
0.81262133 0.02949948
0.80645353 0.03044632
0.80021011 0.03140378
0.79389263 0.03237152
0.78750263 0.03334917
0.78104169 0.03433637
0.77451141 0.03533269
0.76791340 0.03633769
0.76124928 0.03735091
0.75452071 0.03837183
0.74772933 0.03939991
0.74087684 0.04043458
0.73396491 0.04147522
0.72699525 0.04252118
0.71996958 0.04357176
0.71288965 0.04462622
0.70575718 0.04568379
0.69857395 0.04674363
0.69134172 0.04780490
0.68406228 0.04886667
0.67673742 0.04992799
0.66936896 0.05098788
0.66195871 0.05204528
0.65450850 0.05309913
0.64702016 0.05414831
0.63949555 0.05519165
0.63193652 0.05622797
0.62434494 0.05725604
0.61672268 0.05827459
0.60907162 0.05928234
0.60139365 0.06027798
0.59369066 0.06126016
0.58596455 0.06222754
0.57821723 0.06317872
0.57045062 0.06411234
0.56266662 0.06502700
0.55486716 0.06592130
0.54705416 0.06679385
0.53922955 0.06764326
0.53139526 0.06846816
0.52355323 0.06926718
0.51570538 0.07003899
0.50785366 0.07078228
0.50000000 0.07149576
0.49214634 0.07217818
0.48429462 0.07282834
0.47644677 0.07344508
0.46860474 0.07402729
0.46077045 0.07457392
0.45294584 0.07508397
0.44513284 0.07555651
0.43733338 0.07599067
0.42954938 0.07638566
0.42178277 0.07674076
0.41403545 0.07705532
0.40630934 0.07732879
0.39860635 0.07756068
0.39092838 0.07775060
0.38327732 0.07789823
0.37565506 0.07800334
0.36806348 0.07806579
0.36050445 0.07808554
0.35297984 0.07806262
0.34549150 0.07799714
0.33804129 0.07788931
0.33063104 0.07773942
0.32326258 0.07754783
0.31593772 0.07731500
0.30865828 0.07704145
0.30142605 0.07672778
0.29424282 0.07637466
0.28711035 0.07598281
0.28003042 0.07555303
0.27300475 0.07508617
0.26603509 0.07458313
0.25912316 0.07404488
0.25227067 0.07347239
0.24547929 0.07286670
0.23875072 0.07222887
0.23208660 0.07156000
0.22548859 0.07086119
0.21895831 0.07013357
0.21249737 0.06937827
0.20610737 0.06859644
0.19978989 0.06778922
0.19354647 0.06695774
0.18737867 0.06610313
0.18128801 0.06522650
0.17527598 0.06432894
0.16934407 0.06341152
0.16349374 0.06247528
0.15772645 0.06152123
0.15204360 0.06055034
0.14644661 0.05956355
0.14093685 0.05856176
0.13551569 0.05754582
0.13018445 0.05651655
0.12494447 0.05547470
0.11979702 0.05442101
0.11474338 0.05335615
0.10978480 0.05228073
0.10492249 0.05119535
0.10015767 0.05010053
0.09549150 0.04899677
0.09092514 0.04788450
0.08645971 0.04676412
0.08209632 0.04563600
0.07783604 0.04450046
0.07367992 0.04335777
0.06962899 0.04220820
0.06568424 0.04105195
0.06184666 0.03988923
0.05811718 0.03872018
0.05449674 0.03754497
0.05098621 0.03636371
0.04758647 0.03517650
0.04429836 0.03398345
0.04112269 0.03278464
0.03806023 0.03158015
0.03511176 0.03037006
0.03227798 0.02915444
0.02955962 0.02793337
0.02695732 0.02670694
0.02447174 0.02547524
0.02210349 0.02423836
0.01985316 0.02299643
0.01772129 0.02174956
0.01570842 0.02049790
0.01381504 0.01924161
0.01204162 0.01798086
0.01038859 0.01671583
0.00885637 0.01544675
0.00744534 0.01417383
0.00615583 0.01289732
0.00498817 0.01161749
0.00394265 0.01033461
0.00301952 0.00904898
0.00221902 0.00776091
0.00154133 0.00647072
0.00098664 0.00517875
0.00055506 0.00388533
0.00024672 0.00259083
0.00006168 0.00129560
0.00000000 0.00000000
0.00006168 -0.00046584
0.00024672 -0.00093140
0.00055506 -0.00139640
0.00098664 -0.00186055
0.00154133 -0.00232356
0.00221902 -0.00278513
0.00301952 -0.00324494
0.00394265 -0.00370267
0.00498817 -0.00415798
0.00615583 -0.00461051
0.00744534 -0.00505989
0.00885637 -0.00550571
0.01038859 -0.00594758
0.01204162 -0.00638505
0.01381504 -0.00681768
0.01570842 -0.00724498
0.01772129 -0.00766646
0.01985316 -0.00808159
0.02210349 -0.00848986
0.02447174 -0.00889068
0.02695732 -0.00928350
0.02955962 -0.00966772
0.03227798 -0.01004273
0.03511176 -0.01040792
0.03806023 -0.01076266
0.04112269 -0.01110630
0.04429836 -0.01143821
0.04758647 -0.01175775
0.05098621 -0.01206428
0.05449674 -0.01235714
0.05811718 -0.01263573
0.06184666 -0.01289942
0.06568424 -0.01314760
0.06962899 -0.01337970
0.07367992 -0.01359516
0.07783604 -0.01379345
0.08209632 -0.01397407
0.08645971 -0.01413655
0.09092514 -0.01428046
0.09549150 -0.01440543
0.10015767 -0.01451111
0.10492249 -0.01459723
0.10978480 -0.01466353
0.11474338 -0.01470985
0.11979702 -0.01473606
0.12494447 -0.01474210
0.13018445 -0.01472798
0.13551569 -0.01469376
0.14093685 -0.01463957
0.14644661 -0.01456563
0.15204360 -0.01447219
0.15772645 -0.01435961
0.16349374 -0.01422828
0.16934407 -0.01407868
0.17527598 -0.01391137
0.18128801 -0.01372695
0.18737867 -0.01352610
0.19354647 -0.01330956
0.19978989 -0.01307814
0.20610737 -0.01283269
0.21249737 -0.01257413
0.21895831 -0.01230342
0.22548859 -0.01202159
0.23208660 -0.01172969
0.23875072 -0.01142883
0.24547929 -0.01112013
0.25227067 -0.01080475
0.25912316 -0.01048390
0.26603509 -0.01015876
0.27300475 -0.00983058
0.28003042 -0.00950056
0.28711035 -0.00916995
0.29424282 -0.00883997
0.30142605 -0.00851184
0.30865828 -0.00818677
0.31593772 -0.00786592
0.32326258 -0.00755046
0.33063104 -0.00724151
0.33804129 -0.00694015
0.34549150 -0.00664742
0.35297984 -0.00636432
0.36050445 -0.00609176
0.36806348 -0.00583065
0.37565506 -0.00558179
0.38327732 -0.00534593
0.39092838 -0.00512376
0.39860635 -0.00491588
0.40630934 -0.00472282
0.41403545 -0.00454503
0.42178277 -0.00438289
0.42954938 -0.00423670
0.43733338 -0.00410664
0.44513284 -0.00399286
0.45294584 -0.00389539
0.46077045 -0.00381419
0.46860474 -0.00374914
0.47644677 -0.00370002
0.48429462 -0.00366656
0.49214634 -0.00364839
0.50000000 -0.00364508
0.50785366 -0.00365612
0.51570538 -0.00368092
0.52355323 -0.00371886
0.53139526 -0.00376923
0.53922955 -0.00383127
0.54705416 -0.00390417
0.55486716 -0.00398708
0.56266662 -0.00407911
0.57045062 -0.00417933
0.57821723 -0.00428677
0.58596455 -0.00440045
0.59369066 -0.00451937
0.60139365 -0.00464251
0.60907162 -0.00476885
0.61672268 -0.00489736
0.62434494 -0.00502704
0.63193652 -0.00515686
0.63949555 -0.00528583
0.64702016 -0.00541300
0.65450850 -0.00553740
0.66195871 -0.00565813
0.66936896 -0.00577432
0.67673742 -0.00588512
0.68406228 -0.00598975
0.69134172 -0.00608746
0.69857395 -0.00617756
0.70575718 -0.00625943
0.71288965 -0.00633247
0.71996958 -0.00639618
0.72699525 -0.00645009
0.73396491 -0.00649382
0.74087684 -0.00652704
0.74772933 -0.00654949
0.75452071 -0.00656097
0.76124928 -0.00656135
0.76791340 -0.00655056
0.77451141 -0.00652859
0.78104169 -0.00649552
0.78750263 -0.00645145
0.79389263 -0.00639657
0.80021011 -0.00633110
0.80645353 -0.00625535
0.81262133 -0.00616963
0.81871199 -0.00607434
0.82472402 -0.00596991
0.83065593 -0.00585680
0.83650626 -0.00573552
0.84227355 -0.00560661
0.84795640 -0.00547062
0.85355339 -0.00532814
0.85906315 -0.00517978
0.86448431 -0.00502617
0.86981555 -0.00486793
0.87505553 -0.00470570
0.88020298 -0.00454013
0.88525662 -0.00437185
0.89021520 -0.00420151
0.89507751 -0.00402972
0.89984233 -0.00385710
0.90450850 -0.00368424
0.90907486 -0.00351173
0.91354029 -0.00334012
0.91790368 -0.00316994
0.92216396 -0.00300170
0.92632008 -0.00283586
0.93037101 -0.00267288
0.93431576 -0.00251317
0.93815334 -0.00235710
0.94188282 -0.00220502
0.94550326 -0.00205724
0.94901379 -0.00191403
0.95241353 -0.00177564
0.95570164 -0.00164226
0.95887731 -0.00151408
0.96193977 -0.00139122
0.96488824 -0.00127380
0.96772202 -0.00116189
0.97044038 -0.00105553
0.97304268 -0.00095476
0.97552826 -0.00085956
0.97789651 -0.00076991
0.98014684 -0.00068575
0.98227871 -0.00060704
0.98429158 -0.00053367
0.98618496 -0.00046557
0.98795838 -0.00040262
0.98961141 -0.00034471
0.99114363 -0.00029173
0.99255466 -0.00024356
0.99384417 -0.00020006
0.99501183 -0.00016113
0.99605735 -0.00012665
0.99698048 -0.00009651
0.99778098 -0.00007061
0.99845867 -0.00004885
0.99901336 -0.00003117
0.99944494 -0.00001749
0.99975328 -0.00000775
0.99993832 -0.00000193
1.00000000 0.00000001
