sample_1105
1.00000000 0.00000001
0.99993832 0.00001338
0.99975328 0.00005347
0.99944494 0.00012021
0.99901336 0.00021351
0.99845867 0.00033322
0.99778098 0.00047918
0.99698048 0.00065116
0.99605735 0.00084891
0.99501183 0.00107213
0.99384417 0.00132049
0.99255466 0.00159364
0.99114363 0.00189116
0.98961141 0.00221261
0.98795838 0.00255754
0.98618496 0.00292542
0.98429158 0.00331574
0.98227871 0.00372791
0.98014684 0.00416136
0.97789651 0.00461544
0.97552826 0.00508953
0.97304268 0.00558293
0.97044038 0.00609496
0.96772202 0.00662490
0.96488824 0.00717201
0.96193977 0.00773554
0.95887731 0.00831471
0.95570164 0.00890875
0.95241353 0.00951685
0.94901379 0.01013822
0.94550326 0.01077205
0.94188282 0.01141751
0.93815334 0.01207379
0.93431576 0.01274007
0.93037101 0.01341553
0.92632008 0.01409936
0.92216396 0.01479076
0.91790368 0.01548892
0.91354029 0.01619306
0.90907486 0.01690241
0.90450850 0.01761621
0.89984233 0.01833373
0.89507751 0.01905424
0.89021520 0.01977706
0.88525662 0.02050150
0.88020298 0.02122692
0.87505553 0.02195272
0.86981555 0.02267828
0.86448431 0.02340307
0.85906315 0.02412656
0.85355339 0.02484825
0.84795640 0.02556768
0.84227355 0.02628445
0.83650626 0.02699816
0.83065593 0.02770848
0.82472402 0.02841507
0.81871199 0.02911769
0.81262133 0.02981609
0.80645353 0.03051008
0.80021011 0.03119949
0.79389263 0.03188421
0.78750263 0.03256414
0.78104169 0.03323924
0.77451141 0.03390948
0.76791340 0.03457487
0.76124928 0.03523546
0.75452071 0.03589131
0.74772933 0.03654252
0.74087684 0.03718921
0.73396491 0.03783153
0.72699525 0.03846962
0.71996958 0.03910368
0.71288965 0.03973388
0.70575718 0.04036044
0.69857395 0.04098355
0.69134172 0.04160344
0.68406228 0.04222031
0.67673742 0.04283438
0.66936896 0.04344586
0.66195871 0.04405494
0.65450850 0.04466182
0.64702016 0.04526665
0.63949555 0.04586960
0.63193652 0.04647080
0.62434494 0.04707036
0.61672268 0.04766836
0.60907162 0.04826483
0.60139365 0.04885982
0.59369066 0.04945328
0.58596455 0.05004518
0.57821723 0.05063540
0.57045062 0.05122381
0.56266662 0.05181023
0.55486716 0.05239444
0.54705416 0.05297614
0.53922955 0.05355503
0.53139526 0.05413073
0.52355323 0.05470282
0.51570538 0.05527083
0.50785366 0.05583424
0.50000000 0.05639250
0.49214634 0.05694497
0.48429462 0.05749100
0.47644677 0.05802989
0.46860474 0.05856088
0.46077045 0.05908318
0.45294584 0.05959595
0.44513284 0.06009833
0.43733338 0.06058940
0.42954938 0.06106823
0.42178277 0.06153386
0.41403545 0.06198528
0.40630934 0.06242148
0.39860635 0.06284143
0.39092838 0.06324407
0.38327732 0.06362835
0.37565506 0.06399321
0.36806348 0.06433757
0.36050445 0.06466036
0.35297984 0.06496053
0.34549150 0.06523703
0.33804129 0.06548882
0.33063104 0.06571488
0.32326258 0.06591424
0.31593772 0.06608591
0.30865828 0.06622899
0.30142605 0.06634256
0.29424282 0.06642578
0.28711035 0.06647783
0.28003042 0.06649796
0.27300475 0.06648546
0.26603509 0.06643966
0.25912316 0.06635998
0.25227067 0.06624587
0.24547929 0.06609685
0.23875072 0.06591252
0.23208660 0.06569252
0.22548859 0.06543658
0.21895831 0.06514450
0.21249737 0.06481613
0.20610737 0.06445141
0.19978989 0.06405033
0.19354647 0.06361299
0.18737867 0.06313951
0.18128801 0.06263012
0.17527598 0.06208509
0.16934407 0.06150479
0.16349374 0.06088963
0.15772645 0.06024008
0.15204360 0.05955669
0.14644661 0.05884007
0.14093685 0.05809087
0.13551569 0.05730980
0.13018445 0.05649762
0.12494447 0.05565514
0.11979702 0.05478322
0.11474338 0.05388274
0.10978480 0.05295462
0.10492249 0.05199984
0.10015767 0.05101936
0.09549150 0.05001420
0.09092514 0.04898538
0.08645971 0.04793394
0.08209632 0.04686093
0.07783604 0.04576741
0.07367992 0.04465444
0.06962899 0.04352307
0.06568424 0.04237435
0.06184666 0.04120931
0.05811718 0.04002899
0.05449674 0.03883438
0.05098621 0.03762648
0.04758647 0.03640624
0.04429836 0.03517459
0.04112269 0.03393245
0.03806023 0.03268067
0.03511176 0.03142009
0.03227798 0.03015152
0.02955962 0.02887570
0.02695732 0.02759337
0.02447174 0.02630520
0.02210349 0.02501181
0.01985316 0.02371382
0.01772129 0.02241176
0.01570842 0.02110615
0.01381504 0.01979746
0.01204162 0.01848610
0.01038859 0.01717246
0.00885637 0.01585689
0.00744534 0.01453969
0.00615583 0.01322114
0.00498817 0.01190147
0.00394265 0.01058089
0.00301952 0.00925957
0.00221902 0.00793768
0.00154133 0.00661533
0.00098664 0.00529263
0.00055506 0.00396968
0.00024672 0.00264655
0.00006168 0.00132330
0.00000000 0.00000000
0.00006168 -0.00059874
0.00024672 -0.00119656
0.00055506 -0.00179253
0.00098664 -0.00238573
0.00154133 -0.00297527
0.00221902 -0.00356024
0.00301952 -0.00413975
0.00394265 -0.00471293
0.00498817 -0.00527894
0.00615583 -0.00583692
0.00744534 -0.00638608
0.00885637 -0.00692562
0.01038859 -0.00745478
0.01204162 -0.00797283
0.01381504 -0.00847907
0.01570842 -0.00897284
0.01772129 -0.00945349
0.01985316 -0.00992043
0.02210349 -0.01037312
0.02447174 -0.01081102
0.02695732 -0.01123368
0.02955962 -0.01164065
0.03227798 -0.01203156
0.03511176 -0.01240606
0.03806023 -0.01276388
0.04112269 -0.01310476
0.04429836 -0.01342852
0.04758647 -0.01373502
0.05098621 -0.01402416
0.05449674 -0.01429591
0.05811718 -0.01455028
0.06184666 -0.01478733
0.06568424 -0.01500717
0.06962899 -0.01520998
0.07367992 -0.01539596
0.07783604 -0.01556537
0.08209632 -0.01571852
0.08645971 -0.01585578
0.09092514 -0.01597753
0.09549150 -0.01608422
0.10015767 -0.01617633
0.10492249 -0.01625439
0.10978480 -0.01631895
0.11474338 -0.01637060
0.11979702 -0.01640997
0.12494447 -0.01643769
0.13018445 -0.01645445
0.13551569 -0.01646094
0.14093685 -0.01645787
0.14644661 -0.01644596
0.15204360 -0.01642596
0.15772645 -0.01639860
0.16349374 -0.01636464
0.16934407 -0.01632481
0.17527598 -0.01627987
0.18128801 -0.01623053
0.18737867 -0.01617753
0.19354647 -0.01612156
0.19978989 -0.01606332
0.20610737 -0.01600346
0.21249737 -0.01594261
0.21895831 -0.01588138
0.22548859 -0.01582034
0.23208660 -0.01576002
0.23875072 -0.01570092
0.24547929 -0.01564348
0.25227067 -0.01558812
0.25912316 -0.01553519
0.26603509 -0.01548500
0.27300475 -0.01543781
0.28003042 -0.01539384
0.28711035 -0.01535324
0.29424282 -0.01531611
0.30142605 -0.01528250
0.30865828 -0.01525240
0.31593772 -0.01522576
0.32326258 -0.01520247
0.33063104 -0.01518237
0.33804129 -0.01516523
0.34549150 -0.01515080
0.35297984 -0.01513876
0.36050445 -0.01512876
0.36806348 -0.01512041
0.37565506 -0.01511326
0.38327732 -0.01510684
0.39092838 -0.01510065
0.39860635 -0.01509414
0.40630934 -0.01508675
0.41403545 -0.01507790
0.42178277 -0.01506698
0.42954938 -0.01505337
0.43733338 -0.01503644
0.44513284 -0.01501556
0.45294584 -0.01499010
0.46077045 -0.01495942
0.46860474 -0.01492289
0.47644677 -0.01487991
0.48429462 -0.01482988
0.49214634 -0.01477222
0.50000000 -0.01470638
0.50785366 -0.01463184
0.51570538 -0.01454811
0.52355323 -0.01445473
0.53139526 -0.01435129
0.53922955 -0.01423742
0.54705416 -0.01411278
0.55486716 -0.01397709
0.56266662 -0.01383013
0.57045062 -0.01367172
0.57821723 -0.01350174
0.58596455 -0.01332010
0.59369066 -0.01312681
0.60139365 -0.01292189
0.60907162 -0.01270546
0.61672268 -0.01247767
0.62434494 -0.01223872
0.63193652 -0.01198890
0.63949555 -0.01172852
0.64702016 -0.01145796
0.65450850 -0.01117765
0.66195871 -0.01088806
0.66936896 -0.01058972
0.67673742 -0.01028321
0.68406228 -0.00996912
0.69134172 -0.00964812
0.69857395 -0.00932089
0.70575718 -0.00898814
0.71288965 -0.00865062
0.71996958 -0.00830911
0.72699525 -0.00796440
0.73396491 -0.00761729
0.74087684 -0.00726860
0.74772933 -0.00691916
0.75452071 -0.00656982
0.76124928 -0.00622139
0.76791340 -0.00587472
0.77451141 -0.00553062
0.78104169 -0.00518990
0.78750263 -0.00485336
0.79389263 -0.00452176
0.80021011 -0.00419587
0.80645353 -0.00387640
0.81262133 -0.00356405
0.81871199 -0.00325947
0.82472402 -0.00296329
0.83065593 -0.00267610
0.83650626 -0.00239844
0.84227355 -0.00213080
0.84795640 -0.00187365
0.85355339 -0.00162739
0.85906315 -0.00139238
0.86448431 -0.00116892
0.86981555 -0.00095728
0.87505553 -0.00075766
0.88020298 -0.00057022
0.88525662 -0.00039506
0.89021520 -0.00023224
0.89507751 -0.00008176
0.89984233 0.00005643
0.90450850 0.00018243
0.90907486 0.00029638
0.91354029 0.00039847
0.91790368 0.00048894
0.92216396 0.00056807
0.92632008 0.00063617
0.93037101 0.00069360
0.93431576 0.00074076
0.93815334 0.00077808
0.94188282 0.00080601
0.94550326 0.00082505
0.94901379 0.00083569
0.95241353 0.00083849
0.95570164 0.00083399
0.95887731 0.00082277
0.96193977 0.00080540
0.96488824 0.00078248
0.96772202 0.00075462
0.97044038 0.00072241
0.97304268 0.00068647
0.97552826 0.00064740
0.97789651 0.00060579
0.98014684 0.00056224
0.98227871 0.00051731
0.98429158 0.00047159
0.98618496 0.00042561
0.98795838 0.00037991
0.98961141 0.00033498
0.99114363 0.00029132
0.99255466 0.00024938
0.99384417 0.00020958
0.99501183 0.00017233
0.99605735 0.00013799
0.99698048 0.00010689
0.99778098 0.00007933
0.99845867 0.00005556
0.99901336 0.00003581
0.99944494 0.00002026
0.99975328 0.00000904
0.99993832 0.00000228
1.00000000 0.00000001
