sample_404
1.00000000 0.00000001
0.99993832 0.00001197
0.99975328 0.00004783
0.99944494 0.00010758
0.99901336 0.00019116
0.99845867 0.00029852
0.99778098 0.00042958
0.99698048 0.00058425
0.99605735 0.00076242
0.99501183 0.00096396
0.99384417 0.00118872
0.99255466 0.00143653
0.99114363 0.00170720
0.98961141 0.00200052
0.98795838 0.00231627
0.98618496 0.00265418
0.98429158 0.00301400
0.98227871 0.00339542
0.98014684 0.00379811
0.97789651 0.00422175
0.97552826 0.00466596
0.97304268 0.00513034
0.97044038 0.00561450
0.96772202 0.00611797
0.96488824 0.00664030
0.96193977 0.00718100
0.95887731 0.00773956
0.95570164 0.00831545
0.95241353 0.00890809
0.94901379 0.00951691
0.94550326 0.01014131
0.94188282 0.01078067
0.93815334 0.01143433
0.93431576 0.01210165
0.93037101 0.01278194
0.92632008 0.01347451
0.92216396 0.01417866
0.91790368 0.01489367
0.91354029 0.01561881
0.90907486 0.01635336
0.90450850 0.01709656
0.89984233 0.01784768
0.89507751 0.01860598
0.89021520 0.01937072
0.88525662 0.02014115
0.88020298 0.02091654
0.87505553 0.02169618
0.86981555 0.02247935
0.86448431 0.02326534
0.85906315 0.02405348
0.85355339 0.02484309
0.84795640 0.02563354
0.84227355 0.02642419
0.83650626 0.02721443
0.83065593 0.02800370
0.82472402 0.02879144
0.81871199 0.02957711
0.81262133 0.03036023
0.80645353 0.03114033
0.80021011 0.03191697
0.79389263 0.03268975
0.78750263 0.03345827
0.78104169 0.03422222
0.77451141 0.03498125
0.76791340 0.03573510
0.76124928 0.03648351
0.75452071 0.03722625
0.74772933 0.03796311
0.74087684 0.03869393
0.73396491 0.03941855
0.72699525 0.04013686
0.71996958 0.04084873
0.71288965 0.04155408
0.70575718 0.04225284
0.69857395 0.04294494
0.69134172 0.04363034
0.68406228 0.04430900
0.67673742 0.04498089
0.66936896 0.04564596
0.66195871 0.04630418
0.65450850 0.04695552
0.64702016 0.04759993
0.63949555 0.04823736
0.63193652 0.04886774
0.62434494 0.04949100
0.61672268 0.05010704
0.60907162 0.05071573
0.60139365 0.05131695
0.59369066 0.05191052
0.58596455 0.05249626
0.57821723 0.05307395
0.57045062 0.05364334
0.56266662 0.05420415
0.55486716 0.05475607
0.54705416 0.05529874
0.53922955 0.05583180
0.53139526 0.05635482
0.52355323 0.05686737
0.51570538 0.05736895
0.50785366 0.05785905
0.50000000 0.05833713
0.49214634 0.05880260
0.48429462 0.05925486
0.47644677 0.05969326
0.46860474 0.06011714
0.46077045 0.06052582
0.45294584 0.06091857
0.44513284 0.06129468
0.43733338 0.06165339
0.42954938 0.06199395
0.42178277 0.06231558
0.41403545 0.06261751
0.40630934 0.06289895
0.39860635 0.06315913
0.39092838 0.06339726
0.38327732 0.06361259
0.37565506 0.06380434
0.36806348 0.06397178
0.36050445 0.06411419
0.35297984 0.06423086
0.34549150 0.06432111
0.33804129 0.06438430
0.33063104 0.06441982
0.32326258 0.06442709
0.31593772 0.06440556
0.30865828 0.06435476
0.30142605 0.06427421
0.29424282 0.06416352
0.28711035 0.06402235
0.28003042 0.06385038
0.27300475 0.06364736
0.26603509 0.06341311
0.25912316 0.06314749
0.25227067 0.06285042
0.24547929 0.06252189
0.23875072 0.06216191
0.23208660 0.06177061
0.22548859 0.06134813
0.21895831 0.06089468
0.21249737 0.06041053
0.20610737 0.05989602
0.19978989 0.05935152
0.19354647 0.05877748
0.18737867 0.05817437
0.18128801 0.05754274
0.17527598 0.05688316
0.16934407 0.05619628
0.16349374 0.05548276
0.15772645 0.05474331
0.15204360 0.05397869
0.14644661 0.05318967
0.14093685 0.05237707
0.13551569 0.05154172
0.13018445 0.05068449
0.12494447 0.04980626
0.11979702 0.04890793
0.11474338 0.04799041
0.10978480 0.04705463
0.10492249 0.04610150
0.10015767 0.04513197
0.09549150 0.04414696
0.09092514 0.04314740
0.08645971 0.04213420
0.08209632 0.04110827
0.07783604 0.04007050
0.07367992 0.03902177
0.06962899 0.03796294
0.06568424 0.03689484
0.06184666 0.03581829
0.05811718 0.03473405
0.05449674 0.03364290
0.05098621 0.03254555
0.04758647 0.03144270
0.04429836 0.03033500
0.04112269 0.02922308
0.03806023 0.02810752
0.03511176 0.02698887
0.03227798 0.02586764
0.02955962 0.02474430
0.02695732 0.02361930
0.02447174 0.02249301
0.02210349 0.02136581
0.01985316 0.02023801
0.01772129 0.01910989
0.01570842 0.01798170
0.01381504 0.01685364
0.01204162 0.01572590
0.01038859 0.01459862
0.00885637 0.01347189
0.00744534 0.01234582
0.00615583 0.01122044
0.00498817 0.01009577
0.00394265 0.00897183
0.00301952 0.00784859
0.00221902 0.00672601
0.00154133 0.00560402
0.00098664 0.00448256
0.00055506 0.00336153
0.00024672 0.00224083
0.00006168 0.00112036
0.00000000 0.00000000
0.00006168 -0.00028293
0.00024672 -0.00056683
0.00055506 -0.00085266
0.00098664 -0.00114136
0.00154133 -0.00143386
0.00221902 -0.00173104
0.00301952 -0.00203374
0.00394265 -0.00234278
0.00498817 -0.00265888
0.00615583 -0.00298273
0.00744534 -0.00331495
0.00885637 -0.00365607
0.01038859 -0.00400656
0.01204162 -0.00436678
0.01381504 -0.00473703
0.01570842 -0.00511750
0.01772129 -0.00550829
0.01985316 -0.00590939
0.02210349 -0.00632071
0.02447174 -0.00674206
0.02695732 -0.00717312
0.02955962 -0.00761349
0.03227798 -0.00806268
0.03511176 -0.00852009
0.03806023 -0.00898501
0.04112269 -0.00945666
0.04429836 -0.00993416
0.04758647 -0.01041654
0.05098621 -0.01090276
0.05449674 -0.01139170
0.05811718 -0.01188218
0.06184666 -0.01237292
0.06568424 -0.01286264
0.06962899 -0.01334996
0.07367992 -0.01383348
0.07783604 -0.01431178
0.08209632 -0.01478338
0.08645971 -0.01524681
0.09092514 -0.01570057
0.09549150 -0.01614318
0.10015767 -0.01657315
0.10492249 -0.01698901
0.10978480 -0.01738932
0.11474338 -0.01777265
0.11979702 -0.01813763
0.12494447 -0.01848295
0.13018445 -0.01880731
0.13551569 -0.01910953
0.14093685 -0.01938844
0.14644661 -0.01964299
0.15204360 -0.01987220
0.15772645 -0.02007516
0.16349374 -0.02025108
0.16934407 -0.02039925
0.17527598 -0.02051905
0.18128801 -0.02060998
0.18737867 -0.02067165
0.19354647 -0.02070377
0.19978989 -0.02070617
0.20610737 -0.02067876
0.21249737 -0.02062161
0.21895831 -0.02053486
0.22548859 -0.02041879
0.23208660 -0.02027377
0.23875072 -0.02010028
0.24547929 -0.01989892
0.25227067 -0.01967036
0.25912316 -0.01941539
0.26603509 -0.01913490
0.27300475 -0.01882986
0.28003042 -0.01850130
0.28711035 -0.01815037
0.29424282 -0.01777826
0.30142605 -0.01738623
0.30865828 -0.01697563
0.31593772 -0.01654782
0.32326258 -0.01610424
0.33063104 -0.01564635
0.33804129 -0.01517564
0.34549150 -0.01469364
0.35297984 -0.01420189
0.36050445 -0.01370194
0.36806348 -0.01319535
0.37565506 -0.01268366
0.38327732 -0.01216841
0.39092838 -0.01165113
0.39860635 -0.01113331
0.40630934 -0.01061643
0.41403545 -0.01010191
0.42178277 -0.00959116
0.42954938 -0.00908551
0.43733338 -0.00858625
0.44513284 -0.00809462
0.45294584 -0.00761179
0.46077045 -0.00713888
0.46860474 -0.00667692
0.47644677 -0.00622688
0.48429462 -0.00578967
0.49214634 -0.00536609
0.50000000 -0.00495689
0.50785366 -0.00456274
0.51570538 -0.00418422
0.52355323 -0.00382183
0.53139526 -0.00347598
0.53922955 -0.00314704
0.54705416 -0.00283526
0.55486716 -0.00254082
0.56266662 -0.00226384
0.57045062 -0.00200435
0.57821723 -0.00176232
0.58596455 -0.00153765
0.59369066 -0.00133015
0.60139365 -0.00113960
0.60907162 -0.00096570
0.61672268 -0.00080810
0.62434494 -0.00066639
0.63193652 -0.00054012
0.63949555 -0.00042879
0.64702016 -0.00033185
0.65450850 -0.00024874
0.66195871 -0.00017884
0.66936896 -0.00012150
0.67673742 -0.00007608
0.68406228 -0.00004187
0.69134172 -0.00001819
0.69857395 -0.00000432
0.70575718 0.00000046
0.71288965 -0.00000313
0.71996958 -0.00001435
0.72699525 -0.00003250
0.73396491 -0.00005684
0.74087684 -0.00008668
0.74772933 -0.00012133
0.75452071 -0.00016010
0.76124928 -0.00020233
0.76791340 -0.00024739
0.77451141 -0.00029466
0.78104169 -0.00034355
0.78750263 -0.00039349
0.79389263 -0.00044395
0.80021011 -0.00049443
0.80645353 -0.00054444
0.81262133 -0.00059355
0.81871199 -0.00064134
0.82472402 -0.00068744
0.83065593 -0.00073150
0.83650626 -0.00077321
0.84227355 -0.00081229
0.84795640 -0.00084851
0.85355339 -0.00088165
0.85906315 -0.00091152
0.86448431 -0.00093800
0.86981555 -0.00096095
0.87505553 -0.00098029
0.88020298 -0.00099596
0.88525662 -0.00100795
0.89021520 -0.00101623
0.89507751 -0.00102083
0.89984233 -0.00102181
0.90450850 -0.00101922
0.90907486 -0.00101316
0.91354029 -0.00100373
0.91790368 -0.00099106
0.92216396 -0.00097529
0.92632008 -0.00095659
0.93037101 -0.00093511
0.93431576 -0.00091105
0.93815334 -0.00088459
0.94188282 -0.00085593
0.94550326 -0.00082529
0.94901379 -0.00079288
0.95241353 -0.00075892
0.95570164 -0.00072363
0.95887731 -0.00068723
0.96193977 -0.00064995
0.96488824 -0.00061202
0.96772202 -0.00057365
0.97044038 -0.00053508
0.97304268 -0.00049651
0.97552826 -0.00045816
0.97789651 -0.00042024
0.98014684 -0.00038295
0.98227871 -0.00034649
0.98429158 -0.00031105
0.98618496 -0.00027680
0.98795838 -0.00024392
0.98961141 -0.00021258
0.99114363 -0.00018292
0.99255466 -0.00015508
0.99384417 -0.00012922
0.99501183 -0.00010543
0.99605735 -0.00008385
0.99698048 -0.00006456
0.99778098 -0.00004767
0.99845867 -0.00003324
0.99901336 -0.00002134
0.99944494 -0.00001203
0.99975328 -0.00000535
0.99993832 -0.00000133
1.00000000 0.00000001
