sample_1366
1.00000000 0.00000001
0.99993832 0.00001141
0.99975328 0.00004558
0.99944494 0.00010252
0.99901336 0.00018223
0.99845867 0.00028469
0.99778098 0.00040988
0.99698048 0.00055778
0.99605735 0.00072837
0.99501183 0.00092161
0.99384417 0.00113747
0.99255466 0.00137591
0.99114363 0.00163689
0.98961141 0.00192037
0.98795838 0.00222628
0.98618496 0.00255459
0.98429158 0.00290521
0.98227871 0.00327810
0.98014684 0.00367317
0.97789651 0.00409036
0.97552826 0.00452958
0.97304268 0.00499073
0.97044038 0.00547373
0.96772202 0.00597847
0.96488824 0.00650483
0.96193977 0.00705270
0.95887731 0.00762194
0.95570164 0.00821241
0.95241353 0.00882396
0.94901379 0.00945642
0.94550326 0.01010961
0.94188282 0.01078333
0.93815334 0.01147738
0.93431576 0.01219154
0.93037101 0.01292554
0.92632008 0.01367914
0.92216396 0.01445204
0.91790368 0.01524394
0.91354029 0.01605451
0.90907486 0.01688340
0.90450850 0.01773022
0.89984233 0.01859459
0.89507751 0.01947605
0.89021520 0.02037416
0.88525662 0.02128843
0.88020298 0.02221834
0.87505553 0.02316333
0.86981555 0.02412284
0.86448431 0.02509624
0.85906315 0.02608289
0.85355339 0.02708213
0.84795640 0.02809324
0.84227355 0.02911549
0.83650626 0.03014810
0.83065593 0.03119027
0.82472402 0.03224117
0.81871199 0.03329995
0.81262133 0.03436571
0.80645353 0.03543754
0.80021011 0.03651450
0.79389263 0.03759561
0.78750263 0.03867989
0.78104169 0.03976634
0.77451141 0.04085393
0.76791340 0.04194161
0.76124928 0.04302833
0.75452071 0.04411301
0.74772933 0.04519459
0.74087684 0.04627198
0.73396491 0.04734409
0.72699525 0.04840984
0.71996958 0.04946815
0.71288965 0.05051793
0.70575718 0.05155811
0.69857395 0.05258764
0.69134172 0.05360547
0.68406228 0.05461057
0.67673742 0.05560193
0.66936896 0.05657856
0.66195871 0.05753951
0.65450850 0.05848382
0.64702016 0.05941061
0.63949555 0.06031899
0.63193652 0.06120812
0.62434494 0.06207719
0.61672268 0.06292543
0.60907162 0.06375211
0.60139365 0.06455654
0.59369066 0.06533806
0.58596455 0.06609606
0.57821723 0.06682997
0.57045062 0.06753925
0.56266662 0.06822342
0.55486716 0.06888203
0.54705416 0.06951467
0.53922955 0.07012097
0.53139526 0.07070059
0.52355323 0.07125326
0.51570538 0.07177872
0.50785366 0.07227674
0.50000000 0.07274714
0.49214634 0.07318977
0.48429462 0.07360450
0.47644677 0.07399123
0.46860474 0.07434989
0.46077045 0.07468045
0.45294584 0.07498286
0.44513284 0.07525713
0.43733338 0.07550327
0.42954938 0.07572130
0.42178277 0.07591126
0.41403545 0.07607321
0.40630934 0.07620720
0.39860635 0.07631329
0.39092838 0.07639157
0.38327732 0.07644209
0.37565506 0.07646494
0.36806348 0.07646020
0.36050445 0.07642794
0.35297984 0.07636824
0.34549150 0.07628116
0.33804129 0.07616678
0.33063104 0.07602516
0.32326258 0.07585636
0.31593772 0.07566045
0.30865828 0.07543746
0.30142605 0.07518746
0.29424282 0.07491050
0.28711035 0.07460661
0.28003042 0.07427585
0.27300475 0.07391826
0.26603509 0.07353388
0.25912316 0.07312277
0.25227067 0.07268498
0.24547929 0.07222056
0.23875072 0.07172958
0.23208660 0.07121212
0.22548859 0.07066826
0.21895831 0.07009809
0.21249737 0.06950174
0.20610737 0.06887933
0.19978989 0.06823099
0.19354647 0.06755691
0.18737867 0.06685725
0.18128801 0.06613223
0.17527598 0.06538208
0.16934407 0.06460705
0.16349374 0.06380741
0.15772645 0.06298349
0.15204360 0.06213560
0.14644661 0.06126411
0.14093685 0.06036941
0.13551569 0.05945191
0.13018445 0.05851205
0.12494447 0.05755031
0.11979702 0.05656718
0.11474338 0.05556317
0.10978480 0.05453885
0.10492249 0.05349477
0.10015767 0.05243152
0.09549150 0.05134973
0.09092514 0.05025001
0.08645971 0.04913301
0.08209632 0.04799939
0.07783604 0.04684983
0.07367992 0.04568501
0.06962899 0.04450561
0.06568424 0.04331233
0.06184666 0.04210587
0.05811718 0.04088691
0.05449674 0.03965615
0.05098621 0.03841428
0.04758647 0.03716198
0.04429836 0.03589991
0.04112269 0.03462873
0.03806023 0.03334907
0.03511176 0.03206156
0.03227798 0.03076680
0.02955962 0.02946537
0.02695732 0.02815783
0.02447174 0.02684472
0.02210349 0.02552654
0.01985316 0.02420377
0.01772129 0.02287687
0.01570842 0.02154627
0.01381504 0.02021237
0.01204162 0.01887553
0.01038859 0.01753610
0.00885637 0.01619441
0.00744534 0.01485073
0.00615583 0.01350533
0.00498817 0.01215846
0.00394265 0.01081032
0.00301952 0.00946113
0.00221902 0.00811105
0.00154133 0.00676024
0.00098664 0.00540886
0.00055506 0.00405702
0.00024672 0.00270486
0.00006168 0.00135248
0.00000000 0.00000000
0.00006168 -0.00096097
0.00024672 -0.00191965
0.00055506 -0.00287374
0.00098664 -0.00382098
0.00154133 -0.00475913
0.00221902 -0.00568599
0.00301952 -0.00659940
0.00394265 -0.00749726
0.00498817 -0.00837752
0.00615583 -0.00923822
0.00744534 -0.01007746
0.00885637 -0.01089344
0.01038859 -0.01168444
0.01204162 -0.01244885
0.01381504 -0.01318516
0.01570842 -0.01389196
0.01772129 -0.01456797
0.01985316 -0.01521201
0.02210349 -0.01582304
0.02447174 -0.01640013
0.02695732 -0.01694248
0.02955962 -0.01744942
0.03227798 -0.01792040
0.03511176 -0.01835502
0.03806023 -0.01875299
0.04112269 -0.01911415
0.04429836 -0.01943846
0.04758647 -0.01972603
0.05098621 -0.01997706
0.05449674 -0.02019188
0.05811718 -0.02037094
0.06184666 -0.02051479
0.06568424 -0.02062409
0.06962899 -0.02069959
0.07367992 -0.02074214
0.07783604 -0.02075269
0.08209632 -0.02073224
0.08645971 -0.02068190
0.09092514 -0.02060282
0.09549150 -0.02049623
0.10015767 -0.02036340
0.10492249 -0.02020564
0.10978480 -0.02002433
0.11474338 -0.01982085
0.11979702 -0.01959662
0.12494447 -0.01935307
0.13018445 -0.01909164
0.13551569 -0.01881377
0.14093685 -0.01852091
0.14644661 -0.01821449
0.15204360 -0.01789592
0.15772645 -0.01756659
0.16349374 -0.01722786
0.16934407 -0.01688107
0.17527598 -0.01652749
0.18128801 -0.01616838
0.18737867 -0.01580493
0.19354647 -0.01543830
0.19978989 -0.01506956
0.20610737 -0.01469977
0.21249737 -0.01432989
0.21895831 -0.01396083
0.22548859 -0.01359346
0.23208660 -0.01322854
0.23875072 -0.01286682
0.24547929 -0.01250894
0.25227067 -0.01215550
0.25912316 -0.01180702
0.26603509 -0.01146398
0.27300475 -0.01112677
0.28003042 -0.01079575
0.28711035 -0.01047121
0.29424282 -0.01015337
0.30142605 -0.00984243
0.30865828 -0.00953851
0.31593772 -0.00924170
0.32326258 -0.00895205
0.33063104 -0.00866957
0.33804129 -0.00839421
0.34549150 -0.00812593
0.35297984 -0.00786464
0.36050445 -0.00761021
0.36806348 -0.00736252
0.37565506 -0.00712142
0.38327732 -0.00688674
0.39092838 -0.00665830
0.39860635 -0.00643593
0.40630934 -0.00621944
0.41403545 -0.00600866
0.42178277 -0.00580339
0.42954938 -0.00560347
0.43733338 -0.00540873
0.44513284 -0.00521900
0.45294584 -0.00503415
0.46077045 -0.00485405
0.46860474 -0.00467858
0.47644677 -0.00450764
0.48429462 -0.00434115
0.49214634 -0.00417903
0.50000000 -0.00402126
0.50785366 -0.00386779
0.51570538 -0.00371862
0.52355323 -0.00357376
0.53139526 -0.00343321
0.53922955 -0.00329703
0.54705416 -0.00316527
0.55486716 -0.00303798
0.56266662 -0.00291525
0.57045062 -0.00279716
0.57821723 -0.00268380
0.58596455 -0.00257528
0.59369066 -0.00247168
0.60139365 -0.00237312
0.60907162 -0.00227970
0.61672268 -0.00219152
0.62434494 -0.00210866
0.63193652 -0.00203122
0.63949555 -0.00195927
0.64702016 -0.00189287
0.65450850 -0.00183207
0.66195871 -0.00177690
0.66936896 -0.00172739
0.67673742 -0.00168352
0.68406228 -0.00164527
0.69134172 -0.00161259
0.69857395 -0.00158543
0.70575718 -0.00156367
0.71288965 -0.00154720
0.71996958 -0.00153588
0.72699525 -0.00152954
0.73396491 -0.00152798
0.74087684 -0.00153099
0.74772933 -0.00153832
0.75452071 -0.00154971
0.76124928 -0.00156486
0.76791340 -0.00158347
0.77451141 -0.00160520
0.78104169 -0.00162971
0.78750263 -0.00165662
0.79389263 -0.00168557
0.80021011 -0.00171615
0.80645353 -0.00174796
0.81262133 -0.00178061
0.81871199 -0.00181366
0.82472402 -0.00184671
0.83065593 -0.00187934
0.83650626 -0.00191113
0.84227355 -0.00194169
0.84795640 -0.00197060
0.85355339 -0.00199750
0.85906315 -0.00202200
0.86448431 -0.00204375
0.86981555 -0.00206243
0.87505553 -0.00207770
0.88020298 -0.00208930
0.88525662 -0.00209695
0.89021520 -0.00210043
0.89507751 -0.00209953
0.89984233 -0.00209408
0.90450850 -0.00208395
0.90907486 -0.00206904
0.91354029 -0.00204927
0.91790368 -0.00202463
0.92216396 -0.00199512
0.92632008 -0.00196079
0.93037101 -0.00192170
0.93431576 -0.00187800
0.93815334 -0.00182982
0.94188282 -0.00177735
0.94550326 -0.00172083
0.94901379 -0.00166050
0.95241353 -0.00159665
0.95570164 -0.00152960
0.95887731 -0.00145969
0.96193977 -0.00138728
0.96488824 -0.00131277
0.96772202 -0.00123655
0.97044038 -0.00115906
0.97304268 -0.00108074
0.97552826 -0.00100203
0.97789651 -0.00092340
0.98014684 -0.00084529
0.98227871 -0.00076818
0.98429158 -0.00069252
0.98618496 -0.00061878
0.98795838 -0.00054739
0.98961141 -0.00047878
0.99114363 -0.00041339
0.99255466 -0.00035162
0.99384417 -0.00029383
0.99501183 -0.00024040
0.99605735 -0.00019166
0.99698048 -0.00014790
0.99778098 -0.00010940
0.99845867 -0.00007641
0.99901336 -0.00004913
0.99944494 -0.00002773
0.99975328 -0.00001235
0.99993832 -0.00000308
1.00000000 0.00000001
