sample_1057
1.00000000 0.00000001
0.99993832 0.00001215
0.99975328 0.00004855
0.99944494 0.00010916
0.99901336 0.00019393
0.99845867 0.00030274
0.99778098 0.00043548
0.99698048 0.00059201
0.99605735 0.00077213
0.99501183 0.00097567
0.99384417 0.00120238
0.99255466 0.00145203
0.99114363 0.00172435
0.98961141 0.00201905
0.98795838 0.00233583
0.98618496 0.00267437
0.98429158 0.00303432
0.98227871 0.00341533
0.98014684 0.00381703
0.97789651 0.00423906
0.97552826 0.00468101
0.97304268 0.00514248
0.97044038 0.00562308
0.96772202 0.00612238
0.96488824 0.00663998
0.96193977 0.00717544
0.95887731 0.00772833
0.95570164 0.00829824
0.95241353 0.00888472
0.94901379 0.00948735
0.94550326 0.01010569
0.94188282 0.01073930
0.93815334 0.01138775
0.93431576 0.01205061
0.93037101 0.01272743
0.92632008 0.01341779
0.92216396 0.01412124
0.91790368 0.01483734
0.91354029 0.01556567
0.90907486 0.01630576
0.90450850 0.01705718
0.89984233 0.01781948
0.89507751 0.01859220
0.89021520 0.01937488
0.88525662 0.02016706
0.88020298 0.02096826
0.87505553 0.02177799
0.86981555 0.02259578
0.86448431 0.02342110
0.85906315 0.02425346
0.85355339 0.02509232
0.84795640 0.02593714
0.84227355 0.02678738
0.83650626 0.02764246
0.83065593 0.02850180
0.82472402 0.02936481
0.81871199 0.03023088
0.81262133 0.03109938
0.80645353 0.03196967
0.80021011 0.03284109
0.79389263 0.03371298
0.78750263 0.03458466
0.78104169 0.03545541
0.77451141 0.03632455
0.76791340 0.03719135
0.76124928 0.03805509
0.75452071 0.03891503
0.74772933 0.03977043
0.74087684 0.04062056
0.73396491 0.04146465
0.72699525 0.04230198
0.71996958 0.04313180
0.71288965 0.04395337
0.70575718 0.04476596
0.69857395 0.04556885
0.69134172 0.04636134
0.68406228 0.04714273
0.67673742 0.04791235
0.66936896 0.04866954
0.66195871 0.04941366
0.65450850 0.05014412
0.64702016 0.05086033
0.63949555 0.05156174
0.63193652 0.05224784
0.62434494 0.05291812
0.61672268 0.05357216
0.60907162 0.05420953
0.60139365 0.05482986
0.59369066 0.05543281
0.58596455 0.05601810
0.57821723 0.05658546
0.57045062 0.05713470
0.56266662 0.05766563
0.55486716 0.05817814
0.54705416 0.05867213
0.53922955 0.05914757
0.53139526 0.05960445
0.52355323 0.06004280
0.51570538 0.06046270
0.50785366 0.06086426
0.50000000 0.06124761
0.49214634 0.06161294
0.48429462 0.06196043
0.47644677 0.06229032
0.46860474 0.06260287
0.46077045 0.06289834
0.45294584 0.06317702
0.44513284 0.06343921
0.43733338 0.06368523
0.42954938 0.06391540
0.42178277 0.06413003
0.41403545 0.06432945
0.40630934 0.06451398
0.39860635 0.06468391
0.39092838 0.06483956
0.38327732 0.06498119
0.37565506 0.06510908
0.36806348 0.06522345
0.36050445 0.06532452
0.35297984 0.06541247
0.34549150 0.06548746
0.33804129 0.06554961
0.33063104 0.06559898
0.32326258 0.06563563
0.31593772 0.06565955
0.30865828 0.06567069
0.30142605 0.06566898
0.29424282 0.06565427
0.28711035 0.06562638
0.28003042 0.06558509
0.27300475 0.06553013
0.26603509 0.06546117
0.25912316 0.06537785
0.25227067 0.06527975
0.24547929 0.06516641
0.23875072 0.06503735
0.23208660 0.06489202
0.22548859 0.06472984
0.21895831 0.06455019
0.21249737 0.06435243
0.20610737 0.06413588
0.19978989 0.06389984
0.19354647 0.06364356
0.18737867 0.06336630
0.18128801 0.06306730
0.17527598 0.06274576
0.16934407 0.06240090
0.16349374 0.06203192
0.15772645 0.06163803
0.15204360 0.06121843
0.14644661 0.06077234
0.14093685 0.06029898
0.13551569 0.05979761
0.13018445 0.05926747
0.12494447 0.05870787
0.11979702 0.05811813
0.11474338 0.05749758
0.10978480 0.05684564
0.10492249 0.05616171
0.10015767 0.05544529
0.09549150 0.05469588
0.09092514 0.05391308
0.08645971 0.05309649
0.08209632 0.05224582
0.07783604 0.05136080
0.07367992 0.05044125
0.06962899 0.04948703
0.06568424 0.04849809
0.06184666 0.04747442
0.05811718 0.04641611
0.05449674 0.04532330
0.05098621 0.04419621
0.04758647 0.04303512
0.04429836 0.04184040
0.04112269 0.04061247
0.03806023 0.03935185
0.03511176 0.03805910
0.03227798 0.03673488
0.02955962 0.03537991
0.02695732 0.03399495
0.02447174 0.03258088
0.02210349 0.03113861
0.01985316 0.02966911
0.01772129 0.02817343
0.01570842 0.02665268
0.01381504 0.02510802
0.01204162 0.02354065
0.01038859 0.02195186
0.00885637 0.02034296
0.00744534 0.01871530
0.00615583 0.01707030
0.00498817 0.01540940
0.00394265 0.01373409
0.00301952 0.01204588
0.00221902 0.01034632
0.00154133 0.00863698
0.00098664 0.00691945
0.00055506 0.00519536
0.00024672 0.00346632
0.00006168 0.00173399
0.00000000 0.00000000
0.00006168 -0.00057750
0.00024672 -0.00115518
0.00055506 -0.00173322
0.00098664 -0.00231177
0.00154133 -0.00289099
0.00221902 -0.00347102
0.00301952 -0.00405198
0.00394265 -0.00463395
0.00498817 -0.00521702
0.00615583 -0.00580120
0.00744534 -0.00638650
0.00885637 -0.00697288
0.01038859 -0.00756028
0.01204162 -0.00814857
0.01381504 -0.00873759
0.01570842 -0.00932714
0.01772129 -0.00991695
0.01985316 -0.01050674
0.02210349 -0.01109615
0.02447174 -0.01168478
0.02695732 -0.01227219
0.02955962 -0.01285787
0.03227798 -0.01344127
0.03511176 -0.01402182
0.03806023 -0.01459886
0.04112269 -0.01517173
0.04429836 -0.01573968
0.04758647 -0.01630197
0.05098621 -0.01685778
0.05449674 -0.01740629
0.05811718 -0.01794664
0.06184666 -0.01847793
0.06568424 -0.01899926
0.06962899 -0.01950969
0.07367992 -0.02000827
0.07783604 -0.02049405
0.08209632 -0.02096607
0.08645971 -0.02142337
0.09092514 -0.02186499
0.09549150 -0.02228998
0.10015767 -0.02269740
0.10492249 -0.02308634
0.10978480 -0.02345591
0.11474338 -0.02380523
0.11979702 -0.02413348
0.12494447 -0.02443985
0.13018445 -0.02472360
0.13551569 -0.02498402
0.14093685 -0.02522045
0.14644661 -0.02543227
0.15204360 -0.02561896
0.15772645 -0.02578001
0.16349374 -0.02591501
0.16934407 -0.02602360
0.17527598 -0.02610549
0.18128801 -0.02616047
0.18737867 -0.02618839
0.19354647 -0.02618919
0.19978989 -0.02616286
0.20610737 -0.02610949
0.21249737 -0.02602925
0.21895831 -0.02592236
0.22548859 -0.02578913
0.23208660 -0.02562995
0.23875072 -0.02544528
0.24547929 -0.02523564
0.25227067 -0.02500165
0.25912316 -0.02474397
0.26603509 -0.02446334
0.27300475 -0.02416056
0.28003042 -0.02383647
0.28711035 -0.02349201
0.29424282 -0.02312813
0.30142605 -0.02274586
0.30865828 -0.02234625
0.31593772 -0.02193041
0.32326258 -0.02149947
0.33063104 -0.02105461
0.33804129 -0.02059701
0.34549150 -0.02012790
0.35297984 -0.01964851
0.36050445 -0.01916008
0.36806348 -0.01866388
0.37565506 -0.01816115
0.38327732 -0.01765316
0.39092838 -0.01714114
0.39860635 -0.01662633
0.40630934 -0.01610996
0.41403545 -0.01559320
0.42178277 -0.01507725
0.42954938 -0.01456323
0.43733338 -0.01405226
0.44513284 -0.01354541
0.45294584 -0.01304370
0.46077045 -0.01254813
0.46860474 -0.01205962
0.47644677 -0.01157908
0.48429462 -0.01110734
0.49214634 -0.01064519
0.50000000 -0.01019334
0.50785366 -0.00975247
0.51570538 -0.00932319
0.52355323 -0.00890605
0.53139526 -0.00850154
0.53922955 -0.00811009
0.54705416 -0.00773206
0.55486716 -0.00736778
0.56266662 -0.00701747
0.57045062 -0.00668133
0.57821723 -0.00635948
0.58596455 -0.00605201
0.59369066 -0.00575892
0.60139365 -0.00548017
0.60907162 -0.00521569
0.61672268 -0.00496532
0.62434494 -0.00472887
0.63193652 -0.00450613
0.63949555 -0.00429681
0.64702016 -0.00410059
0.65450850 -0.00391713
0.66195871 -0.00374604
0.66936896 -0.00358691
0.67673742 -0.00343929
0.68406228 -0.00330271
0.69134172 -0.00317669
0.69857395 -0.00306071
0.70575718 -0.00295426
0.71288965 -0.00285680
0.71996958 -0.00276779
0.72699525 -0.00268667
0.73396491 -0.00261290
0.74087684 -0.00254591
0.74772933 -0.00248517
0.75452071 -0.00243012
0.76124928 -0.00238023
0.76791340 -0.00233497
0.77451141 -0.00229383
0.78104169 -0.00225630
0.78750263 -0.00222189
0.79389263 -0.00219014
0.80021011 -0.00216061
0.80645353 -0.00213285
0.81262133 -0.00210648
0.81871199 -0.00208110
0.82472402 -0.00205635
0.83065593 -0.00203192
0.83650626 -0.00200747
0.84227355 -0.00198274
0.84795640 -0.00195747
0.85355339 -0.00193142
0.85906315 -0.00190439
0.86448431 -0.00187621
0.86981555 -0.00184673
0.87505553 -0.00181581
0.88020298 -0.00178335
0.88525662 -0.00174928
0.89021520 -0.00171354
0.89507751 -0.00167609
0.89984233 -0.00163694
0.90450850 -0.00159609
0.90907486 -0.00155356
0.91354029 -0.00150942
0.91790368 -0.00146372
0.92216396 -0.00141654
0.92632008 -0.00136799
0.93037101 -0.00131817
0.93431576 -0.00126721
0.93815334 -0.00121524
0.94188282 -0.00116242
0.94550326 -0.00110888
0.94901379 -0.00105480
0.95241353 -0.00100033
0.95570164 -0.00094567
0.95887731 -0.00089097
0.96193977 -0.00083642
0.96488824 -0.00078221
0.96772202 -0.00072851
0.97044038 -0.00067551
0.97304268 -0.00062339
0.97552826 -0.00057232
0.97789651 -0.00052249
0.98014684 -0.00047407
0.98227871 -0.00042722
0.98429158 -0.00038210
0.98618496 -0.00033888
0.98795838 -0.00029770
0.98961141 -0.00025871
0.99114363 -0.00022204
0.99255466 -0.00018782
0.99384417 -0.00015616
0.99501183 -0.00012718
0.99605735 -0.00010098
0.99698048 -0.00007764
0.99778098 -0.00005725
0.99845867 -0.00003988
0.99901336 -0.00002559
0.99944494 -0.00001441
0.99975328 -0.00000641
0.99993832 -0.00000159
1.00000000 0.00000001
