sample_536
1.00000000 0.00000001
0.99993832 0.00001217
0.99975328 0.00004862
0.99944494 0.00010931
0.99901336 0.00019414
0.99845867 0.00030299
0.99778098 0.00043569
0.99698048 0.00059205
0.99605735 0.00077183
0.99501183 0.00097476
0.99384417 0.00120054
0.99255466 0.00144885
0.99114363 0.00171932
0.98961141 0.00201156
0.98795838 0.00232516
0.98618496 0.00265967
0.98429158 0.00301464
0.98227871 0.00338957
0.98014684 0.00378396
0.97789651 0.00419729
0.97552826 0.00462902
0.97304268 0.00507860
0.97044038 0.00554548
0.96772202 0.00602907
0.96488824 0.00652882
0.96193977 0.00704415
0.95887731 0.00757448
0.95570164 0.00811923
0.95241353 0.00867785
0.94901379 0.00924976
0.94550326 0.00983443
0.94188282 0.01043132
0.93815334 0.01103990
0.93431576 0.01165968
0.93037101 0.01229018
0.92632008 0.01293093
0.92216396 0.01358150
0.91790368 0.01424148
0.91354029 0.01491050
0.90907486 0.01558820
0.90450850 0.01627427
0.89984233 0.01696843
0.89507751 0.01767043
0.89021520 0.01838005
0.88525662 0.01909711
0.88020298 0.01982146
0.87505553 0.02055301
0.86981555 0.02129167
0.86448431 0.02203741
0.85906315 0.02279023
0.85355339 0.02355014
0.84795640 0.02431721
0.84227355 0.02509154
0.83650626 0.02587322
0.83065593 0.02666242
0.82472402 0.02745928
0.81871199 0.02826399
0.81262133 0.02907675
0.80645353 0.02989777
0.80021011 0.03072727
0.79389263 0.03156547
0.78750263 0.03241261
0.78104169 0.03326889
0.77451141 0.03413455
0.76791340 0.03500977
0.76124928 0.03589474
0.75452071 0.03678963
0.74772933 0.03769457
0.74087684 0.03860966
0.73396491 0.03953498
0.72699525 0.04047054
0.71996958 0.04141634
0.71288965 0.04237230
0.70575718 0.04333830
0.69857395 0.04431415
0.69134172 0.04529962
0.68406228 0.04629439
0.67673742 0.04729809
0.66936896 0.04831027
0.66195871 0.04933039
0.65450850 0.05035787
0.64702016 0.05139202
0.63949555 0.05243207
0.63193652 0.05347719
0.62434494 0.05452647
0.61672268 0.05557888
0.60907162 0.05663336
0.60139365 0.05768874
0.59369066 0.05874377
0.58596455 0.05979716
0.57821723 0.06084750
0.57045062 0.06189334
0.56266662 0.06293315
0.55486716 0.06396536
0.54705416 0.06498831
0.53922955 0.06600031
0.53139526 0.06699962
0.52355323 0.06798446
0.51570538 0.06895301
0.50785366 0.06990341
0.50000000 0.07083381
0.49214634 0.07174232
0.48429462 0.07262704
0.47644677 0.07348610
0.46860474 0.07431760
0.46077045 0.07511969
0.45294584 0.07589052
0.44513284 0.07662827
0.43733338 0.07733118
0.42954938 0.07799752
0.42178277 0.07862561
0.41403545 0.07921384
0.40630934 0.07976067
0.39860635 0.08026464
0.39092838 0.08072434
0.38327732 0.08113848
0.37565506 0.08150585
0.36806348 0.08182534
0.36050445 0.08209595
0.35297984 0.08231677
0.34549150 0.08248701
0.33804129 0.08260601
0.33063104 0.08267319
0.32326258 0.08268813
0.31593772 0.08265050
0.30865828 0.08256011
0.30142605 0.08241689
0.29424282 0.08222088
0.28711035 0.08197224
0.28003042 0.08167128
0.27300475 0.08131839
0.26603509 0.08091410
0.25912316 0.08045905
0.25227067 0.07995396
0.24547929 0.07939970
0.23875072 0.07879721
0.23208660 0.07814754
0.22548859 0.07745182
0.21895831 0.07671127
0.21249737 0.07592719
0.20610737 0.07510096
0.19978989 0.07423400
0.19354647 0.07332782
0.18737867 0.07238397
0.18128801 0.07140405
0.17527598 0.07038970
0.16934407 0.06934257
0.16349374 0.06826438
0.15772645 0.06715682
0.15204360 0.06602162
0.14644661 0.06486051
0.14093685 0.06367522
0.13551569 0.06246747
0.13018445 0.06123895
0.12494447 0.05999134
0.11979702 0.05872632
0.11474338 0.05744549
0.10978480 0.05615045
0.10492249 0.05484274
0.10015767 0.05352387
0.09549150 0.05219528
0.09092514 0.05085837
0.08645971 0.04951448
0.08209632 0.04816489
0.07783604 0.04681082
0.07367992 0.04545342
0.06962899 0.04409377
0.06568424 0.04273290
0.06184666 0.04137176
0.05811718 0.04001121
0.05449674 0.03865209
0.05098621 0.03729512
0.04758647 0.03594098
0.04429836 0.03459027
0.04112269 0.03324352
0.03806023 0.03190120
0.03511176 0.03056370
0.03227798 0.02923138
0.02955962 0.02790449
0.02695732 0.02658324
0.02447174 0.02526781
0.02210349 0.02395827
0.01985316 0.02265468
0.01772129 0.02135702
0.01570842 0.02006524
0.01381504 0.01877923
0.01204162 0.01749885
0.01038859 0.01622391
0.00885637 0.01495417
0.00744534 0.01368937
0.00615583 0.01242922
0.00498817 0.01117339
0.00394265 0.00992152
0.00301952 0.00867325
0.00221902 0.00742815
0.00154133 0.00618583
0.00098664 0.00494583
0.00055506 0.00370771
0.00024672 0.00247102
0.00006168 0.00123527
0.00000000 0.00000000
0.00006168 -0.00102016
0.00024672 -0.00203822
0.00055506 -0.00305206
0.00098664 -0.00405962
0.00154133 -0.00505884
0.00221902 -0.00604770
0.00301952 -0.00702424
0.00394265 -0.00798654
0.00498817 -0.00893275
0.00615583 -0.00986108
0.00744534 -0.01076983
0.00885637 -0.01165738
0.01038859 -0.01252220
0.01204162 -0.01336285
0.01381504 -0.01417800
0.01570842 -0.01496642
0.01772129 -0.01572700
0.01985316 -0.01645872
0.02210349 -0.01716069
0.02447174 -0.01783215
0.02695732 -0.01847243
0.02955962 -0.01908100
0.03227798 -0.01965743
0.03511176 -0.02020141
0.03806023 -0.02071277
0.04112269 -0.02119142
0.04429836 -0.02163739
0.04758647 -0.02205082
0.05098621 -0.02243196
0.05449674 -0.02278113
0.05811718 -0.02309878
0.06184666 -0.02338542
0.06568424 -0.02364165
0.06962899 -0.02386814
0.07367992 -0.02406565
0.07783604 -0.02423498
0.08209632 -0.02437699
0.08645971 -0.02449259
0.09092514 -0.02458276
0.09549150 -0.02464846
0.10015767 -0.02469074
0.10492249 -0.02471063
0.10978480 -0.02470918
0.11474338 -0.02468748
0.11979702 -0.02464659
0.12494447 -0.02458759
0.13018445 -0.02451153
0.13551569 -0.02441947
0.14093685 -0.02431244
0.14644661 -0.02419145
0.15204360 -0.02405748
0.15772645 -0.02391149
0.16349374 -0.02375439
0.16934407 -0.02358708
0.17527598 -0.02341041
0.18128801 -0.02322517
0.18737867 -0.02303214
0.19354647 -0.02283205
0.19978989 -0.02262558
0.20610737 -0.02241336
0.21249737 -0.02219600
0.21895831 -0.02197406
0.22548859 -0.02174805
0.23208660 -0.02151846
0.23875072 -0.02128571
0.24547929 -0.02105022
0.25227067 -0.02081237
0.25912316 -0.02057248
0.26603509 -0.02033087
0.27300475 -0.02008783
0.28003042 -0.01984362
0.28711035 -0.01959847
0.29424282 -0.01935262
0.30142605 -0.01910626
0.30865828 -0.01885959
0.31593772 -0.01861279
0.32326258 -0.01836604
0.33063104 -0.01811949
0.33804129 -0.01787333
0.34549150 -0.01762770
0.35297984 -0.01738276
0.36050445 -0.01713869
0.36806348 -0.01689564
0.37565506 -0.01665377
0.38327732 -0.01641327
0.39092838 -0.01617430
0.39860635 -0.01593704
0.40630934 -0.01570168
0.41403545 -0.01546841
0.42178277 -0.01523742
0.42954938 -0.01500890
0.43733338 -0.01478305
0.44513284 -0.01456007
0.45294584 -0.01434016
0.46077045 -0.01412352
0.46860474 -0.01391033
0.47644677 -0.01370080
0.48429462 -0.01349510
0.49214634 -0.01329340
0.50000000 -0.01309588
0.50785366 -0.01290268
0.51570538 -0.01271395
0.52355323 -0.01252980
0.53139526 -0.01235035
0.53922955 -0.01217567
0.54705416 -0.01200584
0.55486716 -0.01184091
0.56266662 -0.01168088
0.57045062 -0.01152577
0.57821723 -0.01137555
0.58596455 -0.01123016
0.59369066 -0.01108953
0.60139365 -0.01095356
0.60907162 -0.01082210
0.61672268 -0.01069502
0.62434494 -0.01057213
0.63193652 -0.01045321
0.63949555 -0.01033806
0.64702016 -0.01022640
0.65450850 -0.01011798
0.66195871 -0.01001249
0.66936896 -0.00990963
0.67673742 -0.00980908
0.68406228 -0.00971049
0.69134172 -0.00961351
0.69857395 -0.00951779
0.70575718 -0.00942295
0.71288965 -0.00932864
0.71996958 -0.00923446
0.72699525 -0.00914007
0.73396491 -0.00904508
0.74087684 -0.00894913
0.74772933 -0.00885188
0.75452071 -0.00875299
0.76124928 -0.00865213
0.76791340 -0.00854898
0.77451141 -0.00844327
0.78104169 -0.00833471
0.78750263 -0.00822306
0.79389263 -0.00810809
0.80021011 -0.00798961
0.80645353 -0.00786744
0.81262133 -0.00774145
0.81871199 -0.00761152
0.82472402 -0.00747756
0.83065593 -0.00733953
0.83650626 -0.00719739
0.84227355 -0.00705117
0.84795640 -0.00690090
0.85355339 -0.00674665
0.85906315 -0.00658851
0.86448431 -0.00642663
0.86981555 -0.00626116
0.87505553 -0.00609227
0.88020298 -0.00592019
0.88525662 -0.00574513
0.89021520 -0.00556737
0.89507751 -0.00538718
0.89984233 -0.00520485
0.90450850 -0.00502070
0.90907486 -0.00483505
0.91354029 -0.00464826
0.91790368 -0.00446066
0.92216396 -0.00427263
0.92632008 -0.00408454
0.93037101 -0.00389675
0.93431576 -0.00370966
0.93815334 -0.00352363
0.94188282 -0.00333905
0.94550326 -0.00315630
0.94901379 -0.00297574
0.95241353 -0.00279776
0.95570164 -0.00262270
0.95887731 -0.00245092
0.96193977 -0.00228277
0.96488824 -0.00211858
0.96772202 -0.00195867
0.97044038 -0.00180335
0.97304268 -0.00165292
0.97552826 -0.00150767
0.97789651 -0.00136786
0.98014684 -0.00123374
0.98227871 -0.00110557
0.98429158 -0.00098356
0.98618496 -0.00086793
0.98795838 -0.00075888
0.98961141 -0.00065658
0.99114363 -0.00056122
0.99255466 -0.00047293
0.99384417 -0.00039187
0.99501183 -0.00031815
0.99605735 -0.00025190
0.99698048 -0.00019321
0.99778098 -0.00014217
0.99845867 -0.00009885
0.99901336 -0.00006333
0.99944494 -0.00003565
0.99975328 -0.00001585
0.99993832 -0.00000395
1.00000000 0.00000001
