sample_899
1.00000000 0.00000001
0.99993832 0.00001129
0.99975328 0.00004508
0.99944494 0.00010137
0.99901336 0.00018006
0.99845867 0.00028108
0.99778098 0.00040428
0.99698048 0.00054952
0.99605735 0.00071661
0.99501183 0.00090536
0.99384417 0.00111555
0.99255466 0.00134692
0.99114363 0.00159920
0.98961141 0.00187211
0.98795838 0.00216536
0.98618496 0.00247861
0.98429158 0.00281154
0.98227871 0.00316380
0.98014684 0.00353505
0.97789651 0.00392492
0.97552826 0.00433306
0.97304268 0.00475910
0.97044038 0.00520267
0.96772202 0.00566341
0.96488824 0.00614096
0.96193977 0.00663497
0.95887731 0.00714508
0.95570164 0.00767098
0.95241353 0.00821232
0.94901379 0.00876882
0.94550326 0.00934016
0.94188282 0.00992609
0.93815334 0.01052633
0.93431576 0.01114066
0.93037101 0.01176886
0.92632008 0.01241074
0.92216396 0.01306613
0.91790368 0.01373488
0.91354029 0.01441688
0.90907486 0.01511201
0.90450850 0.01582022
0.89984233 0.01654144
0.89507751 0.01727566
0.89021520 0.01802287
0.88525662 0.01878309
0.88020298 0.01955636
0.87505553 0.02034273
0.86981555 0.02114228
0.86448431 0.02195511
0.85906315 0.02278132
0.85355339 0.02362101
0.84795640 0.02447433
0.84227355 0.02534140
0.83650626 0.02622234
0.83065593 0.02711731
0.82472402 0.02802643
0.81871199 0.02894983
0.81262133 0.02988763
0.80645353 0.03083992
0.80021011 0.03180680
0.79389263 0.03278834
0.78750263 0.03378457
0.78104169 0.03479552
0.77451141 0.03582118
0.76791340 0.03686149
0.76124928 0.03791638
0.75452071 0.03898570
0.74772933 0.04006930
0.74087684 0.04116694
0.73396491 0.04227837
0.72699525 0.04340324
0.71996958 0.04454119
0.71288965 0.04569177
0.70575718 0.04685446
0.69857395 0.04802872
0.69134172 0.04921390
0.68406228 0.05040930
0.67673742 0.05161415
0.66936896 0.05282762
0.66195871 0.05404880
0.65450850 0.05527670
0.64702016 0.05651029
0.63949555 0.05774843
0.63193652 0.05898996
0.62434494 0.06023360
0.61672268 0.06147804
0.60907162 0.06272190
0.60139365 0.06396373
0.59369066 0.06520202
0.58596455 0.06643522
0.57821723 0.06766170
0.57045062 0.06887981
0.56266662 0.07008783
0.55486716 0.07128402
0.54705416 0.07246658
0.53922955 0.07363370
0.53139526 0.07478353
0.52355323 0.07591421
0.51570538 0.07702386
0.50785366 0.07811058
0.50000000 0.07917248
0.49214634 0.08020765
0.48429462 0.08121423
0.47644677 0.08219033
0.46860474 0.08313410
0.46077045 0.08404371
0.45294584 0.08491737
0.44513284 0.08575334
0.43733338 0.08654988
0.42954938 0.08730536
0.42178277 0.08801815
0.41403545 0.08868674
0.40630934 0.08930962
0.39860635 0.08988542
0.39092838 0.09041281
0.38327732 0.09089054
0.37565506 0.09131746
0.36806348 0.09169251
0.36050445 0.09201473
0.35297984 0.09228324
0.34549150 0.09249727
0.33804129 0.09265616
0.33063104 0.09275935
0.32326258 0.09280640
0.31593772 0.09279695
0.30865828 0.09273079
0.30142605 0.09260778
0.29424282 0.09242793
0.28711035 0.09219133
0.28003042 0.09189820
0.27300475 0.09154886
0.26603509 0.09114373
0.25912316 0.09068336
0.25227067 0.09016837
0.24547929 0.08959952
0.23875072 0.08897762
0.23208660 0.08830362
0.22548859 0.08757853
0.21895831 0.08680346
0.21249737 0.08597960
0.20610737 0.08510821
0.19978989 0.08419062
0.19354647 0.08322824
0.18737867 0.08222254
0.18128801 0.08117503
0.17527598 0.08008729
0.16934407 0.07896093
0.16349374 0.07779761
0.15772645 0.07659901
0.15204360 0.07536685
0.14644661 0.07410287
0.14093685 0.07280881
0.13551569 0.07148644
0.13018445 0.07013751
0.12494447 0.06876379
0.11979702 0.06736702
0.11474338 0.06594895
0.10978480 0.06451128
0.10492249 0.06305571
0.10015767 0.06158390
0.09549150 0.06009749
0.09092514 0.05859804
0.08645971 0.05708712
0.08209632 0.05556621
0.07783604 0.05403676
0.07367992 0.05250016
0.06962899 0.05095773
0.06568424 0.04941075
0.06184666 0.04786042
0.05811718 0.04630788
0.05449674 0.04475419
0.05098621 0.04320034
0.04758647 0.04164728
0.04429836 0.04009583
0.04112269 0.03854680
0.03806023 0.03700086
0.03511176 0.03545867
0.03227798 0.03392076
0.02955962 0.03238761
0.02695732 0.03085964
0.02447174 0.02933717
0.02210349 0.02782046
0.01985316 0.02630972
0.01772129 0.02480505
0.01570842 0.02330653
0.01381504 0.02181413
0.01204162 0.02032780
0.01038859 0.01884741
0.00885637 0.01737278
0.00744534 0.01590368
0.00615583 0.01443982
0.00498817 0.01298088
0.00394265 0.01152648
0.00301952 0.01007623
0.00221902 0.00862967
0.00154133 0.00718634
0.00098664 0.00574574
0.00055506 0.00430735
0.00024672 0.00287063
0.00006168 0.00143503
0.00000000 0.00000000
0.00006168 -0.00065429
0.00024672 -0.00130788
0.00055506 -0.00196008
0.00098664 -0.00261019
0.00154133 -0.00325753
0.00221902 -0.00390142
0.00301952 -0.00454118
0.00394265 -0.00517616
0.00498817 -0.00580571
0.00615583 -0.00642920
0.00744534 -0.00704599
0.00885637 -0.00765550
0.01038859 -0.00825714
0.01204162 -0.00885033
0.01381504 -0.00943453
0.01570842 -0.01000920
0.01772129 -0.01057385
0.01985316 -0.01112797
0.02210349 -0.01167111
0.02447174 -0.01220281
0.02695732 -0.01272265
0.02955962 -0.01323021
0.03227798 -0.01372512
0.03511176 -0.01420701
0.03806023 -0.01467552
0.04112269 -0.01513033
0.04429836 -0.01557114
0.04758647 -0.01599763
0.05098621 -0.01640954
0.05449674 -0.01680660
0.05811718 -0.01718856
0.06184666 -0.01755518
0.06568424 -0.01790624
0.06962899 -0.01824153
0.07367992 -0.01856084
0.07783604 -0.01886399
0.08209632 -0.01915077
0.08645971 -0.01942103
0.09092514 -0.01967459
0.09549150 -0.01991128
0.10015767 -0.02013096
0.10492249 -0.02033346
0.10978480 -0.02051865
0.11474338 -0.02068639
0.11979702 -0.02083654
0.12494447 -0.02096899
0.13018445 -0.02108361
0.13551569 -0.02118029
0.14093685 -0.02125892
0.14644661 -0.02131943
0.15204360 -0.02136171
0.15772645 -0.02138571
0.16349374 -0.02139135
0.16934407 -0.02137861
0.17527598 -0.02134744
0.18128801 -0.02129783
0.18737867 -0.02122979
0.19354647 -0.02114335
0.19978989 -0.02103857
0.20610737 -0.02091550
0.21249737 -0.02077425
0.21895831 -0.02061496
0.22548859 -0.02043777
0.23208660 -0.02024289
0.23875072 -0.02003051
0.24547929 -0.01980092
0.25227067 -0.01955439
0.25912316 -0.01929125
0.26603509 -0.01901187
0.27300475 -0.01871665
0.28003042 -0.01840605
0.28711035 -0.01808053
0.29424282 -0.01774064
0.30142605 -0.01738693
0.30865828 -0.01702001
0.31593772 -0.01664052
0.32326258 -0.01624915
0.33063104 -0.01584662
0.33804129 -0.01543369
0.34549150 -0.01501115
0.35297984 -0.01457983
0.36050445 -0.01414058
0.36806348 -0.01369430
0.37565506 -0.01324190
0.38327732 -0.01278431
0.39092838 -0.01232250
0.39860635 -0.01185743
0.40630934 -0.01139011
0.41403545 -0.01092152
0.42178277 -0.01045269
0.42954938 -0.00998461
0.43733338 -0.00951830
0.44513284 -0.00905477
0.45294584 -0.00859500
0.46077045 -0.00813999
0.46860474 -0.00769070
0.47644677 -0.00724806
0.48429462 -0.00681301
0.49214634 -0.00638644
0.50000000 -0.00596920
0.50785366 -0.00556210
0.51570538 -0.00516595
0.52355323 -0.00478146
0.53139526 -0.00440933
0.53922955 -0.00405021
0.54705416 -0.00370467
0.55486716 -0.00337327
0.56266662 -0.00305646
0.57045062 -0.00275468
0.57821723 -0.00246828
0.58596455 -0.00219755
0.59369066 -0.00194273
0.60139365 -0.00170400
0.60907162 -0.00148146
0.61672268 -0.00127515
0.62434494 -0.00108506
0.63193652 -0.00091110
0.63949555 -0.00075315
0.64702016 -0.00061099
0.65450850 -0.00048437
0.66195871 -0.00037297
0.66936896 -0.00027644
0.67673742 -0.00019434
0.68406228 -0.00012622
0.69134172 -0.00007156
0.69857395 -0.00002981
0.70575718 -0.00000038
0.71288965 0.00001735
0.71996958 0.00002406
0.72699525 0.00002041
0.73396491 0.00000713
0.74087684 -0.00001507
0.74772933 -0.00004544
0.75452071 -0.00008322
0.76124928 -0.00012766
0.76791340 -0.00017799
0.77451141 -0.00023344
0.78104169 -0.00029325
0.78750263 -0.00035668
0.79389263 -0.00042298
0.80021011 -0.00049144
0.80645353 -0.00056133
0.81262133 -0.00063199
0.81871199 -0.00070276
0.82472402 -0.00077300
0.83065593 -0.00084211
0.83650626 -0.00090953
0.84227355 -0.00097472
0.84795640 -0.00103719
0.85355339 -0.00109649
0.85906315 -0.00115218
0.86448431 -0.00120390
0.86981555 -0.00125131
0.87505553 -0.00129412
0.88020298 -0.00133207
0.88525662 -0.00136495
0.89021520 -0.00139260
0.89507751 -0.00141489
0.89984233 -0.00143174
0.90450850 -0.00144310
0.90907486 -0.00144898
0.91354029 -0.00144940
0.91790368 -0.00144444
0.92216396 -0.00143421
0.92632008 -0.00141884
0.93037101 -0.00139851
0.93431576 -0.00137342
0.93815334 -0.00134380
0.94188282 -0.00130992
0.94550326 -0.00127204
0.94901379 -0.00123047
0.95241353 -0.00118554
0.95570164 -0.00113758
0.95887731 -0.00108693
0.96193977 -0.00103397
0.96488824 -0.00097907
0.96772202 -0.00092260
0.97044038 -0.00086495
0.97304268 -0.00080651
0.97552826 -0.00074767
0.97789651 -0.00068881
0.98014684 -0.00063031
0.98227871 -0.00057254
0.98429158 -0.00051588
0.98618496 -0.00046068
0.98795838 -0.00040728
0.98961141 -0.00035602
0.99114363 -0.00030720
0.99255466 -0.00026113
0.99384417 -0.00021809
0.99501183 -0.00017833
0.99605735 -0.00014209
0.99698048 -0.00010960
0.99778098 -0.00008103
0.99845867 -0.00005658
0.99901336 -0.00003636
0.99944494 -0.00002052
0.99975328 -0.00000913
0.99993832 -0.00000228
1.00000000 0.00000001
