sample_1336
1.00000000 0.00000001
0.99993832 0.00001200
0.99975328 0.00004795
0.99944494 0.00010780
0.99901336 0.00019143
0.99845867 0.00029870
0.99778098 0.00042942
0.99698048 0.00058335
0.99605735 0.00076023
0.99501183 0.00095976
0.99384417 0.00118157
0.99255466 0.00142529
0.99114363 0.00169051
0.98961141 0.00197678
0.98795838 0.00228361
0.98618496 0.00261051
0.98429158 0.00295694
0.98227871 0.00332234
0.98014684 0.00370614
0.97789651 0.00410775
0.97552826 0.00452656
0.97304268 0.00496193
0.97044038 0.00541325
0.96772202 0.00587987
0.96488824 0.00636114
0.96193977 0.00685644
0.95887731 0.00736511
0.95570164 0.00788651
0.95241353 0.00842004
0.94901379 0.00896506
0.94550326 0.00952098
0.94188282 0.01008722
0.93815334 0.01066321
0.93431576 0.01124842
0.93037101 0.01184233
0.92632008 0.01244447
0.92216396 0.01305437
0.91790368 0.01367162
0.91354029 0.01429583
0.90907486 0.01492666
0.90450850 0.01556379
0.89984233 0.01620694
0.89507751 0.01685590
0.89021520 0.01751046
0.88525662 0.01817048
0.88020298 0.01883584
0.87505553 0.01950648
0.86981555 0.02018236
0.86448431 0.02086350
0.85906315 0.02154993
0.85355339 0.02224175
0.84795640 0.02293907
0.84227355 0.02364202
0.83650626 0.02435079
0.83065593 0.02506558
0.82472402 0.02578661
0.81871199 0.02651411
0.81262133 0.02724834
0.80645353 0.02798957
0.80021011 0.02873806
0.79389263 0.02949409
0.78750263 0.03025792
0.78104169 0.03102982
0.77451141 0.03181002
0.76791340 0.03259876
0.76124928 0.03339623
0.75452071 0.03420262
0.74772933 0.03501806
0.74087684 0.03584266
0.73396491 0.03667648
0.72699525 0.03751951
0.71996958 0.03837173
0.71288965 0.03923303
0.70575718 0.04010325
0.69857395 0.04098217
0.69134172 0.04186948
0.68406228 0.04276483
0.67673742 0.04366778
0.66936896 0.04457782
0.66195871 0.04549435
0.65450850 0.04641670
0.64702016 0.04734413
0.63949555 0.04827582
0.63193652 0.04921085
0.62434494 0.05014825
0.61672268 0.05108695
0.60907162 0.05202584
0.60139365 0.05296371
0.59369066 0.05389928
0.58596455 0.05483124
0.57821723 0.05575819
0.57045062 0.05667868
0.56266662 0.05759121
0.55486716 0.05849427
0.54705416 0.05938626
0.53922955 0.06026558
0.53139526 0.06113061
0.52355323 0.06197970
0.51570538 0.06281119
0.50785366 0.06362342
0.50000000 0.06441476
0.49214634 0.06518355
0.48429462 0.06592818
0.47644677 0.06664706
0.46860474 0.06733864
0.46077045 0.06800142
0.45294584 0.06863394
0.44513284 0.06923480
0.43733338 0.06980266
0.42954938 0.07033628
0.42178277 0.07083447
0.41403545 0.07129612
0.40630934 0.07172023
0.39860635 0.07210588
0.39092838 0.07245225
0.38327732 0.07275861
0.37565506 0.07302436
0.36806348 0.07324898
0.36050445 0.07343206
0.35297984 0.07357330
0.34549150 0.07367253
0.33804129 0.07372965
0.33063104 0.07374469
0.32326258 0.07371777
0.31593772 0.07364914
0.30865828 0.07353912
0.30142605 0.07338814
0.29424282 0.07319670
0.28711035 0.07296542
0.28003042 0.07269498
0.27300475 0.07238613
0.26603509 0.07203970
0.25912316 0.07165659
0.25227067 0.07123773
0.24547929 0.07078413
0.23875072 0.07029681
0.23208660 0.06977686
0.22548859 0.06922535
0.21895831 0.06864342
0.21249737 0.06803218
0.20610737 0.06739276
0.19978989 0.06672630
0.19354647 0.06603392
0.18737867 0.06531671
0.18128801 0.06457575
0.17527598 0.06381210
0.16934407 0.06302677
0.16349374 0.06222073
0.15772645 0.06139492
0.15204360 0.06055021
0.14644661 0.05968745
0.14093685 0.05880741
0.13551569 0.05791081
0.13018445 0.05699830
0.12494447 0.05607048
0.11979702 0.05512791
0.11474338 0.05417105
0.10978480 0.05320032
0.10492249 0.05221608
0.10015767 0.05121864
0.09549150 0.05020825
0.09092514 0.04918510
0.08645971 0.04814934
0.08209632 0.04710107
0.07783604 0.04604036
0.07367992 0.04496724
0.06962899 0.04388170
0.06568424 0.04278372
0.06184666 0.04167325
0.05811718 0.04055022
0.05449674 0.03941456
0.05098621 0.03826620
0.04758647 0.03710506
0.04429836 0.03593106
0.04112269 0.03474417
0.03806023 0.03354434
0.03511176 0.03233155
0.03227798 0.03110582
0.02955962 0.02986719
0.02695732 0.02861575
0.02447174 0.02735160
0.02210349 0.02607493
0.01985316 0.02478592
0.01772129 0.02348484
0.01570842 0.02217199
0.01381504 0.02084773
0.01204162 0.01951245
0.01038859 0.01816661
0.00885637 0.01681072
0.00744534 0.01544533
0.00615583 0.01407104
0.00498817 0.01268851
0.00394265 0.01129841
0.00301952 0.00990148
0.00221902 0.00849850
0.00154133 0.00709026
0.00098664 0.00567759
0.00055506 0.00426134
0.00024672 0.00284240
0.00006168 0.00142165
0.00000000 0.00000000
0.00006168 -0.00030478
0.00024672 -0.00060878
0.00055506 -0.00091125
0.00098664 -0.00121140
0.00154133 -0.00150850
0.00221902 -0.00180181
0.00301952 -0.00209059
0.00394265 -0.00237416
0.00498817 -0.00265182
0.00615583 -0.00292293
0.00744534 -0.00318687
0.00885637 -0.00344303
0.01038859 -0.00369086
0.01204162 -0.00392984
0.01381504 -0.00415947
0.01570842 -0.00437931
0.01772129 -0.00458894
0.01985316 -0.00478801
0.02210349 -0.00497619
0.02447174 -0.00515319
0.02695732 -0.00531878
0.02955962 -0.00547276
0.03227798 -0.00561498
0.03511176 -0.00574534
0.03806023 -0.00586376
0.04112269 -0.00597024
0.04429836 -0.00606477
0.04758647 -0.00614743
0.05098621 -0.00621830
0.05449674 -0.00627751
0.05811718 -0.00632525
0.06184666 -0.00636169
0.06568424 -0.00638708
0.06962899 -0.00640167
0.07367992 -0.00640576
0.07783604 -0.00639964
0.08209632 -0.00638365
0.08645971 -0.00635815
0.09092514 -0.00632351
0.09549150 -0.00628010
0.10015767 -0.00622833
0.10492249 -0.00616859
0.10978480 -0.00610132
0.11474338 -0.00602692
0.11979702 -0.00594582
0.12494447 -0.00585844
0.13018445 -0.00576522
0.13551569 -0.00566656
0.14093685 -0.00556290
0.14644661 -0.00545465
0.15204360 -0.00534221
0.15772645 -0.00522597
0.16349374 -0.00510634
0.16934407 -0.00498369
0.17527598 -0.00485838
0.18128801 -0.00473078
0.18737867 -0.00460122
0.19354647 -0.00447005
0.19978989 -0.00433757
0.20610737 -0.00420411
0.21249737 -0.00406994
0.21895831 -0.00393536
0.22548859 -0.00380062
0.23208660 -0.00366599
0.23875072 -0.00353172
0.24547929 -0.00339803
0.25227067 -0.00326514
0.25912316 -0.00313328
0.26603509 -0.00300264
0.27300475 -0.00287342
0.28003042 -0.00274580
0.28711035 -0.00261996
0.29424282 -0.00249607
0.30142605 -0.00237430
0.30865828 -0.00225480
0.31593772 -0.00213773
0.32326258 -0.00202323
0.33063104 -0.00191145
0.33804129 -0.00180253
0.34549150 -0.00169660
0.35297984 -0.00159379
0.36050445 -0.00149423
0.36806348 -0.00139804
0.37565506 -0.00130534
0.38327732 -0.00121625
0.39092838 -0.00113088
0.39860635 -0.00104933
0.40630934 -0.00097172
0.41403545 -0.00089812
0.42178277 -0.00082864
0.42954938 -0.00076336
0.43733338 -0.00070236
0.44513284 -0.00064570
0.45294584 -0.00059345
0.46077045 -0.00054566
0.46860474 -0.00050238
0.47644677 -0.00046364
0.48429462 -0.00042945
0.49214634 -0.00039984
0.50000000 -0.00037479
0.50785366 -0.00035430
0.51570538 -0.00033834
0.52355323 -0.00032686
0.53139526 -0.00031982
0.53922955 -0.00031713
0.54705416 -0.00031872
0.55486716 -0.00032448
0.56266662 -0.00033431
0.57045062 -0.00034807
0.57821723 -0.00036561
0.58596455 -0.00038679
0.59369066 -0.00041142
0.60139365 -0.00043933
0.60907162 -0.00047031
0.61672268 -0.00050415
0.62434494 -0.00054063
0.63193652 -0.00057951
0.63949555 -0.00062056
0.64702016 -0.00066352
0.65450850 -0.00070813
0.66195871 -0.00075413
0.66936896 -0.00080125
0.67673742 -0.00084921
0.68406228 -0.00089774
0.69134172 -0.00094657
0.69857395 -0.00099541
0.70575718 -0.00104399
0.71288965 -0.00109205
0.71996958 -0.00113932
0.72699525 -0.00118553
0.73396491 -0.00123045
0.74087684 -0.00127382
0.74772933 -0.00131542
0.75452071 -0.00135502
0.76124928 -0.00139242
0.76791340 -0.00142743
0.77451141 -0.00145987
0.78104169 -0.00148956
0.78750263 -0.00151638
0.79389263 -0.00154018
0.80021011 -0.00156085
0.80645353 -0.00157830
0.81262133 -0.00159245
0.81871199 -0.00160325
0.82472402 -0.00161065
0.83065593 -0.00161463
0.83650626 -0.00161519
0.84227355 -0.00161234
0.84795640 -0.00160612
0.85355339 -0.00159657
0.85906315 -0.00158375
0.86448431 -0.00156775
0.86981555 -0.00154866
0.87505553 -0.00152658
0.88020298 -0.00150165
0.88525662 -0.00147399
0.89021520 -0.00144374
0.89507751 -0.00141106
0.89984233 -0.00137612
0.90450850 -0.00133908
0.90907486 -0.00130011
0.91354029 -0.00125940
0.91790368 -0.00121713
0.92216396 -0.00117349
0.92632008 -0.00112867
0.93037101 -0.00108285
0.93431576 -0.00103624
0.93815334 -0.00098901
0.94188282 -0.00094135
0.94550326 -0.00089345
0.94901379 -0.00084548
0.95241353 -0.00079762
0.95570164 -0.00075004
0.95887731 -0.00070290
0.96193977 -0.00065636
0.96488824 -0.00061056
0.96772202 -0.00056566
0.97044038 -0.00052178
0.97304268 -0.00047906
0.97552826 -0.00043762
0.97789651 -0.00039756
0.98014684 -0.00035900
0.98227871 -0.00032204
0.98429158 -0.00028676
0.98618496 -0.00025324
0.98795838 -0.00022157
0.98961141 -0.00019182
0.99114363 -0.00016404
0.99255466 -0.00013829
0.99384417 -0.00011463
0.99501183 -0.00009309
0.99605735 -0.00007372
0.99698048 -0.00005655
0.99778098 -0.00004162
0.99845867 -0.00002894
0.99901336 -0.00001854
0.99944494 -0.00001043
0.99975328 -0.00000463
0.99993832 -0.00000115
1.00000000 0.00000001
