sample_297
1.00000000 0.00000001
0.99993832 0.00000994
0.99975328 0.00003969
0.99944494 0.00008924
0.99901336 0.00015852
0.99845867 0.00024744
0.99778098 0.00035589
0.99698048 0.00048374
0.99605735 0.00063084
0.99501183 0.00079701
0.99384417 0.00098207
0.99255466 0.00118580
0.99114363 0.00140799
0.98961141 0.00164842
0.98795838 0.00190684
0.98618496 0.00218302
0.98429158 0.00247671
0.98227871 0.00278767
0.98014684 0.00311565
0.97789651 0.00346041
0.97552826 0.00382172
0.97304268 0.00419937
0.97044038 0.00459314
0.96772202 0.00500284
0.96488824 0.00542827
0.96193977 0.00586930
0.95887731 0.00632575
0.95570164 0.00679752
0.95241353 0.00728449
0.94901379 0.00778658
0.94550326 0.00830372
0.94188282 0.00883588
0.93815334 0.00938303
0.93431576 0.00994517
0.93037101 0.01052232
0.92632008 0.01111450
0.92216396 0.01172177
0.91790368 0.01234418
0.91354029 0.01298182
0.90907486 0.01363477
0.90450850 0.01430311
0.89984233 0.01498693
0.89507751 0.01568632
0.89021520 0.01640138
0.88525662 0.01713217
0.88020298 0.01787877
0.87505553 0.01864124
0.86981555 0.01941959
0.86448431 0.02021385
0.85906315 0.02102400
0.85355339 0.02184999
0.84795640 0.02269176
0.84227355 0.02354917
0.83650626 0.02442209
0.83065593 0.02531030
0.82472402 0.02621356
0.81871199 0.02713159
0.81262133 0.02806403
0.80645353 0.02901049
0.80021011 0.02997051
0.79389263 0.03094359
0.78750263 0.03192915
0.78104169 0.03292658
0.77451141 0.03393519
0.76791340 0.03495424
0.76124928 0.03598293
0.75452071 0.03702042
0.74772933 0.03806579
0.74087684 0.03911809
0.73396491 0.04017630
0.72699525 0.04123936
0.71996958 0.04230618
0.71288965 0.04337560
0.70575718 0.04444644
0.69857395 0.04551747
0.69134172 0.04658746
0.68406228 0.04765512
0.67673742 0.04871916
0.66936896 0.04977824
0.66195871 0.05083106
0.65450850 0.05187626
0.64702016 0.05291251
0.63949555 0.05393847
0.63193652 0.05495280
0.62434494 0.05595417
0.61672268 0.05694129
0.60907162 0.05791285
0.60139365 0.05886760
0.59369066 0.05980430
0.58596455 0.06072174
0.57821723 0.06161875
0.57045062 0.06249420
0.56266662 0.06334701
0.55486716 0.06417613
0.54705416 0.06498055
0.53922955 0.06575934
0.53139526 0.06651160
0.52355323 0.06723647
0.51570538 0.06793318
0.50785366 0.06860097
0.50000000 0.06923917
0.49214634 0.06984715
0.48429462 0.07042433
0.47644677 0.07097020
0.46860474 0.07148428
0.46077045 0.07196616
0.45294584 0.07241547
0.44513284 0.07283190
0.43733338 0.07321518
0.42954938 0.07356508
0.42178277 0.07388142
0.41403545 0.07416405
0.40630934 0.07441289
0.39860635 0.07462786
0.39092838 0.07480892
0.38327732 0.07495609
0.37565506 0.07506938
0.36806348 0.07514885
0.36050445 0.07519458
0.35297984 0.07520667
0.34549150 0.07518525
0.33804129 0.07513046
0.33063104 0.07504244
0.32326258 0.07492139
0.31593772 0.07476747
0.30865828 0.07458088
0.30142605 0.07436185
0.29424282 0.07411059
0.28711035 0.07382732
0.28003042 0.07351230
0.27300475 0.07316576
0.26603509 0.07278798
0.25912316 0.07237921
0.25227067 0.07193974
0.24547929 0.07146986
0.23875072 0.07096987
0.23208660 0.07044009
0.22548859 0.06988083
0.21895831 0.06929244
0.21249737 0.06867527
0.20610737 0.06802969
0.19978989 0.06735610
0.19354647 0.06665490
0.18737867 0.06592651
0.18128801 0.06517137
0.17527598 0.06438996
0.16934407 0.06358276
0.16349374 0.06275028
0.15772645 0.06189305
0.15204360 0.06101164
0.14644661 0.06010661
0.14093685 0.05917858
0.13551569 0.05822817
0.13018445 0.05725603
0.12494447 0.05626283
0.11979702 0.05524927
0.11474338 0.05421606
0.10978480 0.05316393
0.10492249 0.05209363
0.10015767 0.05100592
0.09549150 0.04990160
0.09092514 0.04878145
0.08645971 0.04764626
0.08209632 0.04649685
0.07783604 0.04533403
0.07367992 0.04415861
0.06962899 0.04297141
0.06568424 0.04177323
0.06184666 0.04056486
0.05811718 0.03934711
0.05449674 0.03812074
0.05098621 0.03688652
0.04758647 0.03564519
0.04429836 0.03439746
0.04112269 0.03314403
0.03806023 0.03188556
0.03511176 0.03062269
0.03227798 0.02935603
0.02955962 0.02808613
0.02695732 0.02681354
0.02447174 0.02553876
0.02210349 0.02426223
0.01985316 0.02298438
0.01772129 0.02170558
0.01570842 0.02042616
0.01381504 0.01914644
0.01204162 0.01786665
0.01038859 0.01658701
0.00885637 0.01530770
0.00744534 0.01402886
0.00615583 0.01275058
0.00498817 0.01147294
0.00394265 0.01019598
0.00301952 0.00891968
0.00221902 0.00764404
0.00154133 0.00636901
0.00098664 0.00509451
0.00055506 0.00382047
0.00024672 0.00254678
0.00006168 0.00127333
0.00000000 0.00000000
0.00006168 -0.00048035
0.00024672 -0.00096042
0.00055506 -0.00143992
0.00098664 -0.00191857
0.00154133 -0.00239606
0.00221902 -0.00287209
0.00301952 -0.00334637
0.00394265 -0.00381856
0.00498817 -0.00428834
0.00615583 -0.00475537
0.00744534 -0.00521928
0.00885637 -0.00567972
0.01038859 -0.00613630
0.01204162 -0.00658861
0.01381504 -0.00703625
0.01570842 -0.00747879
0.01772129 -0.00791579
0.01985316 -0.00834679
0.02210349 -0.00877133
0.02447174 -0.00918893
0.02695732 -0.00959909
0.02955962 -0.01000132
0.03227798 -0.01039512
0.03511176 -0.01077998
0.03806023 -0.01115539
0.04112269 -0.01152083
0.04429836 -0.01187581
0.04758647 -0.01221981
0.05098621 -0.01255235
0.05449674 -0.01287294
0.05811718 -0.01318111
0.06184666 -0.01347641
0.06568424 -0.01375842
0.06962899 -0.01402672
0.07367992 -0.01428093
0.07783604 -0.01452070
0.08209632 -0.01474572
0.08645971 -0.01495569
0.09092514 -0.01515037
0.09549150 -0.01532955
0.10015767 -0.01549307
0.10492249 -0.01564080
0.10978480 -0.01577266
0.11474338 -0.01588864
0.11979702 -0.01598874
0.12494447 -0.01607303
0.13018445 -0.01614164
0.13551569 -0.01619472
0.14093685 -0.01623250
0.14644661 -0.01625524
0.15204360 -0.01626326
0.15772645 -0.01625691
0.16349374 -0.01623661
0.16934407 -0.01620282
0.17527598 -0.01615601
0.18128801 -0.01609674
0.18737867 -0.01602557
0.19354647 -0.01594311
0.19978989 -0.01585000
0.20610737 -0.01574690
0.21249737 -0.01563451
0.21895831 -0.01551353
0.22548859 -0.01538469
0.23208660 -0.01524874
0.23875072 -0.01510641
0.24547929 -0.01495846
0.25227067 -0.01480565
0.25912316 -0.01464872
0.26603509 -0.01448840
0.27300475 -0.01432543
0.28003042 -0.01416050
0.28711035 -0.01399431
0.29424282 -0.01382752
0.30142605 -0.01366076
0.30865828 -0.01349462
0.31593772 -0.01332968
0.32326258 -0.01316646
0.33063104 -0.01300544
0.33804129 -0.01284706
0.34549150 -0.01269172
0.35297984 -0.01253976
0.36050445 -0.01239149
0.36806348 -0.01224714
0.37565506 -0.01210691
0.38327732 -0.01197095
0.39092838 -0.01183935
0.39860635 -0.01171214
0.40630934 -0.01158933
0.41403545 -0.01147084
0.42178277 -0.01135657
0.42954938 -0.01124638
0.43733338 -0.01114005
0.44513284 -0.01103734
0.45294584 -0.01093799
0.46077045 -0.01084166
0.46860474 -0.01074801
0.47644677 -0.01065666
0.48429462 -0.01056720
0.49214634 -0.01047919
0.50000000 -0.01039220
0.50785366 -0.01030576
0.51570538 -0.01021938
0.52355323 -0.01013259
0.53139526 -0.01004490
0.53922955 -0.00995583
0.54705416 -0.00986489
0.55486716 -0.00977162
0.56266662 -0.00967556
0.57045062 -0.00957627
0.57821723 -0.00947333
0.58596455 -0.00936635
0.59369066 -0.00925495
0.60139365 -0.00913879
0.60907162 -0.00901758
0.61672268 -0.00889103
0.62434494 -0.00875892
0.63193652 -0.00862106
0.63949555 -0.00847728
0.64702016 -0.00832749
0.65450850 -0.00817160
0.66195871 -0.00800961
0.66936896 -0.00784154
0.67673742 -0.00766744
0.68406228 -0.00748743
0.69134172 -0.00730167
0.69857395 -0.00711035
0.70575718 -0.00691372
0.71288965 -0.00671205
0.71996958 -0.00650565
0.72699525 -0.00629489
0.73396491 -0.00608015
0.74087684 -0.00586186
0.74772933 -0.00564045
0.75452071 -0.00541641
0.76124928 -0.00519023
0.76791340 -0.00496244
0.77451141 -0.00473356
0.78104169 -0.00450415
0.78750263 -0.00427475
0.79389263 -0.00404595
0.80021011 -0.00381831
0.80645353 -0.00359238
0.81262133 -0.00336874
0.81871199 -0.00314795
0.82472402 -0.00293054
0.83065593 -0.00271704
0.83650626 -0.00250798
0.84227355 -0.00230385
0.84795640 -0.00210511
0.85355339 -0.00191222
0.85906315 -0.00172558
0.86448431 -0.00154560
0.86981555 -0.00137261
0.87505553 -0.00120696
0.88020298 -0.00104891
0.88525662 -0.00089871
0.89021520 -0.00075659
0.89507751 -0.00062270
0.89984233 -0.00049718
0.90450850 -0.00038012
0.90907486 -0.00027157
0.91354029 -0.00017154
0.91790368 -0.00008000
0.92216396 0.00000313
0.92632008 0.00007793
0.93037101 0.00014457
0.93431576 0.00020322
0.93815334 0.00025410
0.94188282 0.00029745
0.94550326 0.00033355
0.94901379 0.00036271
0.95241353 0.00038527
0.95570164 0.00040158
0.95887731 0.00041202
0.96193977 0.00041699
0.96488824 0.00041691
0.96772202 0.00041221
0.97044038 0.00040332
0.97304268 0.00039071
0.97552826 0.00037482
0.97789651 0.00035610
0.98014684 0.00033503
0.98227871 0.00031204
0.98429158 0.00028760
0.98618496 0.00026212
0.98795838 0.00023605
0.98961141 0.00020980
0.99114363 0.00018376
0.99255466 0.00015831
0.99384417 0.00013380
0.99501183 0.00011057
0.99605735 0.00008893
0.99698048 0.00006915
0.99778098 0.00005149
0.99845867 0.00003616
0.99901336 0.00002336
0.99944494 0.00001324
0.99975328 0.00000592
0.99993832 0.00000149
1.00000000 0.00000001
