sample_931
1.00000000 0.00000001
0.99993832 0.00001221
0.99975328 0.00004878
0.99944494 0.00010972
0.99901336 0.00019501
0.99845867 0.00030462
0.99778098 0.00043853
0.99698048 0.00059669
0.99605735 0.00077905
0.99501183 0.00098554
0.99384417 0.00121611
0.99255466 0.00147067
0.99114363 0.00174912
0.98961141 0.00205136
0.98795838 0.00237728
0.98618496 0.00272674
0.98429158 0.00309959
0.98227871 0.00349567
0.98014684 0.00391480
0.97789651 0.00435678
0.97552826 0.00482140
0.97304268 0.00530841
0.97044038 0.00581757
0.96772202 0.00634858
0.96488824 0.00690117
0.96193977 0.00747499
0.95887731 0.00806971
0.95570164 0.00868497
0.95241353 0.00932037
0.94901379 0.00997549
0.94550326 0.01064991
0.94188282 0.01134316
0.93815334 0.01205476
0.93431576 0.01278420
0.93037101 0.01353096
0.92632008 0.01429449
0.92216396 0.01507422
0.91790368 0.01586955
0.91354029 0.01667989
0.90907486 0.01750461
0.90450850 0.01834307
0.89984233 0.01919461
0.89507751 0.02005856
0.89021520 0.02093423
0.88525662 0.02182095
0.88020298 0.02271800
0.87505553 0.02362468
0.86981555 0.02454028
0.86448431 0.02546408
0.85906315 0.02639537
0.85355339 0.02733342
0.84795640 0.02827752
0.84227355 0.02922695
0.83650626 0.03018102
0.83065593 0.03113902
0.82472402 0.03210026
0.81871199 0.03306406
0.81262133 0.03402975
0.80645353 0.03499666
0.80021011 0.03596416
0.79389263 0.03693161
0.78750263 0.03789841
0.78104169 0.03886394
0.77451141 0.03982763
0.76791340 0.04078891
0.76124928 0.04174722
0.75452071 0.04270205
0.74772933 0.04365287
0.74087684 0.04459918
0.73396491 0.04554049
0.72699525 0.04647634
0.71996958 0.04740626
0.71288965 0.04832982
0.70575718 0.04924658
0.69857395 0.05015612
0.69134172 0.05105802
0.68406228 0.05195188
0.67673742 0.05283729
0.66936896 0.05371387
0.66195871 0.05458120
0.65450850 0.05543889
0.64702016 0.05628655
0.63949555 0.05712376
0.63193652 0.05795012
0.62434494 0.05876521
0.61672268 0.05956859
0.60907162 0.06035982
0.60139365 0.06113845
0.59369066 0.06190399
0.58596455 0.06265597
0.57821723 0.06339386
0.57045062 0.06411714
0.56266662 0.06482526
0.55486716 0.06551764
0.54705416 0.06619367
0.53922955 0.06685274
0.53139526 0.06749420
0.52355323 0.06811738
0.51570538 0.06872158
0.50785366 0.06930608
0.50000000 0.06987014
0.49214634 0.07041299
0.48429462 0.07093385
0.47644677 0.07143191
0.46860474 0.07190635
0.46077045 0.07235633
0.45294584 0.07278100
0.44513284 0.07317949
0.43733338 0.07355095
0.42954938 0.07389449
0.42178277 0.07420924
0.41403545 0.07449432
0.40630934 0.07474888
0.39860635 0.07497205
0.39092838 0.07516298
0.38327732 0.07532086
0.37565506 0.07544488
0.36806348 0.07553427
0.36050445 0.07558827
0.35297984 0.07560618
0.34549150 0.07558733
0.33804129 0.07553108
0.33063104 0.07543688
0.32326258 0.07530417
0.31593772 0.07513250
0.30865828 0.07492147
0.30142605 0.07467071
0.29424282 0.07437996
0.28711035 0.07404900
0.28003042 0.07367772
0.27300475 0.07326604
0.26603509 0.07281400
0.25912316 0.07232171
0.25227067 0.07178934
0.24547929 0.07121717
0.23875072 0.07060557
0.23208660 0.06995497
0.22548859 0.06926591
0.21895831 0.06853900
0.21249737 0.06777495
0.20610737 0.06697454
0.19978989 0.06613865
0.19354647 0.06526823
0.18737867 0.06436430
0.18128801 0.06342798
0.17527598 0.06246044
0.16934407 0.06146293
0.16349374 0.06043677
0.15772645 0.05938333
0.15204360 0.05830403
0.14644661 0.05720037
0.14093685 0.05607387
0.13551569 0.05492609
0.13018445 0.05375864
0.12494447 0.05257315
0.11979702 0.05137127
0.11474338 0.05015466
0.10978480 0.04892500
0.10492249 0.04768396
0.10015767 0.04643322
0.09549150 0.04517444
0.09092514 0.04390925
0.08645971 0.04263928
0.08209632 0.04136610
0.07783604 0.04009127
0.07367992 0.03881627
0.06962899 0.03754257
0.06568424 0.03627154
0.06184666 0.03500453
0.05811718 0.03374278
0.05449674 0.03248749
0.05098621 0.03123975
0.04758647 0.03000061
0.04429836 0.02877099
0.04112269 0.02755175
0.03806023 0.02634364
0.03511176 0.02514731
0.03227798 0.02396335
0.02955962 0.02279220
0.02695732 0.02163422
0.02447174 0.02048969
0.02210349 0.01935876
0.01985316 0.01824149
0.01772129 0.01713785
0.01570842 0.01604769
0.01381504 0.01497079
0.01204162 0.01390681
0.01038859 0.01285535
0.00885637 0.01181591
0.00744534 0.01078789
0.00615583 0.00977063
0.00498817 0.00876341
0.00394265 0.00776542
0.00301952 0.00677580
0.00221902 0.00579362
0.00154133 0.00481792
0.00098664 0.00384768
0.00055506 0.00288186
0.00024672 0.00191937
0.00006168 0.00095913
0.00000000 0.00000000
0.00006168 -0.00043305
0.00024672 -0.00086630
0.00055506 -0.00129994
0.00098664 -0.00173416
0.00154133 -0.00216913
0.00221902 -0.00260499
0.00301952 -0.00304187
0.00394265 -0.00347985
0.00498817 -0.00391901
0.00615583 -0.00435937
0.00744534 -0.00480090
0.00885637 -0.00524354
0.01038859 -0.00568719
0.01204162 -0.00613169
0.01381504 -0.00657683
0.01570842 -0.00702235
0.01772129 -0.00746795
0.01985316 -0.00791326
0.02210349 -0.00835788
0.02447174 -0.00880133
0.02695732 -0.00924311
0.02955962 -0.00968265
0.03227798 -0.01011936
0.03511176 -0.01055260
0.03806023 -0.01098167
0.04112269 -0.01140588
0.04429836 -0.01182446
0.04758647 -0.01223667
0.05098621 -0.01264170
0.05449674 -0.01303876
0.05811718 -0.01342704
0.06184666 -0.01380571
0.06568424 -0.01417397
0.06962899 -0.01453100
0.07367992 -0.01487603
0.07783604 -0.01520827
0.08209632 -0.01552697
0.08645971 -0.01583142
0.09092514 -0.01612094
0.09549150 -0.01639487
0.10015767 -0.01665262
0.10492249 -0.01689365
0.10978480 -0.01711746
0.11474338 -0.01732360
0.11979702 -0.01751171
0.12494447 -0.01768145
0.13018445 -0.01783259
0.13551569 -0.01796494
0.14093685 -0.01807838
0.14644661 -0.01817286
0.15204360 -0.01824841
0.15772645 -0.01830510
0.16349374 -0.01834311
0.16934407 -0.01836264
0.17527598 -0.01836398
0.18128801 -0.01834749
0.18737867 -0.01831356
0.19354647 -0.01826266
0.19978989 -0.01819530
0.20610737 -0.01811204
0.21249737 -0.01801349
0.21895831 -0.01790029
0.22548859 -0.01777311
0.23208660 -0.01763266
0.23875072 -0.01747968
0.24547929 -0.01731490
0.25227067 -0.01713910
0.25912316 -0.01695304
0.26603509 -0.01675749
0.27300475 -0.01655323
0.28003042 -0.01634102
0.28711035 -0.01612160
0.29424282 -0.01589573
0.30142605 -0.01566410
0.30865828 -0.01542740
0.31593772 -0.01518631
0.32326258 -0.01494144
0.33063104 -0.01469338
0.33804129 -0.01444271
0.34549150 -0.01418992
0.35297984 -0.01393550
0.36050445 -0.01367988
0.36806348 -0.01342344
0.37565506 -0.01316654
0.38327732 -0.01290948
0.39092838 -0.01265251
0.39860635 -0.01239586
0.40630934 -0.01213969
0.41403545 -0.01188416
0.42178277 -0.01162936
0.42954938 -0.01137535
0.43733338 -0.01112218
0.44513284 -0.01086985
0.45294584 -0.01061834
0.46077045 -0.01036761
0.46860474 -0.01011759
0.47644677 -0.00986822
0.48429462 -0.00961941
0.49214634 -0.00937106
0.50000000 -0.00912308
0.50785366 -0.00887536
0.51570538 -0.00862781
0.52355323 -0.00838035
0.53139526 -0.00813288
0.53922955 -0.00788536
0.54705416 -0.00763772
0.55486716 -0.00738993
0.56266662 -0.00714199
0.57045062 -0.00689390
0.57821723 -0.00664570
0.58596455 -0.00639745
0.59369066 -0.00614924
0.60139365 -0.00590118
0.60907162 -0.00565342
0.61672268 -0.00540612
0.62434494 -0.00515948
0.63193652 -0.00491374
0.63949555 -0.00466912
0.64702016 -0.00442591
0.65450850 -0.00418441
0.66195871 -0.00394491
0.66936896 -0.00370776
0.67673742 -0.00347331
0.68406228 -0.00324191
0.69134172 -0.00301392
0.69857395 -0.00278974
0.70575718 -0.00256973
0.71288965 -0.00235428
0.71996958 -0.00214376
0.72699525 -0.00193854
0.73396491 -0.00173898
0.74087684 -0.00154544
0.74772933 -0.00135825
0.75452071 -0.00117771
0.76124928 -0.00100413
0.76791340 -0.00083778
0.77451141 -0.00067890
0.78104169 -0.00052770
0.78750263 -0.00038437
0.79389263 -0.00024907
0.80021011 -0.00012192
0.80645353 -0.00000300
0.81262133 0.00010763
0.81871199 0.00020996
0.82472402 0.00030400
0.83065593 0.00038980
0.83650626 0.00046746
0.84227355 0.00053709
0.84795640 0.00059885
0.85355339 0.00065292
0.85906315 0.00069951
0.86448431 0.00073888
0.86981555 0.00077129
0.87505553 0.00079702
0.88020298 0.00081639
0.88525662 0.00082974
0.89021520 0.00083741
0.89507751 0.00083977
0.89984233 0.00083718
0.90450850 0.00083002
0.90907486 0.00081867
0.91354029 0.00080353
0.91790368 0.00078498
0.92216396 0.00076340
0.92632008 0.00073916
0.93037101 0.00071264
0.93431576 0.00068420
0.93815334 0.00065417
0.94188282 0.00062289
0.94550326 0.00059068
0.94901379 0.00055783
0.95241353 0.00052462
0.95570164 0.00049132
0.95887731 0.00045816
0.96193977 0.00042536
0.96488824 0.00039313
0.96772202 0.00036163
0.97044038 0.00033103
0.97304268 0.00030145
0.97552826 0.00027303
0.97789651 0.00024585
0.98014684 0.00021999
0.98227871 0.00019552
0.98429158 0.00017248
0.98618496 0.00015091
0.98795838 0.00013083
0.98961141 0.00011224
0.99114363 0.00009515
0.99255466 0.00007954
0.99384417 0.00006541
0.99501183 0.00005272
0.99605735 0.00004147
0.99698048 0.00003162
0.99778098 0.00002314
0.99845867 0.00001602
0.99901336 0.00001023
0.99944494 0.00000575
0.99975328 0.00000256
0.99993832 0.00000065
1.00000000 0.00000001
