sample_167
1.00000000 0.00000001
0.99993832 0.00000897
0.99975328 0.00003584
0.99944494 0.00008066
0.99901336 0.00014348
0.99845867 0.00022435
0.99778098 0.00032338
0.99698048 0.00044065
0.99605735 0.00057629
0.99501183 0.00073043
0.99384417 0.00090321
0.99255466 0.00109479
0.99114363 0.00130535
0.98961141 0.00153505
0.98795838 0.00178408
0.98618496 0.00205263
0.98429158 0.00234089
0.98227871 0.00264905
0.98014684 0.00297731
0.97789651 0.00332584
0.97552826 0.00369483
0.97304268 0.00408446
0.97044038 0.00449489
0.96772202 0.00492627
0.96488824 0.00537874
0.96193977 0.00585242
0.95887731 0.00634743
0.95570164 0.00686384
0.95241353 0.00740173
0.94901379 0.00796115
0.94550326 0.00854210
0.94188282 0.00914460
0.93815334 0.00976862
0.93431576 0.01041410
0.93037101 0.01108095
0.92632008 0.01176908
0.92216396 0.01247835
0.91790368 0.01320859
0.91354029 0.01395960
0.90907486 0.01473117
0.90450850 0.01552304
0.89984233 0.01633494
0.89507751 0.01716654
0.89021520 0.01801752
0.88525662 0.01888750
0.88020298 0.01977610
0.87505553 0.02068289
0.86981555 0.02160742
0.86448431 0.02254921
0.85906315 0.02350777
0.85355339 0.02448256
0.84795640 0.02547304
0.84227355 0.02647861
0.83650626 0.02749869
0.83065593 0.02853264
0.82472402 0.02957981
0.81871199 0.03063952
0.81262133 0.03171109
0.80645353 0.03279377
0.80021011 0.03388683
0.79389263 0.03498949
0.78750263 0.03610097
0.78104169 0.03722044
0.77451141 0.03834706
0.76791340 0.03947997
0.76124928 0.04061827
0.75452071 0.04176105
0.74772933 0.04290737
0.74087684 0.04405627
0.73396491 0.04520674
0.72699525 0.04635778
0.71996958 0.04750834
0.71288965 0.04865735
0.70575718 0.04980372
0.69857395 0.05094633
0.69134172 0.05208404
0.68406228 0.05321566
0.67673742 0.05434002
0.66936896 0.05545589
0.66195871 0.05656202
0.65450850 0.05765717
0.64702016 0.05874004
0.63949555 0.05980934
0.63193652 0.06086375
0.62434494 0.06190193
0.61672268 0.06292255
0.60907162 0.06392424
0.60139365 0.06490566
0.59369066 0.06586542
0.58596455 0.06680218
0.57821723 0.06771456
0.57045062 0.06860121
0.56266662 0.06946079
0.55486716 0.07029196
0.54705416 0.07109341
0.53922955 0.07186385
0.53139526 0.07260203
0.52355323 0.07330670
0.51570538 0.07397668
0.50785366 0.07461083
0.50000000 0.07520803
0.49214634 0.07576722
0.48429462 0.07628743
0.47644677 0.07676769
0.46860474 0.07720715
0.46077045 0.07760500
0.45294584 0.07796051
0.44513284 0.07827301
0.43733338 0.07854194
0.42954938 0.07876681
0.42178277 0.07894720
0.41403545 0.07908280
0.40630934 0.07917339
0.39860635 0.07921883
0.39092838 0.07921908
0.38327732 0.07917420
0.37565506 0.07908433
0.36806348 0.07894973
0.36050445 0.07877072
0.35297984 0.07854775
0.34549150 0.07828134
0.33804129 0.07797210
0.33063104 0.07762073
0.32326258 0.07722803
0.31593772 0.07679486
0.30865828 0.07632216
0.30142605 0.07581095
0.29424282 0.07526232
0.28711035 0.07467741
0.28003042 0.07405742
0.27300475 0.07340363
0.26603509 0.07271732
0.25912316 0.07199984
0.25227067 0.07125256
0.24547929 0.07047689
0.23875072 0.06967424
0.23208660 0.06884606
0.22548859 0.06799378
0.21895831 0.06711883
0.21249737 0.06622267
0.20610737 0.06530669
0.19978989 0.06437231
0.19354647 0.06342090
0.18737867 0.06245379
0.18128801 0.06147230
0.17527598 0.06047769
0.16934407 0.05947117
0.16349374 0.05845391
0.15772645 0.05742701
0.15204360 0.05639153
0.14644661 0.05534845
0.14093685 0.05429869
0.13551569 0.05324311
0.13018445 0.05218250
0.12494447 0.05111757
0.11979702 0.05004897
0.11474338 0.04897729
0.10978480 0.04790302
0.10492249 0.04682662
0.10015767 0.04574846
0.09549150 0.04466885
0.09092514 0.04358804
0.08645971 0.04250622
0.08209632 0.04142352
0.07783604 0.04034003
0.07367992 0.03925577
0.06962899 0.03817075
0.06568424 0.03708490
0.06184666 0.03599814
0.05811718 0.03491036
0.05449674 0.03382142
0.05098621 0.03273114
0.04758647 0.03163936
0.04429836 0.03054588
0.04112269 0.02945050
0.03806023 0.02835303
0.03511176 0.02725328
0.03227798 0.02615104
0.02955962 0.02504615
0.02695732 0.02393843
0.02447174 0.02282775
0.02210349 0.02171398
0.01985316 0.02059701
0.01772129 0.01947677
0.01570842 0.01835321
0.01381504 0.01722631
0.01204162 0.01609608
0.01038859 0.01496257
0.00885637 0.01382585
0.00744534 0.01268602
0.00615583 0.01154321
0.00498817 0.01039760
0.00394265 0.00924936
0.00301952 0.00809873
0.00221902 0.00694595
0.00154133 0.00579127
0.00098664 0.00463499
0.00055506 0.00347740
0.00024672 0.00231882
0.00006168 0.00115958
0.00000000 0.00000000
0.00006168 -0.00026426
0.00024672 -0.00052953
0.00055506 -0.00079680
0.00098664 -0.00106704
0.00154133 -0.00134121
0.00221902 -0.00162020
0.00301952 -0.00190489
0.00394265 -0.00219609
0.00498817 -0.00249453
0.00615583 -0.00280091
0.00744534 -0.00311581
0.00885637 -0.00343976
0.01038859 -0.00377317
0.01204162 -0.00411639
0.01381504 -0.00446965
0.01570842 -0.00483308
0.01772129 -0.00520671
0.01985316 -0.00559045
0.02210349 -0.00598414
0.02447174 -0.00638747
0.02695732 -0.00680003
0.02955962 -0.00722134
0.03227798 -0.00765077
0.03511176 -0.00808762
0.03806023 -0.00853108
0.04112269 -0.00898026
0.04429836 -0.00943417
0.04758647 -0.00989175
0.05098621 -0.01035185
0.05449674 -0.01081328
0.05811718 -0.01127477
0.06184666 -0.01173500
0.06568424 -0.01219262
0.06962899 -0.01264624
0.07367992 -0.01309444
0.07783604 -0.01353579
0.08209632 -0.01396886
0.08645971 -0.01439221
0.09092514 -0.01480441
0.09549150 -0.01520408
0.10015767 -0.01558985
0.10492249 -0.01596038
0.10978480 -0.01631441
0.11474338 -0.01665070
0.11979702 -0.01696811
0.12494447 -0.01726556
0.13018445 -0.01754202
0.13551569 -0.01779660
0.14093685 -0.01802846
0.14644661 -0.01823686
0.15204360 -0.01842117
0.15772645 -0.01858088
0.16349374 -0.01871555
0.16934407 -0.01882487
0.17527598 -0.01890865
0.18128801 -0.01896679
0.18737867 -0.01899931
0.19354647 -0.01900635
0.19978989 -0.01898814
0.20610737 -0.01894504
0.21249737 -0.01887749
0.21895831 -0.01878604
0.22548859 -0.01867134
0.23208660 -0.01853414
0.23875072 -0.01837525
0.24547929 -0.01819559
0.25227067 -0.01799612
0.25912316 -0.01777791
0.26603509 -0.01754206
0.27300475 -0.01728974
0.28003042 -0.01702215
0.28711035 -0.01674055
0.29424282 -0.01644621
0.30142605 -0.01614044
0.30865828 -0.01582457
0.31593772 -0.01549991
0.32326258 -0.01516781
0.33063104 -0.01482959
0.33804129 -0.01448655
0.34549150 -0.01414000
0.35297984 -0.01379118
0.36050445 -0.01344134
0.36806348 -0.01309166
0.37565506 -0.01274329
0.38327732 -0.01239733
0.39092838 -0.01205483
0.39860635 -0.01171676
0.40630934 -0.01138405
0.41403545 -0.01105756
0.42178277 -0.01073807
0.42954938 -0.01042632
0.43733338 -0.01012294
0.44513284 -0.00982853
0.45294584 -0.00954357
0.46077045 -0.00926851
0.46860474 -0.00900370
0.47644677 -0.00874943
0.48429462 -0.00850591
0.49214634 -0.00827331
0.50000000 -0.00805169
0.50785366 -0.00784108
0.51570538 -0.00764143
0.52355323 -0.00745265
0.53139526 -0.00727457
0.53922955 -0.00710699
0.54705416 -0.00694965
0.55486716 -0.00680226
0.56266662 -0.00666447
0.57045062 -0.00653591
0.57821723 -0.00641618
0.58596455 -0.00630483
0.59369066 -0.00620142
0.60139365 -0.00610546
0.60907162 -0.00601646
0.61672268 -0.00593392
0.62434494 -0.00585733
0.63193652 -0.00578616
0.63949555 -0.00571991
0.64702016 -0.00565806
0.65450850 -0.00560010
0.66195871 -0.00554552
0.66936896 -0.00549385
0.67673742 -0.00544461
0.68406228 -0.00539733
0.69134172 -0.00535158
0.69857395 -0.00530693
0.70575718 -0.00526298
0.71288965 -0.00521934
0.71996958 -0.00517567
0.72699525 -0.00513163
0.73396491 -0.00508690
0.74087684 -0.00504121
0.74772933 -0.00499429
0.75452071 -0.00494591
0.76124928 -0.00489587
0.76791340 -0.00484396
0.77451141 -0.00479004
0.78104169 -0.00473395
0.78750263 -0.00467560
0.79389263 -0.00461487
0.80021011 -0.00455170
0.80645353 -0.00448604
0.81262133 -0.00441785
0.81871199 -0.00434712
0.82472402 -0.00427384
0.83065593 -0.00419804
0.83650626 -0.00411974
0.84227355 -0.00403901
0.84795640 -0.00395589
0.85355339 -0.00387046
0.85906315 -0.00378281
0.86448431 -0.00369303
0.86981555 -0.00360123
0.87505553 -0.00350752
0.88020298 -0.00341203
0.88525662 -0.00331488
0.89021520 -0.00321622
0.89507751 -0.00311618
0.89984233 -0.00301493
0.90450850 -0.00291261
0.90907486 -0.00280939
0.91354029 -0.00270544
0.91790368 -0.00260091
0.92216396 -0.00249600
0.92632008 -0.00239087
0.93037101 -0.00228571
0.93431576 -0.00218070
0.93815334 -0.00207603
0.94188282 -0.00197188
0.94550326 -0.00186845
0.94901379 -0.00176593
0.95241353 -0.00166451
0.95570164 -0.00156439
0.95887731 -0.00146576
0.96193977 -0.00136881
0.96488824 -0.00127375
0.96772202 -0.00118076
0.97044038 -0.00109003
0.97304268 -0.00100176
0.97552826 -0.00091613
0.97789651 -0.00083333
0.98014684 -0.00075354
0.98227871 -0.00067693
0.98429158 -0.00060368
0.98618496 -0.00053396
0.98795838 -0.00046791
0.98961141 -0.00040570
0.99114363 -0.00034747
0.99255466 -0.00029337
0.99384417 -0.00024351
0.99501183 -0.00019802
0.99605735 -0.00015701
0.99698048 -0.00012059
0.99778098 -0.00008883
0.99845867 -0.00006183
0.99901336 -0.00003964
0.99944494 -0.00002232
0.99975328 -0.00000993
0.99993832 -0.00000247
1.00000000 0.00000001
