sample_1328
1.00000000 0.00000001
0.99993832 0.00000872
0.99975328 0.00003484
0.99944494 0.00007843
0.99901336 0.00013954
0.99845867 0.00021827
0.99778098 0.00031473
0.99698048 0.00042905
0.99605735 0.00056139
0.99501183 0.00071193
0.99384417 0.00088086
0.99255466 0.00106837
0.99114363 0.00127470
0.98961141 0.00150005
0.98795838 0.00174467
0.98618496 0.00200878
0.98429158 0.00229260
0.98227871 0.00259637
0.98014684 0.00292030
0.97789651 0.00326459
0.97552826 0.00362942
0.97304268 0.00401497
0.97044038 0.00442137
0.96772202 0.00484875
0.96488824 0.00529719
0.96193977 0.00576675
0.95887731 0.00625744
0.95570164 0.00676924
0.95241353 0.00730209
0.94901379 0.00785588
0.94550326 0.00843047
0.94188282 0.00902564
0.93815334 0.00964115
0.93431576 0.01027669
0.93037101 0.01093192
0.92632008 0.01160641
0.92216396 0.01229973
0.91790368 0.01301134
0.91354029 0.01374069
0.90907486 0.01448716
0.90450850 0.01525007
0.89984233 0.01602873
0.89507751 0.01682235
0.89021520 0.01763012
0.88525662 0.01845120
0.88020298 0.01928468
0.87505553 0.02012964
0.86981555 0.02098510
0.86448431 0.02185006
0.85906315 0.02272349
0.85355339 0.02360435
0.84795640 0.02449155
0.84227355 0.02538401
0.83650626 0.02628062
0.83065593 0.02718027
0.82472402 0.02808184
0.81871199 0.02898423
0.81262133 0.02988630
0.80645353 0.03078697
0.80021011 0.03168514
0.79389263 0.03257974
0.78750263 0.03346970
0.78104169 0.03435400
0.77451141 0.03523164
0.76791340 0.03610164
0.76124928 0.03696307
0.75452071 0.03781502
0.74772933 0.03865664
0.74087684 0.03948711
0.73396491 0.04030565
0.72699525 0.04111154
0.71996958 0.04190410
0.71288965 0.04268271
0.70575718 0.04344679
0.69857395 0.04419581
0.69134172 0.04492930
0.68406228 0.04564684
0.67673742 0.04634807
0.66936896 0.04703267
0.66195871 0.04770038
0.65450850 0.04835098
0.64702016 0.04898431
0.63949555 0.04960026
0.63193652 0.05019875
0.62434494 0.05077975
0.61672268 0.05134330
0.60907162 0.05188943
0.60139365 0.05241825
0.59369066 0.05292988
0.58596455 0.05342449
0.57821723 0.05390225
0.57045062 0.05436340
0.56266662 0.05480816
0.55486716 0.05523680
0.54705416 0.05564959
0.53922955 0.05604681
0.53139526 0.05642877
0.52355323 0.05679578
0.51570538 0.05714814
0.50785366 0.05748616
0.50000000 0.05781015
0.49214634 0.05812043
0.48429462 0.05841727
0.47644677 0.05870098
0.46860474 0.05897183
0.46077045 0.05923006
0.45294584 0.05947594
0.44513284 0.05970966
0.43733338 0.05993144
0.42954938 0.06014145
0.42178277 0.06033983
0.41403545 0.06052672
0.40630934 0.06070220
0.39860635 0.06086635
0.39092838 0.06101920
0.38327732 0.06116075
0.37565506 0.06129098
0.36806348 0.06140984
0.36050445 0.06151722
0.35297984 0.06161301
0.34549150 0.06169705
0.33804129 0.06176916
0.33063104 0.06182912
0.32326258 0.06187668
0.31593772 0.06191156
0.30865828 0.06193345
0.30142605 0.06194202
0.29424282 0.06193690
0.28711035 0.06191770
0.28003042 0.06188401
0.27300475 0.06183539
0.26603509 0.06177137
0.25912316 0.06169148
0.25227067 0.06159522
0.24547929 0.06148206
0.23875072 0.06135149
0.23208660 0.06120294
0.22548859 0.06103588
0.21895831 0.06084972
0.21249737 0.06064390
0.20610737 0.06041784
0.19978989 0.06017097
0.19354647 0.05990268
0.18737867 0.05961241
0.18128801 0.05929958
0.17527598 0.05896362
0.16934407 0.05860395
0.16349374 0.05822003
0.15772645 0.05781132
0.15204360 0.05737728
0.14644661 0.05691741
0.14093685 0.05643121
0.13551569 0.05591821
0.13018445 0.05537796
0.12494447 0.05481004
0.11979702 0.05421406
0.11474338 0.05358965
0.10978480 0.05293647
0.10492249 0.05225423
0.10015767 0.05154265
0.09549150 0.05080151
0.09092514 0.05003061
0.08645971 0.04922982
0.08209632 0.04839901
0.07783604 0.04753813
0.07367992 0.04664715
0.06962899 0.04572611
0.06568424 0.04477508
0.06184666 0.04379418
0.05811718 0.04278359
0.05449674 0.04174353
0.05098621 0.04067427
0.04758647 0.03957614
0.04429836 0.03844951
0.04112269 0.03729483
0.03806023 0.03611257
0.03511176 0.03490328
0.03227798 0.03366752
0.02955962 0.03240596
0.02695732 0.03111927
0.02447174 0.02980820
0.02210349 0.02847355
0.01985316 0.02711614
0.01772129 0.02573688
0.01570842 0.02433670
0.01381504 0.02291656
0.01204162 0.02147751
0.01038859 0.02002059
0.00885637 0.01854692
0.00744534 0.01705762
0.00615583 0.01555388
0.00498817 0.01403690
0.00394265 0.01250792
0.00301952 0.01096820
0.00221902 0.00941903
0.00154133 0.00786172
0.00098664 0.00629759
0.00055506 0.00472800
0.00024672 0.00315429
0.00006168 0.00157783
0.00000000 0.00000000
0.00006168 -0.00098989
0.00024672 -0.00197767
0.00055506 -0.00296125
0.00098664 -0.00393854
0.00154133 -0.00490748
0.00221902 -0.00586601
0.00301952 -0.00681214
0.00394265 -0.00774387
0.00498817 -0.00865927
0.00615583 -0.00955646
0.00744534 -0.01043359
0.00885637 -0.01128890
0.01038859 -0.01212067
0.01204162 -0.01292726
0.01381504 -0.01370709
0.01570842 -0.01445868
0.01772129 -0.01518063
0.01985316 -0.01587162
0.02210349 -0.01653042
0.02447174 -0.01715591
0.02695732 -0.01774706
0.02955962 -0.01830296
0.03227798 -0.01882279
0.03511176 -0.01930586
0.03806023 -0.01975156
0.04112269 -0.02015943
0.04429836 -0.02052912
0.04758647 -0.02086038
0.05098621 -0.02115309
0.05449674 -0.02140727
0.05811718 -0.02162302
0.06184666 -0.02180059
0.06568424 -0.02194034
0.06962899 -0.02204275
0.07367992 -0.02210841
0.07783604 -0.02213803
0.08209632 -0.02213242
0.08645971 -0.02209250
0.09092514 -0.02201931
0.09549150 -0.02191396
0.10015767 -0.02177768
0.10492249 -0.02161178
0.10978480 -0.02141765
0.11474338 -0.02119675
0.11979702 -0.02095064
0.12494447 -0.02068090
0.13018445 -0.02038921
0.13551569 -0.02007727
0.14093685 -0.01974684
0.14644661 -0.01939971
0.15204360 -0.01903767
0.15772645 -0.01866258
0.16349374 -0.01827625
0.16934407 -0.01788054
0.17527598 -0.01747727
0.18128801 -0.01706826
0.18737867 -0.01665530
0.19354647 -0.01624015
0.19978989 -0.01582452
0.20610737 -0.01541010
0.21249737 -0.01499849
0.21895831 -0.01459125
0.22548859 -0.01418986
0.23208660 -0.01379572
0.23875072 -0.01341017
0.24547929 -0.01303445
0.25227067 -0.01266970
0.25912316 -0.01231698
0.26603509 -0.01197724
0.27300475 -0.01165133
0.28003042 -0.01134001
0.28711035 -0.01104391
0.29424282 -0.01076356
0.30142605 -0.01049941
0.30865828 -0.01025175
0.31593772 -0.01002081
0.32326258 -0.00980668
0.33063104 -0.00960939
0.33804129 -0.00942882
0.34549150 -0.00926478
0.35297984 -0.00911700
0.36050445 -0.00898509
0.36806348 -0.00886860
0.37565506 -0.00876699
0.38327732 -0.00867966
0.39092838 -0.00860592
0.39860635 -0.00854505
0.40630934 -0.00849626
0.41403545 -0.00845872
0.42178277 -0.00843155
0.42954938 -0.00841386
0.43733338 -0.00840472
0.44513284 -0.00840318
0.45294584 -0.00840830
0.46077045 -0.00841912
0.46860474 -0.00843468
0.47644677 -0.00845405
0.48429462 -0.00847631
0.49214634 -0.00850056
0.50000000 -0.00852594
0.50785366 -0.00855160
0.51570538 -0.00857675
0.52355323 -0.00860066
0.53139526 -0.00862261
0.53922955 -0.00864196
0.54705416 -0.00865811
0.55486716 -0.00867054
0.56266662 -0.00867875
0.57045062 -0.00868234
0.57821723 -0.00868095
0.58596455 -0.00867428
0.59369066 -0.00866210
0.60139365 -0.00864423
0.60907162 -0.00862056
0.61672268 -0.00859103
0.62434494 -0.00855564
0.63193652 -0.00851442
0.63949555 -0.00846748
0.64702016 -0.00841494
0.65450850 -0.00835700
0.66195871 -0.00829386
0.66936896 -0.00822577
0.67673742 -0.00815301
0.68406228 -0.00807588
0.69134172 -0.00799470
0.69857395 -0.00790978
0.70575718 -0.00782148
0.71288965 -0.00773014
0.71996958 -0.00763611
0.72699525 -0.00753971
0.73396491 -0.00744129
0.74087684 -0.00734116
0.74772933 -0.00723963
0.75452071 -0.00713698
0.76124928 -0.00703346
0.76791340 -0.00692933
0.77451141 -0.00682478
0.78104169 -0.00672001
0.78750263 -0.00661515
0.79389263 -0.00651034
0.80021011 -0.00640565
0.80645353 -0.00630115
0.81262133 -0.00619686
0.81871199 -0.00609278
0.82472402 -0.00598888
0.83065593 -0.00588509
0.83650626 -0.00578133
0.84227355 -0.00567750
0.84795640 -0.00557345
0.85355339 -0.00546904
0.85906315 -0.00536412
0.86448431 -0.00525851
0.86981555 -0.00515202
0.87505553 -0.00504448
0.88020298 -0.00493569
0.88525662 -0.00482548
0.89021520 -0.00471367
0.89507751 -0.00460010
0.89984233 -0.00448462
0.90450850 -0.00436709
0.90907486 -0.00424740
0.91354029 -0.00412547
0.91790368 -0.00400124
0.92216396 -0.00387468
0.92632008 -0.00374579
0.93037101 -0.00361460
0.93431576 -0.00348118
0.93815334 -0.00334565
0.94188282 -0.00320815
0.94550326 -0.00306885
0.94901379 -0.00292798
0.95241353 -0.00278579
0.95570164 -0.00264258
0.95887731 -0.00249867
0.96193977 -0.00235441
0.96488824 -0.00221021
0.96772202 -0.00206648
0.97044038 -0.00192367
0.97304268 -0.00178225
0.97552826 -0.00164269
0.97789651 -0.00150552
0.98014684 -0.00137123
0.98227871 -0.00124036
0.98429158 -0.00111344
0.98618496 -0.00099099
0.98795838 -0.00087353
0.98961141 -0.00076157
0.99114363 -0.00065563
0.99255466 -0.00055617
0.99384417 -0.00046367
0.99501183 -0.00037855
0.99605735 -0.00030123
0.99698048 -0.00023208
0.99778098 -0.00017144
0.99845867 -0.00011960
0.99901336 -0.00007683
0.99944494 -0.00004334
0.99975328 -0.00001930
0.99993832 -0.00000482
1.00000000 0.00000001
