sample_1200
1.00000000 0.00000001
0.99993832 0.00001263
0.99975328 0.00005045
0.99944494 0.00011341
0.99901336 0.00020138
0.99845867 0.00031419
0.99778098 0.00045163
0.99698048 0.00061344
0.99605735 0.00079932
0.99501183 0.00100891
0.99384417 0.00124184
0.99255466 0.00149768
0.99114363 0.00177599
0.98961141 0.00207627
0.98795838 0.00239802
0.98618496 0.00274070
0.98429158 0.00310374
0.98227871 0.00348658
0.98014684 0.00388862
0.97789651 0.00430927
0.97552826 0.00474792
0.97304268 0.00520396
0.97044038 0.00567678
0.96772202 0.00616578
0.96488824 0.00667036
0.96193977 0.00718995
0.95887731 0.00772396
0.95570164 0.00827186
0.95241353 0.00883311
0.94901379 0.00940720
0.94550326 0.00999365
0.94188282 0.01059201
0.93815334 0.01120186
0.93431576 0.01182280
0.93037101 0.01245448
0.92632008 0.01309657
0.92216396 0.01374879
0.91790368 0.01441087
0.91354029 0.01508260
0.90907486 0.01576379
0.90450850 0.01645429
0.89984233 0.01715399
0.89507751 0.01786278
0.89021520 0.01858062
0.88525662 0.01930748
0.88020298 0.02004334
0.87505553 0.02078823
0.86981555 0.02154217
0.86448431 0.02230523
0.85906315 0.02307746
0.85355339 0.02385894
0.84795640 0.02464975
0.84227355 0.02544997
0.83650626 0.02625967
0.83065593 0.02707893
0.82472402 0.02790780
0.81871199 0.02874633
0.81262133 0.02959453
0.80645353 0.03045241
0.80021011 0.03131993
0.79389263 0.03219704
0.78750263 0.03308363
0.78104169 0.03397957
0.77451141 0.03488466
0.76791340 0.03579868
0.76124928 0.03672135
0.75452071 0.03765233
0.74772933 0.03859123
0.74087684 0.03953760
0.73396491 0.04049094
0.72699525 0.04145067
0.71996958 0.04241617
0.71288965 0.04338675
0.70575718 0.04436164
0.69857395 0.04534004
0.69134172 0.04632106
0.68406228 0.04730376
0.67673742 0.04828714
0.66936896 0.04927016
0.66195871 0.05025170
0.65450850 0.05123060
0.64702016 0.05220567
0.63949555 0.05317563
0.63193652 0.05413922
0.62434494 0.05509509
0.61672268 0.05604190
0.60907162 0.05697827
0.60139365 0.05790278
0.59369066 0.05881403
0.58596455 0.05971060
0.57821723 0.06059104
0.57045062 0.06145395
0.56266662 0.06229790
0.55486716 0.06312151
0.54705416 0.06392338
0.53922955 0.06470218
0.53139526 0.06545658
0.52355323 0.06618533
0.51570538 0.06688717
0.50785366 0.06756095
0.50000000 0.06820555
0.49214634 0.06881989
0.48429462 0.06940300
0.47644677 0.06995394
0.46860474 0.07047189
0.46077045 0.07095606
0.45294584 0.07140577
0.44513284 0.07182043
0.43733338 0.07219952
0.42954938 0.07254260
0.42178277 0.07284934
0.41403545 0.07311950
0.40630934 0.07335292
0.39860635 0.07354952
0.39092838 0.07370932
0.38327732 0.07383243
0.37565506 0.07391905
0.36806348 0.07396943
0.36050445 0.07398394
0.35297984 0.07396300
0.34549150 0.07390711
0.33804129 0.07381682
0.33063104 0.07369278
0.32326258 0.07353566
0.31593772 0.07334619
0.30865828 0.07312517
0.30142605 0.07287340
0.29424282 0.07259174
0.28711035 0.07228108
0.28003042 0.07194230
0.27300475 0.07157634
0.26603509 0.07118410
0.25912316 0.07076651
0.25227067 0.07032450
0.24547929 0.06985896
0.23875072 0.06937078
0.23208660 0.06886082
0.22548859 0.06832992
0.21895831 0.06777889
0.21249737 0.06720846
0.20610737 0.06661937
0.19978989 0.06601227
0.19354647 0.06538777
0.18737867 0.06474644
0.18128801 0.06408877
0.17527598 0.06341520
0.16934407 0.06272610
0.16349374 0.06202178
0.15772645 0.06130249
0.15204360 0.06056842
0.14644661 0.05981967
0.14093685 0.05905631
0.13551569 0.05827833
0.13018445 0.05748566
0.12494447 0.05667819
0.11979702 0.05585574
0.11474338 0.05501810
0.10978480 0.05416499
0.10492249 0.05329610
0.10015767 0.05241109
0.09549150 0.05150960
0.09092514 0.05059121
0.08645971 0.04965552
0.08209632 0.04870210
0.07783604 0.04773050
0.07367992 0.04674030
0.06962899 0.04573106
0.06568424 0.04470237
0.06184666 0.04365383
0.05811718 0.04258506
0.05449674 0.04149573
0.05098621 0.04038553
0.04758647 0.03925420
0.04429836 0.03810153
0.04112269 0.03692736
0.03806023 0.03573159
0.03511176 0.03451418
0.03227798 0.03327517
0.02955962 0.03201465
0.02695732 0.03073280
0.02447174 0.02942987
0.02210349 0.02810618
0.01985316 0.02676214
0.01772129 0.02539823
0.01570842 0.02401502
0.01381504 0.02261315
0.01204162 0.02119334
0.01038859 0.01975640
0.00885637 0.01830320
0.00744534 0.01683467
0.00615583 0.01535184
0.00498817 0.01385579
0.00394265 0.01234764
0.00301952 0.01082861
0.00221902 0.00929993
0.00154133 0.00776289
0.00098664 0.00621883
0.00055506 0.00466911
0.00024672 0.00311512
0.00006168 0.00155828
0.00000000 0.00000000
0.00006168 -0.00023744
0.00024672 -0.00047462
0.00055506 -0.00071131
0.00098664 -0.00094724
0.00154133 -0.00118218
0.00221902 -0.00141586
0.00301952 -0.00164802
0.00394265 -0.00187843
0.00498817 -0.00210680
0.00615583 -0.00233289
0.00744534 -0.00255642
0.00885637 -0.00277714
0.01038859 -0.00299476
0.01204162 -0.00320904
0.01381504 -0.00341968
0.01570842 -0.00362642
0.01772129 -0.00382899
0.01985316 -0.00402711
0.02210349 -0.00422051
0.02447174 -0.00440892
0.02695732 -0.00459207
0.02955962 -0.00476970
0.03227798 -0.00494156
0.03511176 -0.00510738
0.03806023 -0.00526692
0.04112269 -0.00541995
0.04429836 -0.00556625
0.04758647 -0.00570559
0.05098621 -0.00583778
0.05449674 -0.00596263
0.05811718 -0.00607998
0.06184666 -0.00618968
0.06568424 -0.00629159
0.06962899 -0.00638561
0.07367992 -0.00647165
0.07783604 -0.00654964
0.08209632 -0.00661956
0.08645971 -0.00668139
0.09092514 -0.00673514
0.09549150 -0.00678087
0.10015767 -0.00681865
0.10492249 -0.00684859
0.10978480 -0.00687083
0.11474338 -0.00688552
0.11979702 -0.00689289
0.12494447 -0.00689315
0.13018445 -0.00688657
0.13551569 -0.00687345
0.14093685 -0.00685411
0.14644661 -0.00682891
0.15204360 -0.00679823
0.15772645 -0.00676249
0.16349374 -0.00672212
0.16934407 -0.00667760
0.17527598 -0.00662939
0.18128801 -0.00657802
0.18737867 -0.00652400
0.19354647 -0.00646789
0.19978989 -0.00641023
0.20610737 -0.00635159
0.21249737 -0.00629256
0.21895831 -0.00623370
0.22548859 -0.00617560
0.23208660 -0.00611885
0.23875072 -0.00606401
0.24547929 -0.00601167
0.25227067 -0.00596238
0.25912316 -0.00591668
0.26603509 -0.00587510
0.27300475 -0.00583816
0.28003042 -0.00580632
0.28711035 -0.00578004
0.29424282 -0.00575975
0.30142605 -0.00574584
0.30865828 -0.00573866
0.31593772 -0.00573853
0.32326258 -0.00574573
0.33063104 -0.00576047
0.33804129 -0.00578295
0.34549150 -0.00581330
0.35297984 -0.00585161
0.36050445 -0.00589792
0.36806348 -0.00595221
0.37565506 -0.00601442
0.38327732 -0.00608442
0.39092838 -0.00616204
0.39860635 -0.00624707
0.40630934 -0.00633922
0.41403545 -0.00643816
0.42178277 -0.00654352
0.42954938 -0.00665487
0.43733338 -0.00677174
0.44513284 -0.00689360
0.45294584 -0.00701990
0.46077045 -0.00715005
0.46860474 -0.00728339
0.47644677 -0.00741927
0.48429462 -0.00755697
0.49214634 -0.00769579
0.50000000 -0.00783496
0.50785366 -0.00797372
0.51570538 -0.00811129
0.52355323 -0.00824687
0.53139526 -0.00837967
0.53922955 -0.00850890
0.54705416 -0.00863375
0.55486716 -0.00875344
0.56266662 -0.00886720
0.57045062 -0.00897426
0.57821723 -0.00907390
0.58596455 -0.00916540
0.59369066 -0.00924809
0.60139365 -0.00932132
0.60907162 -0.00938449
0.61672268 -0.00943702
0.62434494 -0.00947841
0.63193652 -0.00950818
0.63949555 -0.00952590
0.64702016 -0.00953123
0.65450850 -0.00952384
0.66195871 -0.00950349
0.66936896 -0.00946999
0.67673742 -0.00942321
0.68406228 -0.00936309
0.69134172 -0.00928962
0.69857395 -0.00920287
0.70575718 -0.00910296
0.71288965 -0.00899009
0.71996958 -0.00886449
0.72699525 -0.00872648
0.73396491 -0.00857643
0.74087684 -0.00841476
0.74772933 -0.00824196
0.75452071 -0.00805856
0.76124928 -0.00786513
0.76791340 -0.00766231
0.77451141 -0.00745077
0.78104169 -0.00723120
0.78750263 -0.00700436
0.79389263 -0.00677101
0.80021011 -0.00653195
0.80645353 -0.00628799
0.81262133 -0.00603998
0.81871199 -0.00578875
0.82472402 -0.00553516
0.83065593 -0.00528006
0.83650626 -0.00502430
0.84227355 -0.00476873
0.84795640 -0.00451418
0.85355339 -0.00426145
0.85906315 -0.00401135
0.86448431 -0.00376464
0.86981555 -0.00352206
0.87505553 -0.00328430
0.88020298 -0.00305204
0.88525662 -0.00282589
0.89021520 -0.00260645
0.89507751 -0.00239424
0.89984233 -0.00218975
0.90450850 -0.00199341
0.90907486 -0.00180560
0.91354029 -0.00162665
0.91790368 -0.00145682
0.92216396 -0.00129634
0.92632008 -0.00114536
0.93037101 -0.00100398
0.93431576 -0.00087224
0.93815334 -0.00075014
0.94188282 -0.00063762
0.94550326 -0.00053455
0.94901379 -0.00044078
0.95241353 -0.00035609
0.95570164 -0.00028021
0.95887731 -0.00021286
0.96193977 -0.00015369
0.96488824 -0.00010232
0.96772202 -0.00005834
0.97044038 -0.00002133
0.97304268 0.00000919
0.97552826 0.00003369
0.97789651 0.00005268
0.98014684 0.00006665
0.98227871 0.00007613
0.98429158 0.00008163
0.98618496 0.00008368
0.98795838 0.00008278
0.98961141 0.00007943
0.99114363 0.00007413
0.99255466 0.00006734
0.99384417 0.00005951
0.99501183 0.00005107
0.99605735 0.00004239
0.99698048 0.00003385
0.99778098 0.00002576
0.99845867 0.00001842
0.99901336 0.00001207
0.99944494 0.00000692
0.99975328 0.00000312
0.99993832 0.00000080
1.00000000 0.00000001
