sample_1298
1.00000000 0.00000001
0.99993832 0.00000598
0.99975328 0.00002389
0.99944494 0.00005378
0.99901336 0.00009568
0.99845867 0.00014967
0.99778098 0.00021583
0.99698048 0.00029427
0.99605735 0.00038509
0.99501183 0.00048845
0.99384417 0.00060450
0.99255466 0.00073341
0.99114363 0.00087537
0.98961141 0.00103061
0.98795838 0.00119933
0.98618496 0.00138179
0.98429158 0.00157823
0.98227871 0.00178893
0.98014684 0.00201418
0.97789651 0.00225426
0.97552826 0.00250950
0.97304268 0.00278020
0.97044038 0.00306670
0.96772202 0.00336933
0.96488824 0.00368843
0.96193977 0.00402436
0.95887731 0.00437746
0.95570164 0.00474807
0.95241353 0.00513656
0.94901379 0.00554326
0.94550326 0.00596852
0.94188282 0.00641266
0.93815334 0.00687600
0.93431576 0.00735886
0.93037101 0.00786153
0.92632008 0.00838427
0.92216396 0.00892733
0.91790368 0.00949095
0.91354029 0.01007533
0.90907486 0.01068062
0.90450850 0.01130698
0.89984233 0.01195450
0.89507751 0.01262324
0.89021520 0.01331323
0.88525662 0.01402444
0.88020298 0.01475680
0.87505553 0.01551021
0.86981555 0.01628449
0.86448431 0.01707942
0.85906315 0.01789474
0.85355339 0.01873012
0.84795640 0.01958517
0.84227355 0.02045945
0.83650626 0.02135246
0.83065593 0.02226365
0.82472402 0.02319239
0.81871199 0.02413800
0.81262133 0.02509976
0.80645353 0.02607687
0.80021011 0.02706848
0.79389263 0.02807369
0.78750263 0.02909154
0.78104169 0.03012102
0.77451141 0.03116108
0.76791340 0.03221060
0.76124928 0.03326845
0.75452071 0.03433343
0.74772933 0.03540432
0.74087684 0.03647987
0.73396491 0.03755878
0.72699525 0.03863975
0.71996958 0.03972144
0.71288965 0.04080251
0.70575718 0.04188159
0.69857395 0.04295732
0.69134172 0.04402832
0.68406228 0.04509323
0.67673742 0.04615068
0.66936896 0.04719933
0.66195871 0.04823785
0.65450850 0.04926491
0.64702016 0.05027923
0.63949555 0.05127955
0.63193652 0.05226465
0.62434494 0.05323333
0.61672268 0.05418446
0.60907162 0.05511692
0.60139365 0.05602967
0.59369066 0.05692169
0.58596455 0.05779203
0.57821723 0.05863980
0.57045062 0.05946416
0.56266662 0.06026432
0.55486716 0.06103956
0.54705416 0.06178922
0.53922955 0.06251270
0.53139526 0.06320945
0.52355323 0.06387900
0.51570538 0.06452092
0.50785366 0.06513486
0.50000000 0.06572052
0.49214634 0.06627764
0.48429462 0.06680603
0.47644677 0.06730556
0.46860474 0.06777614
0.46077045 0.06821771
0.45294584 0.06863029
0.44513284 0.06901391
0.43733338 0.06936865
0.42954938 0.06969463
0.42178277 0.06999199
0.41403545 0.07026092
0.40630934 0.07050160
0.39860635 0.07071425
0.39092838 0.07089911
0.38327732 0.07105642
0.37565506 0.07118645
0.36806348 0.07128946
0.36050445 0.07136572
0.35297984 0.07141550
0.34549150 0.07143905
0.33804129 0.07143666
0.33063104 0.07140855
0.32326258 0.07135499
0.31593772 0.07127619
0.30865828 0.07117238
0.30142605 0.07104375
0.29424282 0.07089050
0.28711035 0.07071277
0.28003042 0.07051073
0.27300475 0.07028449
0.26603509 0.07003417
0.25912316 0.06975985
0.25227067 0.06946161
0.24547929 0.06913949
0.23875072 0.06879353
0.23208660 0.06842374
0.22548859 0.06803013
0.21895831 0.06761269
0.21249737 0.06717138
0.20610737 0.06670618
0.19978989 0.06621703
0.19354647 0.06570389
0.18737867 0.06516671
0.18128801 0.06460542
0.17527598 0.06401997
0.16934407 0.06341029
0.16349374 0.06277635
0.15772645 0.06211808
0.15204360 0.06143547
0.14644661 0.06072847
0.14093685 0.05999708
0.13551569 0.05924131
0.13018445 0.05846116
0.12494447 0.05765669
0.11979702 0.05682794
0.11474338 0.05597500
0.10978480 0.05509797
0.10492249 0.05419698
0.10015767 0.05327218
0.09549150 0.05232375
0.09092514 0.05135190
0.08645971 0.05035685
0.08209632 0.04933888
0.07783604 0.04829826
0.07367992 0.04723532
0.06962899 0.04615039
0.06568424 0.04504385
0.06184666 0.04391608
0.05811718 0.04276752
0.05449674 0.04159861
0.05098621 0.04040982
0.04758647 0.03920165
0.04429836 0.03797460
0.04112269 0.03672923
0.03806023 0.03546608
0.03511176 0.03418572
0.03227798 0.03288877
0.02955962 0.03157581
0.02695732 0.03024748
0.02447174 0.02890441
0.02210349 0.02754725
0.01985316 0.02617666
0.01772129 0.02479330
0.01570842 0.02339786
0.01381504 0.02199103
0.01204162 0.02057348
0.01038859 0.01914593
0.00885637 0.01770907
0.00744534 0.01626361
0.00615583 0.01481025
0.00498817 0.01334972
0.00394265 0.01188272
0.00301952 0.01040997
0.00221902 0.00893218
0.00154133 0.00745008
0.00098664 0.00596438
0.00055506 0.00447581
0.00024672 0.00298507
0.00006168 0.00149289
0.00000000 0.00000000
0.00006168 -0.00078288
0.00024672 -0.00156474
0.00055506 -0.00234456
0.00098664 -0.00312133
0.00154133 -0.00389406
0.00221902 -0.00466175
0.00301952 -0.00542344
0.00394265 -0.00617818
0.00498817 -0.00692504
0.00615583 -0.00766313
0.00744534 -0.00839156
0.00885637 -0.00910951
0.01038859 -0.00981617
0.01204162 -0.01051078
0.01381504 -0.01119260
0.01570842 -0.01186095
0.01772129 -0.01251518
0.01985316 -0.01315471
0.02210349 -0.01377896
0.02447174 -0.01438746
0.02695732 -0.01497972
0.02955962 -0.01555536
0.03227798 -0.01611401
0.03511176 -0.01665538
0.03806023 -0.01717919
0.04112269 -0.01768526
0.04429836 -0.01817342
0.04758647 -0.01864358
0.05098621 -0.01909567
0.05449674 -0.01952968
0.05811718 -0.01994566
0.06184666 -0.02034369
0.06568424 -0.02072389
0.06962899 -0.02108643
0.07367992 -0.02143152
0.07783604 -0.02175940
0.08209632 -0.02207035
0.08645971 -0.02236468
0.09092514 -0.02264273
0.09549150 -0.02290487
0.10015767 -0.02315149
0.10492249 -0.02338300
0.10978480 -0.02359982
0.11474338 -0.02380241
0.11979702 -0.02399122
0.12494447 -0.02416671
0.13018445 -0.02432935
0.13551569 -0.02447962
0.14093685 -0.02461797
0.14644661 -0.02474489
0.15204360 -0.02486082
0.15772645 -0.02496622
0.16349374 -0.02506153
0.16934407 -0.02514716
0.17527598 -0.02522351
0.18128801 -0.02529098
0.18737867 -0.02534992
0.19354647 -0.02540067
0.19978989 -0.02544353
0.20610737 -0.02547880
0.21249737 -0.02550671
0.21895831 -0.02552750
0.22548859 -0.02554136
0.23208660 -0.02554844
0.23875072 -0.02554888
0.24547929 -0.02554276
0.25227067 -0.02553015
0.25912316 -0.02551107
0.26603509 -0.02548552
0.27300475 -0.02545348
0.28003042 -0.02541486
0.28711035 -0.02536959
0.29424282 -0.02531754
0.30142605 -0.02525855
0.30865828 -0.02519247
0.31593772 -0.02511910
0.32326258 -0.02503823
0.33063104 -0.02494962
0.33804129 -0.02485304
0.34549150 -0.02474822
0.35297984 -0.02463490
0.36050445 -0.02451281
0.36806348 -0.02438167
0.37565506 -0.02424120
0.38327732 -0.02409113
0.39092838 -0.02393120
0.39860635 -0.02376113
0.40630934 -0.02358069
0.41403545 -0.02338963
0.42178277 -0.02318774
0.42954938 -0.02297483
0.43733338 -0.02275072
0.44513284 -0.02251526
0.45294584 -0.02226833
0.46077045 -0.02200983
0.46860474 -0.02173972
0.47644677 -0.02145797
0.48429462 -0.02116459
0.49214634 -0.02085962
0.50000000 -0.02054317
0.50785366 -0.02021535
0.51570538 -0.01987633
0.52355323 -0.01952632
0.53139526 -0.01916558
0.53922955 -0.01879439
0.54705416 -0.01841310
0.55486716 -0.01802206
0.56266662 -0.01762171
0.57045062 -0.01721248
0.57821723 -0.01679488
0.58596455 -0.01636944
0.59369066 -0.01593670
0.60139365 -0.01549728
0.60907162 -0.01505179
0.61672268 -0.01460090
0.62434494 -0.01414528
0.63193652 -0.01368565
0.63949555 -0.01322271
0.64702016 -0.01275723
0.65450850 -0.01228996
0.66195871 -0.01182166
0.66936896 -0.01135313
0.67673742 -0.01088514
0.68406228 -0.01041849
0.69134172 -0.00995395
0.69857395 -0.00949231
0.70575718 -0.00903435
0.71288965 -0.00858083
0.71996958 -0.00813250
0.72699525 -0.00769009
0.73396491 -0.00725432
0.74087684 -0.00682588
0.74772933 -0.00640543
0.75452071 -0.00599361
0.76124928 -0.00559104
0.76791340 -0.00519827
0.77451141 -0.00481587
0.78104169 -0.00444432
0.78750263 -0.00408409
0.79389263 -0.00373562
0.80021011 -0.00339928
0.80645353 -0.00307542
0.81262133 -0.00276433
0.81871199 -0.00246628
0.82472402 -0.00218148
0.83065593 -0.00191009
0.83650626 -0.00165225
0.84227355 -0.00140802
0.84795640 -0.00117746
0.85355339 -0.00096055
0.85906315 -0.00075724
0.86448431 -0.00056745
0.86981555 -0.00039105
0.87505553 -0.00022787
0.88020298 -0.00007770
0.88525662 0.00005968
0.89021520 0.00018457
0.89507751 0.00029725
0.89984233 0.00039807
0.90450850 0.00048740
0.90907486 0.00056561
0.91354029 0.00063313
0.91790368 0.00069039
0.92216396 0.00073785
0.92632008 0.00077597
0.93037101 0.00080524
0.93431576 0.00082617
0.93815334 0.00083926
0.94188282 0.00084504
0.94550326 0.00084402
0.94901379 0.00083673
0.95241353 0.00082371
0.95570164 0.00080548
0.95887731 0.00078257
0.96193977 0.00075551
0.96488824 0.00072481
0.96772202 0.00069099
0.97044038 0.00065454
0.97304268 0.00061596
0.97552826 0.00057572
0.97789651 0.00053428
0.98014684 0.00049211
0.98227871 0.00044961
0.98429158 0.00040722
0.98618496 0.00036533
0.98795838 0.00032432
0.98961141 0.00028453
0.99114363 0.00024631
0.99255466 0.00020997
0.99384417 0.00017581
0.99501183 0.00014407
0.99605735 0.00011502
0.99698048 0.00008886
0.99778098 0.00006580
0.99845867 0.00004600
0.99901336 0.00002960
0.99944494 0.00001673
0.99975328 0.00000746
0.99993832 0.00000188
1.00000000 0.00000001
