sample_922
1.00000000 0.00000001
0.99993832 0.00001119
0.99975328 0.00004468
0.99944494 0.00010045
0.99901336 0.00017841
0.99845867 0.00027844
0.99778098 0.00040040
0.99698048 0.00054409
0.99605735 0.00070931
0.99501183 0.00089582
0.99384417 0.00110335
0.99255466 0.00133160
0.99114363 0.00158027
0.98961141 0.00184900
0.98795838 0.00213745
0.98618496 0.00244524
0.98429158 0.00277198
0.98227871 0.00311725
0.98014684 0.00348066
0.97789651 0.00386177
0.97552826 0.00426016
0.97304268 0.00467539
0.97044038 0.00510704
0.96772202 0.00555466
0.96488824 0.00601784
0.96193977 0.00649614
0.95887731 0.00698914
0.95570164 0.00749645
0.95241353 0.00801765
0.94901379 0.00855236
0.94550326 0.00910020
0.94188282 0.00966081
0.93815334 0.01023385
0.93431576 0.01081897
0.93037101 0.01141587
0.92632008 0.01202423
0.92216396 0.01264378
0.91790368 0.01327425
0.91354029 0.01391537
0.90907486 0.01456691
0.90450850 0.01522864
0.89984233 0.01590035
0.89507751 0.01658184
0.89021520 0.01727291
0.88525662 0.01797339
0.88020298 0.01868309
0.87505553 0.01940187
0.86981555 0.02012955
0.86448431 0.02086598
0.85906315 0.02161100
0.85355339 0.02236446
0.84795640 0.02312620
0.84227355 0.02389605
0.83650626 0.02467387
0.83065593 0.02545946
0.82472402 0.02625265
0.81871199 0.02705325
0.81262133 0.02786106
0.80645353 0.02867586
0.80021011 0.02949743
0.79389263 0.03032551
0.78750263 0.03115985
0.78104169 0.03200017
0.77451141 0.03284617
0.76791340 0.03369754
0.76124928 0.03455394
0.75452071 0.03541502
0.74772933 0.03628040
0.74087684 0.03714969
0.73396491 0.03802248
0.72699525 0.03889832
0.71996958 0.03977677
0.71288965 0.04065734
0.70575718 0.04153954
0.69857395 0.04242287
0.69134172 0.04330677
0.68406228 0.04419071
0.67673742 0.04507412
0.66936896 0.04595640
0.66195871 0.04683697
0.65450850 0.04771519
0.64702016 0.04859045
0.63949555 0.04946209
0.63193652 0.05032946
0.62434494 0.05119189
0.61672268 0.05204868
0.60907162 0.05289915
0.60139365 0.05374258
0.59369066 0.05457827
0.58596455 0.05540548
0.57821723 0.05622348
0.57045062 0.05703151
0.56266662 0.05782883
0.55486716 0.05861466
0.54705416 0.05938824
0.53922955 0.06014878
0.53139526 0.06089549
0.52355323 0.06162758
0.51570538 0.06234423
0.50785366 0.06304463
0.50000000 0.06372796
0.49214634 0.06439339
0.48429462 0.06504009
0.47644677 0.06566720
0.46860474 0.06627389
0.46077045 0.06685929
0.45294584 0.06742254
0.44513284 0.06796279
0.43733338 0.06847916
0.42954938 0.06897078
0.42178277 0.06943677
0.41403545 0.06987628
0.40630934 0.07028843
0.39860635 0.07067235
0.39092838 0.07102718
0.38327732 0.07135207
0.37565506 0.07164617
0.36806348 0.07190866
0.36050445 0.07213871
0.35297984 0.07233553
0.34549150 0.07249834
0.33804129 0.07262639
0.33063104 0.07271895
0.32326258 0.07277533
0.31593772 0.07279485
0.30865828 0.07277691
0.30142605 0.07272092
0.29424282 0.07262634
0.28711035 0.07249268
0.28003042 0.07231952
0.27300475 0.07210647
0.26603509 0.07185321
0.25912316 0.07155949
0.25227067 0.07122513
0.24547929 0.07085000
0.23875072 0.07043407
0.23208660 0.06997736
0.22548859 0.06947999
0.21895831 0.06894214
0.21249737 0.06836410
0.20610737 0.06774622
0.19978989 0.06708893
0.19354647 0.06639278
0.18737867 0.06565837
0.18128801 0.06488641
0.17527598 0.06407768
0.16934407 0.06323304
0.16349374 0.06235346
0.15772645 0.06143995
0.15204360 0.06049364
0.14644661 0.05951570
0.14093685 0.05850739
0.13551569 0.05747003
0.13018445 0.05640500
0.12494447 0.05531375
0.11979702 0.05419776
0.11474338 0.05305858
0.10978480 0.05189778
0.10492249 0.05071697
0.10015767 0.04951779
0.09549150 0.04830190
0.09092514 0.04707097
0.08645971 0.04582666
0.08209632 0.04457065
0.07783604 0.04330459
0.07367992 0.04203013
0.06962899 0.04074888
0.06568424 0.03946242
0.06184666 0.03817228
0.05811718 0.03687995
0.05449674 0.03558687
0.05098621 0.03429440
0.04758647 0.03300385
0.04429836 0.03171643
0.04112269 0.03043329
0.03806023 0.02915548
0.03511176 0.02788398
0.03227798 0.02661964
0.02955962 0.02536325
0.02695732 0.02411546
0.02447174 0.02287684
0.02210349 0.02164786
0.01985316 0.02042886
0.01772129 0.01922008
0.01570842 0.01802167
0.01381504 0.01683366
0.01204162 0.01565598
0.01038859 0.01448845
0.00885637 0.01333080
0.00744534 0.01218268
0.00615583 0.01104362
0.00498817 0.00991310
0.00394265 0.00879049
0.00301952 0.00767511
0.00221902 0.00656620
0.00154133 0.00546294
0.00098664 0.00436448
0.00055506 0.00326991
0.00024672 0.00217829
0.00006168 0.00108865
0.00000000 0.00000000
0.00006168 -0.00041059
0.00024672 -0.00082166
0.00055506 -0.00123371
0.00098664 -0.00164721
0.00154133 -0.00206262
0.00221902 -0.00248037
0.00301952 -0.00290087
0.00394265 -0.00332450
0.00498817 -0.00375160
0.00615583 -0.00418247
0.00744534 -0.00461736
0.00885637 -0.00505649
0.01038859 -0.00550001
0.01204162 -0.00594802
0.01381504 -0.00640056
0.01570842 -0.00685763
0.01772129 -0.00731913
0.01985316 -0.00778495
0.02210349 -0.00825486
0.02447174 -0.00872861
0.02695732 -0.00920588
0.02955962 -0.00968627
0.03227798 -0.01016933
0.03511176 -0.01065456
0.03806023 -0.01114139
0.04112269 -0.01162920
0.04429836 -0.01211732
0.04758647 -0.01260502
0.05098621 -0.01309155
0.05449674 -0.01357611
0.05811718 -0.01405784
0.06184666 -0.01453588
0.06568424 -0.01500934
0.06962899 -0.01547728
0.07367992 -0.01593878
0.07783604 -0.01639289
0.08209632 -0.01683865
0.08645971 -0.01727512
0.09092514 -0.01770134
0.09549150 -0.01811638
0.10015767 -0.01851931
0.10492249 -0.01890924
0.10978480 -0.01928530
0.11474338 -0.01964663
0.11979702 -0.01999244
0.12494447 -0.02032196
0.13018445 -0.02063445
0.13551569 -0.02092926
0.14093685 -0.02120576
0.14644661 -0.02146337
0.15204360 -0.02170159
0.15772645 -0.02191997
0.16349374 -0.02211811
0.16934407 -0.02229569
0.17527598 -0.02245246
0.18128801 -0.02258821
0.18737867 -0.02270281
0.19354647 -0.02279619
0.19978989 -0.02286837
0.20610737 -0.02291939
0.21249737 -0.02294940
0.21895831 -0.02295857
0.22548859 -0.02294715
0.23208660 -0.02291545
0.23875072 -0.02286383
0.24547929 -0.02279270
0.25227067 -0.02270251
0.25912316 -0.02259378
0.26603509 -0.02246705
0.27300475 -0.02232289
0.28003042 -0.02216194
0.28711035 -0.02198483
0.29424282 -0.02179225
0.30142605 -0.02158489
0.30865828 -0.02136346
0.31593772 -0.02112869
0.32326258 -0.02088132
0.33063104 -0.02062210
0.33804129 -0.02035177
0.34549150 -0.02007109
0.35297984 -0.01978078
0.36050445 -0.01948159
0.36806348 -0.01917423
0.37565506 -0.01885942
0.38327732 -0.01853784
0.39092838 -0.01821017
0.39860635 -0.01787705
0.40630934 -0.01753912
0.41403545 -0.01719696
0.42178277 -0.01685117
0.42954938 -0.01650228
0.43733338 -0.01615081
0.44513284 -0.01579726
0.45294584 -0.01544208
0.46077045 -0.01508570
0.46860474 -0.01472853
0.47644677 -0.01437094
0.48429462 -0.01401327
0.49214634 -0.01365584
0.50000000 -0.01329895
0.50785366 -0.01294286
0.51570538 -0.01258781
0.52355323 -0.01223403
0.53139526 -0.01188172
0.53922955 -0.01153106
0.54705416 -0.01118222
0.55486716 -0.01083534
0.56266662 -0.01049058
0.57045062 -0.01014805
0.57821723 -0.00980788
0.58596455 -0.00947018
0.59369066 -0.00913506
0.60139365 -0.00880261
0.60907162 -0.00847295
0.61672268 -0.00814618
0.62434494 -0.00782239
0.63193652 -0.00750170
0.63949555 -0.00718421
0.64702016 -0.00687005
0.65450850 -0.00655933
0.66195871 -0.00625218
0.66936896 -0.00594874
0.67673742 -0.00564916
0.68406228 -0.00535358
0.69134172 -0.00506217
0.69857395 -0.00477510
0.70575718 -0.00449254
0.71288965 -0.00421468
0.71996958 -0.00394172
0.72699525 -0.00367385
0.73396491 -0.00341128
0.74087684 -0.00315421
0.74772933 -0.00290287
0.75452071 -0.00265746
0.76124928 -0.00241820
0.76791340 -0.00218531
0.77451141 -0.00195901
0.78104169 -0.00173950
0.78750263 -0.00152699
0.79389263 -0.00132168
0.80021011 -0.00112378
0.80645353 -0.00093345
0.81262133 -0.00075088
0.81871199 -0.00057623
0.82472402 -0.00040963
0.83065593 -0.00025124
0.83650626 -0.00010115
0.84227355 0.00004054
0.84795640 0.00017373
0.85355339 0.00029838
0.85906315 0.00041445
0.86448431 0.00052192
0.86981555 0.00062080
0.87505553 0.00071112
0.88020298 0.00079293
0.88525662 0.00086631
0.89021520 0.00093136
0.89507751 0.00098820
0.89984233 0.00103699
0.90450850 0.00107789
0.90907486 0.00111111
0.91354029 0.00113686
0.91790368 0.00115539
0.92216396 0.00116695
0.92632008 0.00117183
0.93037101 0.00117033
0.93431576 0.00116277
0.93815334 0.00114949
0.94188282 0.00113084
0.94550326 0.00110719
0.94901379 0.00107892
0.95241353 0.00104642
0.95570164 0.00101009
0.95887731 0.00097033
0.96193977 0.00092756
0.96488824 0.00088220
0.96772202 0.00083467
0.97044038 0.00078539
0.97304268 0.00073477
0.97552826 0.00068324
0.97789651 0.00063120
0.98014684 0.00057906
0.98227871 0.00052721
0.98429158 0.00047604
0.98618496 0.00042592
0.98795838 0.00037721
0.98961141 0.00033026
0.99114363 0.00028539
0.99255466 0.00024291
0.99384417 0.00020310
0.99501183 0.00016625
0.99605735 0.00013259
0.99698048 0.00010236
0.99778098 0.00007574
0.99845867 0.00005292
0.99901336 0.00003404
0.99944494 0.00001922
0.99975328 0.00000857
0.99993832 0.00000216
1.00000000 0.00000001
