sample_1295
1.00000000 0.00000001
0.99993832 0.00000784
0.99975328 0.00003132
0.99944494 0.00007046
0.99901336 0.00012526
0.99845867 0.00019570
0.99778098 0.00028181
0.99698048 0.00038358
0.99605735 0.00050101
0.99501183 0.00063410
0.99384417 0.00078288
0.99255466 0.00094735
0.99114363 0.00112752
0.98961141 0.00132343
0.98795838 0.00153508
0.98618496 0.00176252
0.98429158 0.00200579
0.98227871 0.00226493
0.98014684 0.00254001
0.97789651 0.00283107
0.97552826 0.00313820
0.97304268 0.00346148
0.97044038 0.00380100
0.96772202 0.00415687
0.96488824 0.00452920
0.96193977 0.00491812
0.95887731 0.00532376
0.95570164 0.00574627
0.95241353 0.00618581
0.94901379 0.00664254
0.94550326 0.00711663
0.94188282 0.00760826
0.93815334 0.00811763
0.93431576 0.00864492
0.93037101 0.00919033
0.92632008 0.00975405
0.92216396 0.01033630
0.91790368 0.01093726
0.91354029 0.01155712
0.90907486 0.01219607
0.90450850 0.01285430
0.89984233 0.01353196
0.89507751 0.01422921
0.89021520 0.01494619
0.88525662 0.01568301
0.88020298 0.01643978
0.87505553 0.01721655
0.86981555 0.01801339
0.86448431 0.01883029
0.85906315 0.01966724
0.85355339 0.02052419
0.84795640 0.02140103
0.84227355 0.02229763
0.83650626 0.02321381
0.83065593 0.02414934
0.82472402 0.02510393
0.81871199 0.02607728
0.81262133 0.02706898
0.80645353 0.02807861
0.80021011 0.02910567
0.79389263 0.03014961
0.78750263 0.03120983
0.78104169 0.03228565
0.77451141 0.03337636
0.76791340 0.03448115
0.76124928 0.03559920
0.75452071 0.03672958
0.74772933 0.03787134
0.74087684 0.03902346
0.73396491 0.04018485
0.72699525 0.04135440
0.71996958 0.04253090
0.71288965 0.04371315
0.70575718 0.04489984
0.69857395 0.04608967
0.69134172 0.04728126
0.68406228 0.04847321
0.67673742 0.04966410
0.66936896 0.05085244
0.66195871 0.05203676
0.65450850 0.05321554
0.64702016 0.05438724
0.63949555 0.05555034
0.63193652 0.05670327
0.62434494 0.05784449
0.61672268 0.05897245
0.60907162 0.06008560
0.60139365 0.06118242
0.59369066 0.06226138
0.58596455 0.06332100
0.57821723 0.06435982
0.57045062 0.06537638
0.56266662 0.06636931
0.55486716 0.06733723
0.54705416 0.06827883
0.53922955 0.06919285
0.53139526 0.07007806
0.52355323 0.07093332
0.51570538 0.07175752
0.50785366 0.07254962
0.50000000 0.07330866
0.49214634 0.07403371
0.48429462 0.07472395
0.47644677 0.07537860
0.46860474 0.07599698
0.46077045 0.07657845
0.45294584 0.07712248
0.44513284 0.07762858
0.43733338 0.07809637
0.42954938 0.07852550
0.42178277 0.07891574
0.41403545 0.07926689
0.40630934 0.07957885
0.39860635 0.07985158
0.39092838 0.08008510
0.38327732 0.08027951
0.37565506 0.08043496
0.36806348 0.08055166
0.36050445 0.08062987
0.35297984 0.08066993
0.34549150 0.08067220
0.33804129 0.08063710
0.33063104 0.08056510
0.32326258 0.08045668
0.31593772 0.08031239
0.30865828 0.08013278
0.30142605 0.07991846
0.29424282 0.07967003
0.28711035 0.07938812
0.28003042 0.07907339
0.27300475 0.07872648
0.26603509 0.07834807
0.25912316 0.07793882
0.25227067 0.07749939
0.24547929 0.07703045
0.23875072 0.07653266
0.23208660 0.07600665
0.22548859 0.07545306
0.21895831 0.07487250
0.21249737 0.07426557
0.20610737 0.07363285
0.19978989 0.07297488
0.19354647 0.07229220
0.18737867 0.07158531
0.18128801 0.07085468
0.17527598 0.07010076
0.16934407 0.06932398
0.16349374 0.06852473
0.15772645 0.06770336
0.15204360 0.06686022
0.14644661 0.06599560
0.14093685 0.06510980
0.13551569 0.06420307
0.13018445 0.06327563
0.12494447 0.06232770
0.11979702 0.06135945
0.11474338 0.06037107
0.10978480 0.05936268
0.10492249 0.05833443
0.10015767 0.05728645
0.09549150 0.05621883
0.09092514 0.05513168
0.08645971 0.05402510
0.08209632 0.05289918
0.07783604 0.05175403
0.07367992 0.05058973
0.06962899 0.04940639
0.06568424 0.04820413
0.06184666 0.04698306
0.05811718 0.04574333
0.05449674 0.04448509
0.05098621 0.04320851
0.04758647 0.04191379
0.04429836 0.04060114
0.04112269 0.03927081
0.03806023 0.03792305
0.03511176 0.03655818
0.03227798 0.03517652
0.02955962 0.03377842
0.02695732 0.03236428
0.02447174 0.03093452
0.02210349 0.02948961
0.01985316 0.02803002
0.01772129 0.02655630
0.01570842 0.02506899
0.01381504 0.02356869
0.01204162 0.02205603
0.01038859 0.02053167
0.00885637 0.01899630
0.00744534 0.01745064
0.00615583 0.01589544
0.00498817 0.01433147
0.00394265 0.01275953
0.00301952 0.01118046
0.00221902 0.00959508
0.00154133 0.00800428
0.00098664 0.00640892
0.00055506 0.00480991
0.00024672 0.00320814
0.00006168 0.00160453
0.00000000 0.00000000
0.00006168 -0.00095049
0.00024672 -0.00189881
0.00055506 -0.00284279
0.00098664 -0.00378028
0.00154133 -0.00470917
0.00221902 -0.00562735
0.00301952 -0.00653278
0.00394265 -0.00742345
0.00498817 -0.00829741
0.00615583 -0.00915277
0.00744534 -0.00998772
0.00885637 -0.01080051
0.01038859 -0.01158947
0.01204162 -0.01235303
0.01381504 -0.01308970
0.01570842 -0.01379808
0.01772129 -0.01447690
0.01985316 -0.01512495
0.02210349 -0.01574116
0.02447174 -0.01632455
0.02695732 -0.01687427
0.02955962 -0.01738955
0.03227798 -0.01786978
0.03511176 -0.01831442
0.03806023 -0.01872307
0.04112269 -0.01909543
0.04429836 -0.01943132
0.04758647 -0.01973067
0.05098621 -0.01999351
0.05449674 -0.02022000
0.05811718 -0.02041037
0.06184666 -0.02056498
0.06568424 -0.02068427
0.06962899 -0.02076877
0.07367992 -0.02081911
0.07783604 -0.02083600
0.08209632 -0.02082023
0.08645971 -0.02077266
0.09092514 -0.02069423
0.09549150 -0.02058594
0.10015767 -0.02044883
0.10492249 -0.02028402
0.10978480 -0.02009266
0.11474338 -0.01987596
0.11979702 -0.01963516
0.12494447 -0.01937152
0.13018445 -0.01908635
0.13551569 -0.01878095
0.14093685 -0.01845667
0.14644661 -0.01811484
0.15204360 -0.01775683
0.15772645 -0.01738398
0.16349374 -0.01699765
0.16934407 -0.01659918
0.17527598 -0.01618990
0.18128801 -0.01577114
0.18737867 -0.01534420
0.19354647 -0.01491035
0.19978989 -0.01447086
0.20610737 -0.01402695
0.21249737 -0.01357982
0.21895831 -0.01313062
0.22548859 -0.01268051
0.23208660 -0.01223055
0.23875072 -0.01178182
0.24547929 -0.01133532
0.25227067 -0.01089203
0.25912316 -0.01045288
0.26603509 -0.01001874
0.27300475 -0.00959047
0.28003042 -0.00916885
0.28711035 -0.00875463
0.29424282 -0.00834851
0.30142605 -0.00795115
0.30865828 -0.00756315
0.31593772 -0.00718507
0.32326258 -0.00681742
0.33063104 -0.00646066
0.33804129 -0.00611522
0.34549150 -0.00578144
0.35297984 -0.00545966
0.36050445 -0.00515015
0.36806348 -0.00485313
0.37565506 -0.00456879
0.38327732 -0.00429727
0.39092838 -0.00403864
0.39860635 -0.00379297
0.40630934 -0.00356025
0.41403545 -0.00334045
0.42178277 -0.00313348
0.42954938 -0.00293922
0.43733338 -0.00275751
0.44513284 -0.00258815
0.45294584 -0.00243091
0.46077045 -0.00228551
0.46860474 -0.00215164
0.47644677 -0.00202897
0.48429462 -0.00191712
0.49214634 -0.00181568
0.50000000 -0.00172424
0.50785366 -0.00164233
0.51570538 -0.00156947
0.52355323 -0.00150517
0.53139526 -0.00144890
0.53922955 -0.00140012
0.54705416 -0.00135828
0.55486716 -0.00132282
0.56266662 -0.00129316
0.57045062 -0.00126872
0.57821723 -0.00124891
0.58596455 -0.00123315
0.59369066 -0.00122085
0.60139365 -0.00121144
0.60907162 -0.00120433
0.61672268 -0.00119896
0.62434494 -0.00119479
0.63193652 -0.00119127
0.63949555 -0.00118790
0.64702016 -0.00118418
0.65450850 -0.00117963
0.66195871 -0.00117381
0.66936896 -0.00116631
0.67673742 -0.00115674
0.68406228 -0.00114474
0.69134172 -0.00113001
0.69857395 -0.00111226
0.70575718 -0.00109125
0.71288965 -0.00106677
0.71996958 -0.00103867
0.72699525 -0.00100680
0.73396491 -0.00097111
0.74087684 -0.00093153
0.74772933 -0.00088808
0.75452071 -0.00084080
0.76124928 -0.00078976
0.76791340 -0.00073510
0.77451141 -0.00067695
0.78104169 -0.00061553
0.78750263 -0.00055107
0.79389263 -0.00048381
0.80021011 -0.00041406
0.80645353 -0.00034214
0.81262133 -0.00026839
0.81871199 -0.00019318
0.82472402 -0.00011689
0.83065593 -0.00003994
0.83650626 0.00003727
0.84227355 0.00011432
0.84795640 0.00019076
0.85355339 0.00026618
0.85906315 0.00034014
0.86448431 0.00041222
0.86981555 0.00048201
0.87505553 0.00054909
0.88020298 0.00061309
0.88525662 0.00067365
0.89021520 0.00073040
0.89507751 0.00078305
0.89984233 0.00083129
0.90450850 0.00087487
0.90907486 0.00091356
0.91354029 0.00094717
0.91790368 0.00097555
0.92216396 0.00099858
0.92632008 0.00101618
0.93037101 0.00102832
0.93431576 0.00103501
0.93815334 0.00103629
0.94188282 0.00103224
0.94550326 0.00102300
0.94901379 0.00100873
0.95241353 0.00098964
0.95570164 0.00096596
0.95887731 0.00093797
0.96193977 0.00090599
0.96488824 0.00087034
0.96772202 0.00083140
0.97044038 0.00078955
0.97304268 0.00074521
0.97552826 0.00069880
0.97789651 0.00065076
0.98014684 0.00060157
0.98227871 0.00055166
0.98429158 0.00050151
0.98618496 0.00045158
0.98795838 0.00040233
0.98961141 0.00035422
0.99114363 0.00030767
0.99255466 0.00026311
0.99384417 0.00022095
0.99501183 0.00018157
0.99605735 0.00014532
0.99698048 0.00011253
0.99778098 0.00008349
0.99845867 0.00005846
0.99901336 0.00003767
0.99944494 0.00002131
0.99975328 0.00000951
0.99993832 0.00000239
1.00000000 0.00000001
