sample_006
1.00000000 0.00000001
0.99993832 0.00000969
0.99975328 0.00003872
0.99944494 0.00008706
0.99901336 0.00015465
0.99845867 0.00024144
0.99778098 0.00034731
0.99698048 0.00047216
0.99605735 0.00061584
0.99501183 0.00077821
0.99384417 0.00095908
0.99255466 0.00115827
0.99114363 0.00137557
0.98961141 0.00161076
0.98795838 0.00186359
0.98618496 0.00213382
0.98429158 0.00242118
0.98227871 0.00272540
0.98014684 0.00304619
0.97789651 0.00338326
0.97552826 0.00373632
0.97304268 0.00410505
0.97044038 0.00448915
0.96772202 0.00488832
0.96488824 0.00530224
0.96193977 0.00573061
0.95887731 0.00617313
0.95570164 0.00662949
0.95241353 0.00709941
0.94901379 0.00758260
0.94550326 0.00807880
0.94188282 0.00858773
0.93815334 0.00910917
0.93431576 0.00964286
0.93037101 0.01018861
0.92632008 0.01074620
0.92216396 0.01131546
0.91790368 0.01189623
0.91354029 0.01248837
0.90907486 0.01309176
0.90450850 0.01370630
0.89984233 0.01433191
0.89507751 0.01496856
0.89021520 0.01561619
0.88525662 0.01627480
0.88020298 0.01694441
0.87505553 0.01762505
0.86981555 0.01831676
0.86448431 0.01901961
0.85906315 0.01973369
0.85355339 0.02045911
0.84795640 0.02119597
0.84227355 0.02194439
0.83650626 0.02270451
0.83065593 0.02347648
0.82472402 0.02426041
0.81871199 0.02505647
0.81262133 0.02586477
0.80645353 0.02668545
0.80021011 0.02751864
0.79389263 0.02836442
0.78750263 0.02922289
0.78104169 0.03009410
0.77451141 0.03097809
0.76791340 0.03187487
0.76124928 0.03278441
0.75452071 0.03370662
0.74772933 0.03464142
0.74087684 0.03558862
0.73396491 0.03654803
0.72699525 0.03751938
0.71996958 0.03850234
0.71288965 0.03949654
0.70575718 0.04050152
0.69857395 0.04151677
0.69134172 0.04254171
0.68406228 0.04357568
0.67673742 0.04461794
0.66936896 0.04566770
0.66195871 0.04672407
0.65450850 0.04778609
0.64702016 0.04885272
0.63949555 0.04992286
0.63193652 0.05099531
0.62434494 0.05206881
0.61672268 0.05314203
0.60907162 0.05421355
0.60139365 0.05528190
0.59369066 0.05634553
0.58596455 0.05740285
0.57821723 0.05845218
0.57045062 0.05949183
0.56266662 0.06052002
0.55486716 0.06153495
0.54705416 0.06253477
0.53922955 0.06351763
0.53139526 0.06448161
0.52355323 0.06542481
0.51570538 0.06634530
0.50785366 0.06724115
0.50000000 0.06811044
0.49214634 0.06895127
0.48429462 0.06976173
0.47644677 0.07053997
0.46860474 0.07128416
0.46077045 0.07199251
0.45294584 0.07266330
0.44513284 0.07329484
0.43733338 0.07388554
0.42954938 0.07443384
0.42178277 0.07493830
0.41403545 0.07539755
0.40630934 0.07581032
0.39860635 0.07617542
0.39092838 0.07649178
0.38327732 0.07675844
0.37565506 0.07697456
0.36806348 0.07713939
0.36050445 0.07725233
0.35297984 0.07731290
0.34549150 0.07732072
0.33804129 0.07727558
0.33063104 0.07717736
0.32326258 0.07702609
0.31593772 0.07682194
0.30865828 0.07656517
0.30142605 0.07625621
0.29424282 0.07589559
0.28711035 0.07548398
0.28003042 0.07502213
0.27300475 0.07451096
0.26603509 0.07395147
0.25912316 0.07334476
0.25227067 0.07269206
0.24547929 0.07199466
0.23875072 0.07125397
0.23208660 0.07047147
0.22548859 0.06964872
0.21895831 0.06878733
0.21249737 0.06788902
0.20610737 0.06695550
0.19978989 0.06598859
0.19354647 0.06499010
0.18737867 0.06396190
0.18128801 0.06290588
0.17527598 0.06182394
0.16934407 0.06071798
0.16349374 0.05958993
0.15772645 0.05844168
0.15204360 0.05727514
0.14644661 0.05609216
0.14093685 0.05489461
0.13551569 0.05368428
0.13018445 0.05246295
0.12494447 0.05123236
0.11979702 0.04999416
0.11474338 0.04875000
0.10978480 0.04750143
0.10492249 0.04624995
0.10015767 0.04499700
0.09549150 0.04374392
0.09092514 0.04249201
0.08645971 0.04124249
0.08209632 0.03999648
0.07783604 0.03875505
0.07367992 0.03751916
0.06962899 0.03628971
0.06568424 0.03506751
0.06184666 0.03385331
0.05811718 0.03264774
0.05449674 0.03145138
0.05098621 0.03026473
0.04758647 0.02908820
0.04429836 0.02792214
0.04112269 0.02676681
0.03806023 0.02562241
0.03511176 0.02448907
0.03227798 0.02336685
0.02955962 0.02225574
0.02695732 0.02115569
0.02447174 0.02006657
0.02210349 0.01898820
0.01985316 0.01792035
0.01772129 0.01686275
0.01570842 0.01581507
0.01381504 0.01477694
0.01204162 0.01374794
0.01038859 0.01272764
0.00885637 0.01171555
0.00744534 0.01071116
0.00615583 0.00971392
0.00498817 0.00872326
0.00394265 0.00773859
0.00301952 0.00675931
0.00221902 0.00578476
0.00154133 0.00481431
0.00098664 0.00384730
0.00055506 0.00288305
0.00024672 0.00192087
0.00006168 0.00096009
0.00000000 0.00000000
0.00006168 -0.00095941
0.00024672 -0.00191791
0.00055506 -0.00287462
0.00098664 -0.00382862
0.00154133 -0.00477901
0.00221902 -0.00572490
0.00301952 -0.00666536
0.00394265 -0.00759949
0.00498817 -0.00852636
0.00615583 -0.00944506
0.00744534 -0.01035467
0.00885637 -0.01125425
0.01038859 -0.01214288
0.01204162 -0.01301962
0.01381504 -0.01388354
0.01570842 -0.01473369
0.01772129 -0.01556915
0.01985316 -0.01638897
0.02210349 -0.01719222
0.02447174 -0.01797798
0.02695732 -0.01874532
0.02955962 -0.01949333
0.03227798 -0.02022110
0.03511176 -0.02092776
0.03806023 -0.02161241
0.04112269 -0.02227422
0.04429836 -0.02291234
0.04758647 -0.02352597
0.05098621 -0.02411432
0.05449674 -0.02467665
0.05811718 -0.02521223
0.06184666 -0.02572039
0.06568424 -0.02620049
0.06962899 -0.02665193
0.07367992 -0.02707415
0.07783604 -0.02746667
0.08209632 -0.02782902
0.08645971 -0.02816082
0.09092514 -0.02846173
0.09549150 -0.02873148
0.10015767 -0.02896985
0.10492249 -0.02917668
0.10978480 -0.02935191
0.11474338 -0.02949551
0.11979702 -0.02960754
0.12494447 -0.02968812
0.13018445 -0.02973745
0.13551569 -0.02975578
0.14093685 -0.02974347
0.14644661 -0.02970092
0.15204360 -0.02962861
0.15772645 -0.02952707
0.16349374 -0.02939694
0.16934407 -0.02923889
0.17527598 -0.02905366
0.18128801 -0.02884207
0.18737867 -0.02860499
0.19354647 -0.02834333
0.19978989 -0.02805809
0.20610737 -0.02775028
0.21249737 -0.02742099
0.21895831 -0.02707133
0.22548859 -0.02670246
0.23208660 -0.02631557
0.23875072 -0.02591188
0.24547929 -0.02549265
0.25227067 -0.02505913
0.25912316 -0.02461261
0.26603509 -0.02415439
0.27300475 -0.02368577
0.28003042 -0.02320805
0.28711035 -0.02272252
0.29424282 -0.02223049
0.30142605 -0.02173322
0.30865828 -0.02123197
0.31593772 -0.02072800
0.32326258 -0.02022250
0.33063104 -0.01971666
0.33804129 -0.01921162
0.34549150 -0.01870851
0.35297984 -0.01820837
0.36050445 -0.01771225
0.36806348 -0.01722110
0.37565506 -0.01673586
0.38327732 -0.01625741
0.39092838 -0.01578655
0.39860635 -0.01532405
0.40630934 -0.01487061
0.41403545 -0.01442688
0.42178277 -0.01399343
0.42954938 -0.01357079
0.43733338 -0.01315943
0.44513284 -0.01275974
0.45294584 -0.01237207
0.46077045 -0.01199669
0.46860474 -0.01163384
0.47644677 -0.01128366
0.48429462 -0.01094627
0.49214634 -0.01062173
0.50000000 -0.01031003
0.50785366 -0.01001113
0.51570538 -0.00972492
0.52355323 -0.00945127
0.53139526 -0.00918999
0.53922955 -0.00894084
0.54705416 -0.00870356
0.55486716 -0.00847786
0.56266662 -0.00826340
0.57045062 -0.00805981
0.57821723 -0.00786672
0.58596455 -0.00768370
0.59369066 -0.00751033
0.60139365 -0.00734617
0.60907162 -0.00719075
0.61672268 -0.00704359
0.62434494 -0.00690423
0.63193652 -0.00677216
0.63949555 -0.00664691
0.64702016 -0.00652799
0.65450850 -0.00641490
0.66195871 -0.00630717
0.66936896 -0.00620432
0.67673742 -0.00610589
0.68406228 -0.00601140
0.69134172 -0.00592043
0.69857395 -0.00583254
0.70575718 -0.00574732
0.71288965 -0.00566436
0.71996958 -0.00558328
0.72699525 -0.00550372
0.73396491 -0.00542534
0.74087684 -0.00534780
0.74772933 -0.00527082
0.75452071 -0.00519410
0.76124928 -0.00511738
0.76791340 -0.00504042
0.77451141 -0.00496301
0.78104169 -0.00488494
0.78750263 -0.00480603
0.79389263 -0.00472614
0.80021011 -0.00464513
0.80645353 -0.00456288
0.81262133 -0.00447929
0.81871199 -0.00439430
0.82472402 -0.00430783
0.83065593 -0.00421986
0.83650626 -0.00413036
0.84227355 -0.00403931
0.84795640 -0.00394674
0.85355339 -0.00385267
0.85906315 -0.00375714
0.86448431 -0.00366019
0.86981555 -0.00356190
0.87505553 -0.00346234
0.88020298 -0.00336160
0.88525662 -0.00325978
0.89021520 -0.00315699
0.89507751 -0.00305334
0.89984233 -0.00294897
0.90450850 -0.00284402
0.90907486 -0.00273861
0.91354029 -0.00263290
0.91790368 -0.00252704
0.92216396 -0.00242119
0.92632008 -0.00231551
0.93037101 -0.00221017
0.93431576 -0.00210534
0.93815334 -0.00200119
0.94188282 -0.00189790
0.94550326 -0.00179563
0.94901379 -0.00169457
0.95241353 -0.00159490
0.95570164 -0.00149679
0.95887731 -0.00140041
0.96193977 -0.00130595
0.96488824 -0.00121357
0.96772202 -0.00112345
0.97044038 -0.00103576
0.97304268 -0.00095066
0.97552826 -0.00086831
0.97789651 -0.00078887
0.98014684 -0.00071250
0.98227871 -0.00063935
0.98429158 -0.00056955
0.98618496 -0.00050324
0.98795838 -0.00044056
0.98961141 -0.00038164
0.99114363 -0.00032658
0.99255466 -0.00027550
0.99384417 -0.00022851
0.99501183 -0.00018570
0.99605735 -0.00014715
0.99698048 -0.00011295
0.99778098 -0.00008317
0.99845867 -0.00005786
0.99901336 -0.00003708
0.99944494 -0.00002088
0.99975328 -0.00000928
0.99993832 -0.00000231
1.00000000 0.00000001
