sample_035
1.00000000 0.00000001
0.99993832 0.00001271
0.99975328 0.00005079
0.99944494 0.00011421
0.99901336 0.00020290
0.99845867 0.00031677
0.99778098 0.00045571
0.99698048 0.00061956
0.99605735 0.00080816
0.99501183 0.00102132
0.99384417 0.00125880
0.99255466 0.00152037
0.99114363 0.00180575
0.98961141 0.00211465
0.98795838 0.00244676
0.98618496 0.00280174
0.98429158 0.00317922
0.98227871 0.00357883
0.98014684 0.00400017
0.97789651 0.00444282
0.97552826 0.00490633
0.97304268 0.00539026
0.97044038 0.00589413
0.96772202 0.00641745
0.96488824 0.00695972
0.96193977 0.00752043
0.95887731 0.00809905
0.95570164 0.00869504
0.95241353 0.00930786
0.94901379 0.00993694
0.94550326 0.01058173
0.94188282 0.01124165
0.93815334 0.01191613
0.93431576 0.01260459
0.93037101 0.01330645
0.92632008 0.01402112
0.92216396 0.01474803
0.91790368 0.01548658
0.91354029 0.01623621
0.90907486 0.01699634
0.90450850 0.01776639
0.89984233 0.01854580
0.89507751 0.01933400
0.89021520 0.02013045
0.88525662 0.02093460
0.88020298 0.02174591
0.87505553 0.02256385
0.86981555 0.02338792
0.86448431 0.02421759
0.85906315 0.02505237
0.85355339 0.02589179
0.84795640 0.02673536
0.84227355 0.02758262
0.83650626 0.02843313
0.83065593 0.02928643
0.82472402 0.03014212
0.81871199 0.03099976
0.81262133 0.03185895
0.80645353 0.03271930
0.80021011 0.03358041
0.79389263 0.03444192
0.78750263 0.03530345
0.78104169 0.03616463
0.77451141 0.03702512
0.76791340 0.03788456
0.76124928 0.03874261
0.75452071 0.03959893
0.74772933 0.04045318
0.74087684 0.04130503
0.73396491 0.04215413
0.72699525 0.04300016
0.71996958 0.04384277
0.71288965 0.04468164
0.70575718 0.04551641
0.69857395 0.04634673
0.69134172 0.04717227
0.68406228 0.04799265
0.67673742 0.04880752
0.66936896 0.04961650
0.66195871 0.05041922
0.65450850 0.05121527
0.64702016 0.05200427
0.63949555 0.05278580
0.63193652 0.05355944
0.62434494 0.05432478
0.61672268 0.05508136
0.60907162 0.05582874
0.60139365 0.05656647
0.59369066 0.05729406
0.58596455 0.05801106
0.57821723 0.05871696
0.57045062 0.05941128
0.56266662 0.06009351
0.55486716 0.06076315
0.54705416 0.06141968
0.53922955 0.06206258
0.53139526 0.06269134
0.52355323 0.06330542
0.51570538 0.06390431
0.50785366 0.06448748
0.50000000 0.06505440
0.49214634 0.06560455
0.48429462 0.06613742
0.47644677 0.06665250
0.46860474 0.06714928
0.46077045 0.06762726
0.45294584 0.06808596
0.44513284 0.06852489
0.43733338 0.06894361
0.42954938 0.06934164
0.42178277 0.06971856
0.41403545 0.07007394
0.40630934 0.07040737
0.39860635 0.07071847
0.39092838 0.07100685
0.38327732 0.07127217
0.37565506 0.07151408
0.36806348 0.07173227
0.36050445 0.07192643
0.35297984 0.07209628
0.34549150 0.07224156
0.33804129 0.07236202
0.33063104 0.07245745
0.32326258 0.07252761
0.31593772 0.07257234
0.30865828 0.07259145
0.30142605 0.07258477
0.29424282 0.07255217
0.28711035 0.07249352
0.28003042 0.07240870
0.27300475 0.07229760
0.26603509 0.07216013
0.25912316 0.07199620
0.25227067 0.07180574
0.24547929 0.07158867
0.23875072 0.07134495
0.23208660 0.07107450
0.22548859 0.07077728
0.21895831 0.07045324
0.21249737 0.07010233
0.20610737 0.06972450
0.19978989 0.06931971
0.19354647 0.06888791
0.18737867 0.06842906
0.18128801 0.06794310
0.17527598 0.06743000
0.16934407 0.06688969
0.16349374 0.06632213
0.15772645 0.06572726
0.15204360 0.06510503
0.14644661 0.06445538
0.14093685 0.06377825
0.13551569 0.06307358
0.13018445 0.06234133
0.12494447 0.06158144
0.11979702 0.06079387
0.11474338 0.05997856
0.10978480 0.05913548
0.10492249 0.05826461
0.10015767 0.05736593
0.09549150 0.05643943
0.09092514 0.05548512
0.08645971 0.05450302
0.08209632 0.05349319
0.07783604 0.05245567
0.07367992 0.05139056
0.06962899 0.05029797
0.06568424 0.04917803
0.06184666 0.04803091
0.05811718 0.04685680
0.05449674 0.04565594
0.05098621 0.04442859
0.04758647 0.04317506
0.04429836 0.04189567
0.04112269 0.04059082
0.03806023 0.03926093
0.03511176 0.03790645
0.03227798 0.03652790
0.02955962 0.03512583
0.02695732 0.03370084
0.02447174 0.03225357
0.02210349 0.03078472
0.01985316 0.02929501
0.01772129 0.02778522
0.01570842 0.02625619
0.01381504 0.02470878
0.01204162 0.02314390
0.01038859 0.02156251
0.00885637 0.01996561
0.00744534 0.01835422
0.00615583 0.01672942
0.00498817 0.01509231
0.00394265 0.01344402
0.00301952 0.01178572
0.00221902 0.01011860
0.00154133 0.00844388
0.00098664 0.00676279
0.00055506 0.00507659
0.00024672 0.00338654
0.00006168 0.00169391
0.00000000 0.00000000
0.00006168 -0.00038997
0.00024672 -0.00077889
0.00055506 -0.00116572
0.00098664 -0.00154943
0.00154133 -0.00192900
0.00221902 -0.00230346
0.00301952 -0.00267185
0.00394265 -0.00303325
0.00498817 -0.00338679
0.00615583 -0.00373165
0.00744534 -0.00406707
0.00885637 -0.00439231
0.01038859 -0.00470675
0.01204162 -0.00500977
0.01381504 -0.00530088
0.01570842 -0.00557962
0.01772129 -0.00584560
0.01985316 -0.00609853
0.02210349 -0.00633818
0.02447174 -0.00656438
0.02695732 -0.00677706
0.02955962 -0.00697620
0.03227798 -0.00716186
0.03511176 -0.00733417
0.03806023 -0.00749332
0.04112269 -0.00763957
0.04429836 -0.00777323
0.04758647 -0.00789469
0.05098621 -0.00800436
0.05449674 -0.00810272
0.05811718 -0.00819028
0.06184666 -0.00826759
0.06568424 -0.00833523
0.06962899 -0.00839382
0.07367992 -0.00844398
0.07783604 -0.00848636
0.08209632 -0.00852162
0.08645971 -0.00855043
0.09092514 -0.00857343
0.09549150 -0.00859128
0.10015767 -0.00860464
0.10492249 -0.00861412
0.10978480 -0.00862033
0.11474338 -0.00862386
0.11979702 -0.00862526
0.12494447 -0.00862506
0.13018445 -0.00862373
0.13551569 -0.00862175
0.14093685 -0.00861950
0.14644661 -0.00861737
0.15204360 -0.00861568
0.15772645 -0.00861471
0.16349374 -0.00861470
0.16934407 -0.00861584
0.17527598 -0.00861829
0.18128801 -0.00862214
0.18737867 -0.00862747
0.19354647 -0.00863429
0.19978989 -0.00864260
0.20610737 -0.00865235
0.21249737 -0.00866345
0.21895831 -0.00867579
0.22548859 -0.00868923
0.23208660 -0.00870360
0.23875072 -0.00871873
0.24547929 -0.00873441
0.25227067 -0.00875042
0.25912316 -0.00876656
0.26603509 -0.00878257
0.27300475 -0.00879825
0.28003042 -0.00881335
0.28711035 -0.00882765
0.29424282 -0.00884094
0.30142605 -0.00885301
0.30865828 -0.00886367
0.31593772 -0.00887275
0.32326258 -0.00888010
0.33063104 -0.00888557
0.33804129 -0.00888907
0.34549150 -0.00889050
0.35297984 -0.00888980
0.36050445 -0.00888695
0.36806348 -0.00888193
0.37565506 -0.00887476
0.38327732 -0.00886548
0.39092838 -0.00885417
0.39860635 -0.00884091
0.40630934 -0.00882584
0.41403545 -0.00880907
0.42178277 -0.00879078
0.42954938 -0.00877114
0.43733338 -0.00875033
0.44513284 -0.00872855
0.45294584 -0.00870603
0.46077045 -0.00868297
0.46860474 -0.00865960
0.47644677 -0.00863615
0.48429462 -0.00861282
0.49214634 -0.00858983
0.50000000 -0.00856740
0.50785366 -0.00854571
0.51570538 -0.00852494
0.52355323 -0.00850526
0.53139526 -0.00848680
0.53922955 -0.00846969
0.54705416 -0.00845402
0.55486716 -0.00843987
0.56266662 -0.00842728
0.57045062 -0.00841626
0.57821723 -0.00840679
0.58596455 -0.00839883
0.59369066 -0.00839230
0.60139365 -0.00838710
0.60907162 -0.00838307
0.61672268 -0.00838006
0.62434494 -0.00837786
0.63193652 -0.00837624
0.63949555 -0.00837496
0.64702016 -0.00837373
0.65450850 -0.00837225
0.66195871 -0.00837020
0.66936896 -0.00836724
0.67673742 -0.00836302
0.68406228 -0.00835717
0.69134172 -0.00834932
0.69857395 -0.00833908
0.70575718 -0.00832606
0.71288965 -0.00830990
0.71996958 -0.00829020
0.72699525 -0.00826660
0.73396491 -0.00823873
0.74087684 -0.00820625
0.74772933 -0.00816883
0.75452071 -0.00812615
0.76124928 -0.00807794
0.76791340 -0.00802393
0.77451141 -0.00796388
0.78104169 -0.00789759
0.78750263 -0.00782488
0.79389263 -0.00774563
0.80021011 -0.00765973
0.80645353 -0.00756710
0.81262133 -0.00746772
0.81871199 -0.00736160
0.82472402 -0.00724877
0.83065593 -0.00712933
0.83650626 -0.00700338
0.84227355 -0.00687109
0.84795640 -0.00673265
0.85355339 -0.00658827
0.85906315 -0.00643823
0.86448431 -0.00628280
0.86981555 -0.00612230
0.87505553 -0.00595708
0.88020298 -0.00578750
0.88525662 -0.00561396
0.89021520 -0.00543687
0.89507751 -0.00525666
0.89984233 -0.00507375
0.90450850 -0.00488862
0.90907486 -0.00470172
0.91354029 -0.00451351
0.91790368 -0.00432447
0.92216396 -0.00413507
0.92632008 -0.00394577
0.93037101 -0.00375704
0.93431576 -0.00356933
0.93815334 -0.00338310
0.94188282 -0.00319878
0.94550326 -0.00301679
0.94901379 -0.00283754
0.95241353 -0.00266142
0.95570164 -0.00248881
0.95887731 -0.00232006
0.96193977 -0.00215551
0.96488824 -0.00199547
0.96772202 -0.00184024
0.97044038 -0.00169009
0.97304268 -0.00154529
0.97552826 -0.00140605
0.97789651 -0.00127260
0.98014684 -0.00114513
0.98227871 -0.00102382
0.98429158 -0.00090881
0.98618496 -0.00080026
0.98795838 -0.00069827
0.98961141 -0.00060297
0.99114363 -0.00051444
0.99255466 -0.00043276
0.99384417 -0.00035801
0.99501183 -0.00029023
0.99605735 -0.00022948
0.99698048 -0.00017580
0.99778098 -0.00012922
0.99845867 -0.00008977
0.99901336 -0.00005747
0.99944494 -0.00003233
0.99975328 -0.00001436
0.99993832 -0.00000358
1.00000000 0.00000001
