sample_590
1.00000000 0.00000001
0.99993832 0.00000848
0.99975328 0.00003388
0.99944494 0.00007626
0.99901336 0.00013569
0.99845867 0.00021226
0.99778098 0.00030611
0.99698048 0.00041738
0.99605735 0.00054625
0.99501183 0.00069290
0.99384417 0.00085756
0.99255466 0.00104045
0.99114363 0.00124185
0.98961141 0.00146199
0.98795838 0.00170118
0.98618496 0.00195969
0.98429158 0.00223782
0.98227871 0.00253586
0.98014684 0.00285412
0.97789651 0.00319290
0.97552826 0.00355248
0.97304268 0.00393315
0.97044038 0.00433518
0.96772202 0.00475884
0.96488824 0.00520437
0.96193977 0.00567199
0.95887731 0.00616191
0.95570164 0.00667429
0.95241353 0.00720929
0.94901379 0.00776703
0.94550326 0.00834759
0.94188282 0.00895102
0.93815334 0.00957734
0.93431576 0.01022652
0.93037101 0.01089849
0.92632008 0.01159316
0.92216396 0.01231036
0.91790368 0.01304990
0.91354029 0.01381155
0.90907486 0.01459502
0.90450850 0.01539998
0.89984233 0.01622606
0.89507751 0.01707282
0.89021520 0.01793982
0.88525662 0.01882652
0.88020298 0.01973238
0.87505553 0.02065680
0.86981555 0.02159913
0.86448431 0.02255870
0.85906315 0.02353478
0.85355339 0.02452662
0.84795640 0.02553341
0.84227355 0.02655435
0.83650626 0.02758856
0.83065593 0.02863516
0.82472402 0.02969323
0.81871199 0.03076185
0.81262133 0.03184004
0.80645353 0.03292684
0.80021011 0.03402124
0.79389263 0.03512224
0.78750263 0.03622881
0.78104169 0.03733994
0.77451141 0.03845457
0.76791340 0.03957168
0.76124928 0.04069022
0.75452071 0.04180915
0.74772933 0.04292744
0.74087684 0.04404405
0.73396491 0.04515796
0.72699525 0.04626817
0.71996958 0.04737365
0.71288965 0.04847343
0.70575718 0.04956653
0.69857395 0.05065199
0.69134172 0.05172886
0.68406228 0.05279622
0.67673742 0.05385317
0.66936896 0.05489881
0.66195871 0.05593227
0.65450850 0.05695272
0.64702016 0.05795933
0.63949555 0.05895129
0.63193652 0.05992783
0.62434494 0.06088817
0.61672268 0.06183157
0.60907162 0.06275732
0.60139365 0.06366472
0.59369066 0.06455308
0.58596455 0.06542175
0.57821723 0.06627007
0.57045062 0.06709742
0.56266662 0.06790320
0.55486716 0.06868680
0.54705416 0.06944766
0.53922955 0.07018520
0.53139526 0.07089889
0.52355323 0.07158817
0.51570538 0.07225254
0.50785366 0.07289147
0.50000000 0.07350447
0.49214634 0.07409105
0.48429462 0.07465073
0.47644677 0.07518303
0.46860474 0.07568749
0.46077045 0.07616368
0.45294584 0.07661113
0.44513284 0.07702943
0.43733338 0.07741815
0.42954938 0.07777688
0.42178277 0.07810521
0.41403545 0.07840276
0.40630934 0.07866914
0.39860635 0.07890399
0.39092838 0.07910696
0.38327732 0.07927769
0.37565506 0.07941587
0.36806348 0.07952119
0.36050445 0.07959336
0.35297984 0.07963210
0.34549150 0.07963716
0.33804129 0.07960830
0.33063104 0.07954533
0.32326258 0.07944806
0.31593772 0.07931632
0.30865828 0.07914999
0.30142605 0.07894896
0.29424282 0.07871317
0.28711035 0.07844256
0.28003042 0.07813714
0.27300475 0.07779694
0.26603509 0.07742200
0.25912316 0.07701244
0.25227067 0.07656839
0.24547929 0.07609002
0.23875072 0.07557754
0.23208660 0.07503122
0.22548859 0.07445134
0.21895831 0.07383824
0.21249737 0.07319228
0.20610737 0.07251390
0.19978989 0.07180354
0.19354647 0.07106170
0.18737867 0.07028891
0.18128801 0.06948575
0.17527598 0.06865282
0.16934407 0.06779078
0.16349374 0.06690030
0.15772645 0.06598210
0.15204360 0.06503693
0.14644661 0.06406557
0.14093685 0.06306881
0.13551569 0.06204750
0.13018445 0.06100247
0.12494447 0.05993462
0.11979702 0.05884482
0.11474338 0.05773399
0.10978480 0.05660305
0.10492249 0.05545293
0.10015767 0.05428456
0.09549150 0.05309889
0.09092514 0.05189685
0.08645971 0.05067940
0.08209632 0.04944745
0.07783604 0.04820195
0.07367992 0.04694379
0.06962899 0.04567389
0.06568424 0.04439312
0.06184666 0.04310235
0.05811718 0.04180243
0.05449674 0.04049416
0.05098621 0.03917834
0.04758647 0.03785572
0.04429836 0.03652704
0.04112269 0.03519299
0.03806023 0.03385422
0.03511176 0.03251137
0.03227798 0.03116501
0.02955962 0.02981570
0.02695732 0.02846394
0.02447174 0.02711019
0.02210349 0.02575489
0.01985316 0.02439842
0.01772129 0.02304112
0.01570842 0.02168330
0.01381504 0.02032523
0.01204162 0.01896713
0.01038859 0.01760919
0.00885637 0.01625156
0.00744534 0.01489437
0.00615583 0.01353771
0.00498817 0.01218162
0.00394265 0.01082614
0.00301952 0.00947127
0.00221902 0.00811698
0.00154133 0.00676324
0.00098664 0.00540997
0.00055506 0.00405711
0.00024672 0.00270456
0.00006168 0.00135223
0.00000000 0.00000000
0.00006168 -0.00072679
0.00024672 -0.00145278
0.00055506 -0.00217715
0.00098664 -0.00289913
0.00154133 -0.00361790
0.00221902 -0.00433270
0.00301952 -0.00504275
0.00394265 -0.00574731
0.00498817 -0.00644562
0.00615583 -0.00713697
0.00744534 -0.00782066
0.00885637 -0.00849600
0.01038859 -0.00916236
0.01204162 -0.00981908
0.01381504 -0.01046558
0.01570842 -0.01110127
0.01772129 -0.01172561
0.01985316 -0.01233809
0.02210349 -0.01293820
0.02447174 -0.01352551
0.02695732 -0.01409958
0.02955962 -0.01466003
0.03227798 -0.01520649
0.03511176 -0.01573864
0.03806023 -0.01625618
0.04112269 -0.01675885
0.04429836 -0.01724642
0.04758647 -0.01771867
0.05098621 -0.01817544
0.05449674 -0.01861658
0.05811718 -0.01904198
0.06184666 -0.01945155
0.06568424 -0.01984522
0.06962899 -0.02022295
0.07367992 -0.02058472
0.07783604 -0.02093055
0.08209632 -0.02126046
0.08645971 -0.02157449
0.09092514 -0.02187270
0.09549150 -0.02215518
0.10015767 -0.02242202
0.10492249 -0.02267332
0.10978480 -0.02290921
0.11474338 -0.02312982
0.11979702 -0.02333528
0.12494447 -0.02352576
0.13018445 -0.02370139
0.13551569 -0.02386236
0.14093685 -0.02400881
0.14644661 -0.02414093
0.15204360 -0.02425890
0.15772645 -0.02436289
0.16349374 -0.02445307
0.16934407 -0.02452964
0.17527598 -0.02459278
0.18128801 -0.02464266
0.18737867 -0.02467947
0.19354647 -0.02470341
0.19978989 -0.02471464
0.20610737 -0.02471335
0.21249737 -0.02469972
0.21895831 -0.02467394
0.22548859 -0.02463619
0.23208660 -0.02458665
0.23875072 -0.02452549
0.24547929 -0.02445291
0.25227067 -0.02436908
0.25912316 -0.02427418
0.26603509 -0.02416840
0.27300475 -0.02405193
0.28003042 -0.02392494
0.28711035 -0.02378763
0.29424282 -0.02364019
0.30142605 -0.02348280
0.30865828 -0.02331567
0.31593772 -0.02313899
0.32326258 -0.02295296
0.33063104 -0.02275779
0.33804129 -0.02255368
0.34549150 -0.02234084
0.35297984 -0.02211950
0.36050445 -0.02188986
0.36806348 -0.02165215
0.37565506 -0.02140659
0.38327732 -0.02115342
0.39092838 -0.02089286
0.39860635 -0.02062515
0.40630934 -0.02035054
0.41403545 -0.02006925
0.42178277 -0.01978154
0.42954938 -0.01948766
0.43733338 -0.01918784
0.44513284 -0.01888235
0.45294584 -0.01857144
0.46077045 -0.01825536
0.46860474 -0.01793437
0.47644677 -0.01760872
0.48429462 -0.01727868
0.49214634 -0.01694450
0.50000000 -0.01660645
0.50785366 -0.01626478
0.51570538 -0.01591975
0.52355323 -0.01557164
0.53139526 -0.01522068
0.53922955 -0.01486715
0.54705416 -0.01451132
0.55486716 -0.01415343
0.56266662 -0.01379375
0.57045062 -0.01343254
0.57821723 -0.01307007
0.58596455 -0.01270660
0.59369066 -0.01234238
0.60139365 -0.01197770
0.60907162 -0.01161280
0.61672268 -0.01124796
0.62434494 -0.01088345
0.63193652 -0.01051953
0.63949555 -0.01015648
0.64702016 -0.00979458
0.65450850 -0.00943409
0.66195871 -0.00907531
0.66936896 -0.00871851
0.67673742 -0.00836398
0.68406228 -0.00801200
0.69134172 -0.00766287
0.69857395 -0.00731688
0.70575718 -0.00697433
0.71288965 -0.00663551
0.71996958 -0.00630072
0.72699525 -0.00597027
0.73396491 -0.00564446
0.74087684 -0.00532360
0.74772933 -0.00500799
0.75452071 -0.00469793
0.76124928 -0.00439373
0.76791340 -0.00409569
0.77451141 -0.00380411
0.78104169 -0.00351928
0.78750263 -0.00324148
0.79389263 -0.00297101
0.80021011 -0.00270813
0.80645353 -0.00245312
0.81262133 -0.00220623
0.81871199 -0.00196770
0.82472402 -0.00173778
0.83065593 -0.00151666
0.83650626 -0.00130457
0.84227355 -0.00110168
0.84795640 -0.00090817
0.85355339 -0.00072417
0.85906315 -0.00054982
0.86448431 -0.00038523
0.86981555 -0.00023046
0.87505553 -0.00008559
0.88020298 0.00004936
0.88525662 0.00017439
0.89021520 0.00028951
0.89507751 0.00039477
0.89984233 0.00049027
0.90450850 0.00057609
0.90907486 0.00065238
0.91354029 0.00071931
0.91790368 0.00077707
0.92216396 0.00082588
0.92632008 0.00086599
0.93037101 0.00089770
0.93431576 0.00092129
0.93815334 0.00093711
0.94188282 0.00094552
0.94550326 0.00094689
0.94901379 0.00094163
0.95241353 0.00093016
0.95570164 0.00091293
0.95887731 0.00089040
0.96193977 0.00086303
0.96488824 0.00083132
0.96772202 0.00079577
0.97044038 0.00075687
0.97304268 0.00071513
0.97552826 0.00067108
0.97789651 0.00062521
0.98014684 0.00057804
0.98227871 0.00053007
0.98429158 0.00048179
0.98618496 0.00043369
0.98795838 0.00038624
0.98961141 0.00033989
0.99114363 0.00029507
0.99255466 0.00025221
0.99384417 0.00021169
0.99501183 0.00017386
0.99605735 0.00013908
0.99698048 0.00010765
0.99778098 0.00007984
0.99845867 0.00005588
0.99901336 0.00003600
0.99944494 0.00002036
0.99975328 0.00000909
0.99993832 0.00000229
1.00000000 0.00000001
