sample_1215
1.00000000 0.00000001
0.99993832 0.00001144
0.99975328 0.00004570
0.99944494 0.00010272
0.99901336 0.00018240
0.99845867 0.00028456
0.99778098 0.00040902
0.99698048 0.00055553
0.99605735 0.00072380
0.99501183 0.00091351
0.99384417 0.00112432
0.99255466 0.00135582
0.99114363 0.00160759
0.98961141 0.00187919
0.98795838 0.00217013
0.98618496 0.00247992
0.98429158 0.00280804
0.98227871 0.00315397
0.98014684 0.00351714
0.97789651 0.00389702
0.97552826 0.00429305
0.97304268 0.00470467
0.97044038 0.00513132
0.96772202 0.00557246
0.96488824 0.00602755
0.96193977 0.00649607
0.95887731 0.00697750
0.95570164 0.00747137
0.95241353 0.00797722
0.94901379 0.00849459
0.94550326 0.00902310
0.94188282 0.00956236
0.93815334 0.01011203
0.93431576 0.01067181
0.93037101 0.01124143
0.92632008 0.01182065
0.92216396 0.01240930
0.91790368 0.01300721
0.91354029 0.01361428
0.90907486 0.01423045
0.90450850 0.01485567
0.89984233 0.01548998
0.89507751 0.01613340
0.89021520 0.01678603
0.88525662 0.01744800
0.88020298 0.01811945
0.87505553 0.01880056
0.86981555 0.01949155
0.86448431 0.02019266
0.85906315 0.02090413
0.85355339 0.02162624
0.84795640 0.02235926
0.84227355 0.02310350
0.83650626 0.02385925
0.83065593 0.02462680
0.82472402 0.02540644
0.81871199 0.02619845
0.81262133 0.02700309
0.80645353 0.02782060
0.80021011 0.02865120
0.79389263 0.02949507
0.78750263 0.03035236
0.78104169 0.03122317
0.77451141 0.03210758
0.76791340 0.03300558
0.76124928 0.03391714
0.75452071 0.03484215
0.74772933 0.03578046
0.74087684 0.03673183
0.73396491 0.03769596
0.72699525 0.03867249
0.71996958 0.03966096
0.71288965 0.04066085
0.70575718 0.04167157
0.69857395 0.04269244
0.69134172 0.04372270
0.68406228 0.04476151
0.67673742 0.04580796
0.66936896 0.04686105
0.66195871 0.04791972
0.65450850 0.04898281
0.64702016 0.05004912
0.63949555 0.05111735
0.63193652 0.05218615
0.62434494 0.05325411
0.61672268 0.05431977
0.60907162 0.05538159
0.60139365 0.05643802
0.59369066 0.05748744
0.58596455 0.05852821
0.57821723 0.05955866
0.57045062 0.06057709
0.56266662 0.06158179
0.55486716 0.06257105
0.54705416 0.06354314
0.53922955 0.06449637
0.53139526 0.06542902
0.52355323 0.06633943
0.51570538 0.06722595
0.50785366 0.06808696
0.50000000 0.06892091
0.49214634 0.06972626
0.48429462 0.07050157
0.47644677 0.07124544
0.46860474 0.07195654
0.46077045 0.07263361
0.45294584 0.07327548
0.44513284 0.07388107
0.43733338 0.07444938
0.42954938 0.07497950
0.42178277 0.07547062
0.41403545 0.07592204
0.40630934 0.07633315
0.39860635 0.07670344
0.39092838 0.07703252
0.38327732 0.07732008
0.37565506 0.07756594
0.36806348 0.07776999
0.36050445 0.07793227
0.35297984 0.07805286
0.34549150 0.07813199
0.33804129 0.07816994
0.33063104 0.07816710
0.32326258 0.07812395
0.31593772 0.07804104
0.30865828 0.07791899
0.30142605 0.07775848
0.29424282 0.07756028
0.28711035 0.07732520
0.28003042 0.07705409
0.27300475 0.07674786
0.26603509 0.07640743
0.25912316 0.07603377
0.25227067 0.07562786
0.24547929 0.07519070
0.23875072 0.07472328
0.23208660 0.07422660
0.22548859 0.07370165
0.21895831 0.07314941
0.21249737 0.07257082
0.20610737 0.07196680
0.19978989 0.07133825
0.19354647 0.07068601
0.18737867 0.07001090
0.18128801 0.06931365
0.17527598 0.06859498
0.16934407 0.06785553
0.16349374 0.06709589
0.15772645 0.06631658
0.15204360 0.06551807
0.14644661 0.06470075
0.14093685 0.06386496
0.13551569 0.06301097
0.13018445 0.06213898
0.12494447 0.06124914
0.11979702 0.06034154
0.11474338 0.05941619
0.10978480 0.05847309
0.10492249 0.05751214
0.10015767 0.05653324
0.09549150 0.05553621
0.09092514 0.05452086
0.08645971 0.05348696
0.08209632 0.05243426
0.07783604 0.05136248
0.07367992 0.05027134
0.06962899 0.04916055
0.06568424 0.04802981
0.06184666 0.04687885
0.05811718 0.04570739
0.05449674 0.04451519
0.05098621 0.04330203
0.04758647 0.04206770
0.04429836 0.04081208
0.04112269 0.03953503
0.03806023 0.03823652
0.03511176 0.03691654
0.03227798 0.03557515
0.02955962 0.03421246
0.02695732 0.03282867
0.02447174 0.03142404
0.02210349 0.02999890
0.01985316 0.02855364
0.01772129 0.02708877
0.01570842 0.02560483
0.01381504 0.02410246
0.01204162 0.02258237
0.01038859 0.02104535
0.00885637 0.01949226
0.00744534 0.01792403
0.00615583 0.01634166
0.00498817 0.01474621
0.00394265 0.01313880
0.00301952 0.01152062
0.00221902 0.00989289
0.00154133 0.00825690
0.00098664 0.00661395
0.00055506 0.00496540
0.00024672 0.00331263
0.00006168 0.00165702
0.00000000 0.00000000
0.00006168 -0.00089257
0.00024672 -0.00178376
0.00055506 -0.00267220
0.00098664 -0.00355651
0.00154133 -0.00443533
0.00221902 -0.00530731
0.00301952 -0.00617111
0.00394265 -0.00702539
0.00498817 -0.00786885
0.00615583 -0.00870019
0.00744534 -0.00951813
0.00885637 -0.01032144
0.01038859 -0.01110888
0.01204162 -0.01187927
0.01381504 -0.01263145
0.01570842 -0.01336427
0.01772129 -0.01407665
0.01985316 -0.01476753
0.02210349 -0.01543590
0.02447174 -0.01608078
0.02695732 -0.01670124
0.02955962 -0.01729641
0.03227798 -0.01786544
0.03511176 -0.01840756
0.03806023 -0.01892205
0.04112269 -0.01940822
0.04429836 -0.01986546
0.04758647 -0.02029322
0.05098621 -0.02069101
0.05449674 -0.02105839
0.05811718 -0.02139499
0.06184666 -0.02170050
0.06568424 -0.02197470
0.06962899 -0.02221742
0.07367992 -0.02242854
0.07783604 -0.02260804
0.08209632 -0.02275595
0.08645971 -0.02287239
0.09092514 -0.02295752
0.09549150 -0.02301159
0.10015767 -0.02303491
0.10492249 -0.02302788
0.10978480 -0.02299093
0.11474338 -0.02292458
0.11979702 -0.02282942
0.12494447 -0.02270610
0.13018445 -0.02255531
0.13551569 -0.02237783
0.14093685 -0.02217449
0.14644661 -0.02194615
0.15204360 -0.02169377
0.15772645 -0.02141832
0.16349374 -0.02112084
0.16934407 -0.02080238
0.17527598 -0.02046408
0.18128801 -0.02010708
0.18737867 -0.01973256
0.19354647 -0.01934174
0.19978989 -0.01893584
0.20610737 -0.01851614
0.21249737 -0.01808389
0.21895831 -0.01764038
0.22548859 -0.01718691
0.23208660 -0.01672477
0.23875072 -0.01625526
0.24547929 -0.01577966
0.25227067 -0.01529924
0.25912316 -0.01481528
0.26603509 -0.01432902
0.27300475 -0.01384167
0.28003042 -0.01335444
0.28711035 -0.01286848
0.29424282 -0.01238493
0.30142605 -0.01190486
0.30865828 -0.01142934
0.31593772 -0.01095936
0.32326258 -0.01049588
0.33063104 -0.01003979
0.33804129 -0.00959196
0.34549150 -0.00915317
0.35297984 -0.00872416
0.36050445 -0.00830560
0.36806348 -0.00789812
0.37565506 -0.00750226
0.38327732 -0.00711852
0.39092838 -0.00674733
0.39860635 -0.00638903
0.40630934 -0.00604395
0.41403545 -0.00571231
0.42178277 -0.00539428
0.42954938 -0.00508999
0.43733338 -0.00479948
0.44513284 -0.00452274
0.45294584 -0.00425972
0.46077045 -0.00401029
0.46860474 -0.00377428
0.47644677 -0.00355148
0.48429462 -0.00334160
0.49214634 -0.00314436
0.50000000 -0.00295937
0.50785366 -0.00278626
0.51570538 -0.00262460
0.52355323 -0.00247393
0.53139526 -0.00233376
0.53922955 -0.00220359
0.54705416 -0.00208288
0.55486716 -0.00197108
0.56266662 -0.00186764
0.57045062 -0.00177198
0.57821723 -0.00168354
0.58596455 -0.00160174
0.59369066 -0.00152599
0.60139365 -0.00145574
0.60907162 -0.00139041
0.61672268 -0.00132947
0.62434494 -0.00127237
0.63193652 -0.00121859
0.63949555 -0.00116765
0.64702016 -0.00111905
0.65450850 -0.00107237
0.66195871 -0.00102716
0.66936896 -0.00098303
0.67673742 -0.00093963
0.68406228 -0.00089661
0.69134172 -0.00085368
0.69857395 -0.00081056
0.70575718 -0.00076703
0.71288965 -0.00072289
0.71996958 -0.00067797
0.72699525 -0.00063214
0.73396491 -0.00058531
0.74087684 -0.00053741
0.74772933 -0.00048841
0.75452071 -0.00043831
0.76124928 -0.00038715
0.76791340 -0.00033498
0.77451141 -0.00028189
0.78104169 -0.00022799
0.78750263 -0.00017342
0.79389263 -0.00011833
0.80021011 -0.00006290
0.80645353 -0.00000732
0.81262133 0.00004820
0.81871199 0.00010345
0.82472402 0.00015819
0.83065593 0.00021219
0.83650626 0.00026522
0.84227355 0.00031702
0.84795640 0.00036736
0.85355339 0.00041600
0.85906315 0.00046270
0.86448431 0.00050725
0.86981555 0.00054941
0.87505553 0.00058899
0.88020298 0.00062579
0.88525662 0.00065964
0.89021520 0.00069038
0.89507751 0.00071786
0.89984233 0.00074197
0.90450850 0.00076260
0.90907486 0.00077968
0.91354029 0.00079314
0.91790368 0.00080297
0.92216396 0.00080914
0.92632008 0.00081168
0.93037101 0.00081062
0.93431576 0.00080603
0.93815334 0.00079799
0.94188282 0.00078661
0.94550326 0.00077203
0.94901379 0.00075439
0.95241353 0.00073388
0.95570164 0.00071067
0.95887731 0.00068499
0.96193977 0.00065706
0.96488824 0.00062712
0.96772202 0.00059542
0.97044038 0.00056223
0.97304268 0.00052782
0.97552826 0.00049248
0.97789651 0.00045648
0.98014684 0.00042013
0.98227871 0.00038371
0.98429158 0.00034751
0.98618496 0.00031181
0.98795838 0.00027690
0.98961141 0.00024305
0.99114363 0.00021053
0.99255466 0.00017959
0.99384417 0.00015048
0.99501183 0.00012340
0.99605735 0.00009859
0.99698048 0.00007622
0.99778098 0.00005647
0.99845867 0.00003950
0.99901336 0.00002543
0.99944494 0.00001438
0.99975328 0.00000642
0.99993832 0.00000162
1.00000000 0.00000001
