sample_1487
1.00000000 0.00000001
0.99993832 0.00000684
0.99975328 0.00002732
0.99944494 0.00006154
0.99901336 0.00010959
0.99845867 0.00017163
0.99778098 0.00024786
0.99698048 0.00033849
0.99605735 0.00044380
0.99501183 0.00056409
0.99384417 0.00069971
0.99255466 0.00085102
0.99114363 0.00101843
0.98961141 0.00120236
0.98795838 0.00140327
0.98618496 0.00162163
0.98429158 0.00185792
0.98227871 0.00211265
0.98014684 0.00238633
0.97789651 0.00267949
0.97552826 0.00299263
0.97304268 0.00332629
0.97044038 0.00368098
0.96772202 0.00405720
0.96488824 0.00445546
0.96193977 0.00487623
0.95887731 0.00531997
0.95570164 0.00578712
0.95241353 0.00627808
0.94901379 0.00679324
0.94550326 0.00733293
0.94188282 0.00789748
0.93815334 0.00848713
0.93431576 0.00910212
0.93037101 0.00974263
0.92632008 0.01040878
0.92216396 0.01110066
0.91790368 0.01181830
0.91354029 0.01256167
0.90907486 0.01333068
0.90450850 0.01412521
0.89984233 0.01494504
0.89507751 0.01578993
0.89021520 0.01665957
0.88525662 0.01755357
0.88020298 0.01847149
0.87505553 0.01941285
0.86981555 0.02037708
0.86448431 0.02136357
0.85906315 0.02237165
0.85355339 0.02340058
0.84795640 0.02444957
0.84227355 0.02551778
0.83650626 0.02660431
0.83065593 0.02770820
0.82472402 0.02882847
0.81871199 0.02996405
0.81262133 0.03111385
0.80645353 0.03227675
0.80021011 0.03345154
0.79389263 0.03463703
0.78750263 0.03583194
0.78104169 0.03703500
0.77451141 0.03824489
0.76791340 0.03946026
0.76124928 0.04067974
0.75452071 0.04190194
0.74772933 0.04312545
0.74087684 0.04434886
0.73396491 0.04557072
0.72699525 0.04678959
0.71996958 0.04800403
0.71288965 0.04921258
0.70575718 0.05041379
0.69857395 0.05160623
0.69134172 0.05278846
0.68406228 0.05395906
0.67673742 0.05511661
0.66936896 0.05625973
0.66195871 0.05738705
0.65450850 0.05849722
0.64702016 0.05958893
0.63949555 0.06066089
0.63193652 0.06171185
0.62434494 0.06274059
0.61672268 0.06374594
0.60907162 0.06472676
0.60139365 0.06568196
0.59369066 0.06661050
0.58596455 0.06751139
0.57821723 0.06838367
0.57045062 0.06922648
0.56266662 0.07003896
0.55486716 0.07082036
0.54705416 0.07156995
0.53922955 0.07228708
0.53139526 0.07297116
0.52355323 0.07362165
0.51570538 0.07423811
0.50785366 0.07482011
0.50000000 0.07536734
0.49214634 0.07587952
0.48429462 0.07635645
0.47644677 0.07679799
0.46860474 0.07720406
0.46077045 0.07757465
0.45294584 0.07790982
0.44513284 0.07820969
0.43733338 0.07847442
0.42954938 0.07870425
0.42178277 0.07889947
0.41403545 0.07906043
0.40630934 0.07918751
0.39860635 0.07928117
0.39092838 0.07934188
0.38327732 0.07937020
0.37565506 0.07936667
0.36806348 0.07933193
0.36050445 0.07926659
0.35297984 0.07917133
0.34549150 0.07904685
0.33804129 0.07889384
0.33063104 0.07871304
0.32326258 0.07850517
0.31593772 0.07827099
0.30865828 0.07801124
0.30142605 0.07772665
0.29424282 0.07741796
0.28711035 0.07708589
0.28003042 0.07673115
0.27300475 0.07635442
0.26603509 0.07595635
0.25912316 0.07553759
0.25227067 0.07509873
0.24547929 0.07464033
0.23875072 0.07416290
0.23208660 0.07366695
0.22548859 0.07315288
0.21895831 0.07262110
0.21249737 0.07207193
0.20610737 0.07150566
0.19978989 0.07092252
0.19354647 0.07032268
0.18737867 0.06970626
0.18128801 0.06907332
0.17527598 0.06842387
0.16934407 0.06775786
0.16349374 0.06707519
0.15772645 0.06637570
0.15204360 0.06565919
0.14644661 0.06492540
0.14093685 0.06417404
0.13551569 0.06340475
0.13018445 0.06261715
0.12494447 0.06181083
0.11979702 0.06098533
0.11474338 0.06014018
0.10978480 0.05927487
0.10492249 0.05838888
0.10015767 0.05748168
0.09549150 0.05655274
0.09092514 0.05560152
0.08645971 0.05462747
0.08209632 0.05363007
0.07783604 0.05260882
0.07367992 0.05156322
0.06962899 0.05049282
0.06568424 0.04939719
0.06184666 0.04827594
0.05811718 0.04712872
0.05449674 0.04595525
0.05098621 0.04475528
0.04758647 0.04352863
0.04429836 0.04227518
0.04112269 0.04099489
0.03806023 0.03968779
0.03511176 0.03835396
0.03227798 0.03699359
0.02955962 0.03560693
0.02695732 0.03419432
0.02447174 0.03275619
0.02210349 0.03129304
0.01985316 0.02980546
0.01772129 0.02829414
0.01570842 0.02675984
0.01381504 0.02520341
0.01204162 0.02362577
0.01038859 0.02202793
0.00885637 0.02041099
0.00744534 0.01877609
0.00615583 0.01712447
0.00498817 0.01545743
0.00394265 0.01377632
0.00301952 0.01208255
0.00221902 0.01037760
0.00154133 0.00866297
0.00098664 0.00694022
0.00055506 0.00521092
0.00024672 0.00347670
0.00006168 0.00173918
0.00000000 0.00000000
0.00006168 -0.00033466
0.00024672 -0.00066936
0.00055506 -0.00100417
0.00098664 -0.00133912
0.00154133 -0.00167424
0.00221902 -0.00200955
0.00301952 -0.00234507
0.00394265 -0.00268077
0.00498817 -0.00301662
0.00615583 -0.00335256
0.00744534 -0.00368852
0.00885637 -0.00402439
0.01038859 -0.00436002
0.01204162 -0.00469527
0.01381504 -0.00502993
0.01570842 -0.00536379
0.01772129 -0.00569659
0.01985316 -0.00602806
0.02210349 -0.00635788
0.02447174 -0.00668572
0.02695732 -0.00701122
0.02955962 -0.00733399
0.03227798 -0.00765362
0.03511176 -0.00796969
0.03806023 -0.00828176
0.04112269 -0.00858937
0.04429836 -0.00889205
0.04758647 -0.00918933
0.05098621 -0.00948073
0.05449674 -0.00976577
0.05811718 -0.01004398
0.06184666 -0.01031489
0.06568424 -0.01057805
0.06962899 -0.01083301
0.07367992 -0.01107936
0.07783604 -0.01131669
0.08209632 -0.01154463
0.08645971 -0.01176283
0.09092514 -0.01197099
0.09549150 -0.01216882
0.10015767 -0.01235607
0.10492249 -0.01253255
0.10978480 -0.01269810
0.11474338 -0.01285258
0.11979702 -0.01299594
0.12494447 -0.01312812
0.13018445 -0.01324915
0.13551569 -0.01335908
0.14093685 -0.01345800
0.14644661 -0.01354607
0.15204360 -0.01362347
0.15772645 -0.01369041
0.16349374 -0.01374716
0.16934407 -0.01379402
0.17527598 -0.01383132
0.18128801 -0.01385942
0.18737867 -0.01387870
0.19354647 -0.01388957
0.19978989 -0.01389246
0.20610737 -0.01388781
0.21249737 -0.01387607
0.21895831 -0.01385771
0.22548859 -0.01383318
0.23208660 -0.01380296
0.23875072 -0.01376748
0.24547929 -0.01372720
0.25227067 -0.01368256
0.25912316 -0.01363395
0.26603509 -0.01358177
0.27300475 -0.01352638
0.28003042 -0.01346813
0.28711035 -0.01340731
0.29424282 -0.01334419
0.30142605 -0.01327902
0.30865828 -0.01321198
0.31593772 -0.01314323
0.32326258 -0.01307289
0.33063104 -0.01300101
0.33804129 -0.01292765
0.34549150 -0.01285278
0.35297984 -0.01277634
0.36050445 -0.01269825
0.36806348 -0.01261838
0.37565506 -0.01253655
0.38327732 -0.01245255
0.39092838 -0.01236616
0.39860635 -0.01227711
0.40630934 -0.01218509
0.41403545 -0.01208981
0.42178277 -0.01199092
0.42954938 -0.01188808
0.43733338 -0.01178093
0.44513284 -0.01166911
0.45294584 -0.01155224
0.46077045 -0.01142998
0.46860474 -0.01130196
0.47644677 -0.01116783
0.48429462 -0.01102729
0.49214634 -0.01088001
0.50000000 -0.01072572
0.50785366 -0.01056417
0.51570538 -0.01039515
0.52355323 -0.01021846
0.53139526 -0.01003396
0.53922955 -0.00984157
0.54705416 -0.00964121
0.55486716 -0.00943289
0.56266662 -0.00921665
0.57045062 -0.00899257
0.57821723 -0.00876080
0.58596455 -0.00852153
0.59369066 -0.00827501
0.60139365 -0.00802153
0.60907162 -0.00776144
0.61672268 -0.00749513
0.62434494 -0.00722305
0.63193652 -0.00694569
0.63949555 -0.00666356
0.64702016 -0.00637725
0.65450850 -0.00608735
0.66195871 -0.00579450
0.66936896 -0.00549937
0.67673742 -0.00520266
0.68406228 -0.00490506
0.69134172 -0.00460732
0.69857395 -0.00431016
0.70575718 -0.00401434
0.71288965 -0.00372060
0.71996958 -0.00342969
0.72699525 -0.00314235
0.73396491 -0.00285930
0.74087684 -0.00258125
0.74772933 -0.00230889
0.75452071 -0.00204288
0.76124928 -0.00178386
0.76791340 -0.00153242
0.77451141 -0.00128914
0.78104169 -0.00105453
0.78750263 -0.00082908
0.79389263 -0.00061323
0.80021011 -0.00040736
0.80645353 -0.00021182
0.81262133 -0.00002689
0.81871199 0.00014718
0.82472402 0.00031020
0.83065593 0.00046205
0.83650626 0.00060264
0.84227355 0.00073194
0.84795640 0.00084996
0.85355339 0.00095679
0.85906315 0.00105253
0.86448431 0.00113736
0.86981555 0.00121147
0.87505553 0.00127512
0.88020298 0.00132860
0.88525662 0.00137224
0.89021520 0.00140638
0.89507751 0.00143143
0.89984233 0.00144779
0.90450850 0.00145591
0.90907486 0.00145624
0.91354029 0.00144926
0.91790368 0.00143546
0.92216396 0.00141534
0.92632008 0.00138940
0.93037101 0.00135816
0.93431576 0.00132212
0.93815334 0.00128179
0.94188282 0.00123767
0.94550326 0.00119026
0.94901379 0.00114004
0.95241353 0.00108748
0.95570164 0.00103305
0.95887731 0.00097717
0.96193977 0.00092028
0.96488824 0.00086278
0.96772202 0.00080506
0.97044038 0.00074747
0.97304268 0.00069038
0.97552826 0.00063409
0.97789651 0.00057891
0.98014684 0.00052511
0.98227871 0.00047297
0.98429158 0.00042271
0.98618496 0.00037456
0.98795838 0.00032870
0.98961141 0.00028533
0.99114363 0.00024459
0.99255466 0.00020665
0.99384417 0.00017161
0.99501183 0.00013961
0.99605735 0.00011072
0.99698048 0.00008505
0.99778098 0.00006266
0.99845867 0.00004362
0.99901336 0.00002797
0.99944494 0.00001576
0.99975328 0.00000702
0.99993832 0.00000177
1.00000000 0.00000001
