sample_206
1.00000000 0.00000001
0.99993832 0.00000646
0.99975328 0.00002579
0.99944494 0.00005800
0.99901336 0.00010309
0.99845867 0.00016105
0.99778098 0.00023187
0.99698048 0.00031553
0.99605735 0.00041203
0.99501183 0.00052134
0.99384417 0.00064347
0.99255466 0.00077839
0.99114363 0.00092610
0.98961141 0.00108658
0.98795838 0.00125984
0.98618496 0.00144587
0.98429158 0.00164467
0.98227871 0.00185627
0.98014684 0.00208066
0.97789651 0.00231788
0.97552826 0.00256797
0.97304268 0.00283096
0.97044038 0.00310691
0.96772202 0.00339589
0.96488824 0.00369797
0.96193977 0.00401325
0.95887731 0.00434182
0.95570164 0.00468382
0.95241353 0.00503937
0.94901379 0.00540862
0.94550326 0.00579173
0.94188282 0.00618890
0.93815334 0.00660031
0.93431576 0.00702618
0.93037101 0.00746674
0.92632008 0.00792224
0.92216396 0.00839292
0.91790368 0.00887908
0.91354029 0.00938099
0.90907486 0.00989895
0.90450850 0.01043329
0.89984233 0.01098432
0.89507751 0.01155238
0.89021520 0.01213780
0.88525662 0.01274093
0.88020298 0.01336212
0.87505553 0.01400173
0.86981555 0.01466010
0.86448431 0.01533758
0.85906315 0.01603452
0.85355339 0.01675125
0.84795640 0.01748809
0.84227355 0.01824536
0.83650626 0.01902334
0.83065593 0.01982233
0.82472402 0.02064255
0.81871199 0.02148425
0.81262133 0.02234762
0.80645353 0.02323282
0.80021011 0.02413998
0.79389263 0.02506918
0.78750263 0.02602048
0.78104169 0.02699387
0.77451141 0.02798930
0.76791340 0.02900667
0.76124928 0.03004582
0.75452071 0.03110653
0.74772933 0.03218852
0.74087684 0.03329146
0.73396491 0.03441492
0.72699525 0.03555844
0.71996958 0.03672145
0.71288965 0.03790334
0.70575718 0.03910340
0.69857395 0.04032086
0.69134172 0.04155485
0.68406228 0.04280445
0.67673742 0.04406864
0.66936896 0.04534632
0.66195871 0.04663632
0.65450850 0.04793738
0.64702016 0.04924817
0.63949555 0.05056726
0.63193652 0.05189317
0.62434494 0.05322433
0.61672268 0.05455910
0.60907162 0.05589577
0.60139365 0.05723255
0.59369066 0.05856759
0.58596455 0.05989899
0.57821723 0.06122478
0.57045062 0.06254293
0.56266662 0.06385137
0.55486716 0.06514798
0.54705416 0.06643062
0.53922955 0.06769708
0.53139526 0.06894514
0.52355323 0.07017256
0.51570538 0.07137708
0.50785366 0.07255643
0.50000000 0.07370833
0.49214634 0.07483052
0.48429462 0.07592072
0.47644677 0.07697669
0.46860474 0.07799621
0.46077045 0.07897709
0.45294584 0.07991718
0.44513284 0.08081438
0.43733338 0.08166662
0.42954938 0.08247193
0.42178277 0.08322836
0.41403545 0.08393408
0.40630934 0.08458731
0.39860635 0.08518637
0.39092838 0.08572966
0.38327732 0.08621572
0.37565506 0.08664314
0.36806348 0.08701068
0.36050445 0.08731716
0.35297984 0.08756157
0.34549150 0.08774300
0.33804129 0.08786068
0.33063104 0.08791398
0.32326258 0.08790240
0.31593772 0.08782558
0.30865828 0.08768332
0.30142605 0.08747553
0.29424282 0.08720230
0.28711035 0.08686387
0.28003042 0.08646059
0.27300475 0.08599300
0.26603509 0.08546177
0.25912316 0.08486770
0.25227067 0.08421176
0.24547929 0.08349504
0.23875072 0.08271877
0.23208660 0.08188434
0.22548859 0.08099324
0.21895831 0.08004710
0.21249737 0.07904765
0.20610737 0.07799677
0.19978989 0.07689643
0.19354647 0.07574869
0.18737867 0.07455573
0.18128801 0.07331979
0.17527598 0.07204323
0.16934407 0.07072844
0.16349374 0.06937790
0.15772645 0.06799413
0.15204360 0.06657971
0.14644661 0.06513726
0.14093685 0.06366940
0.13551569 0.06217881
0.13018445 0.06066815
0.12494447 0.05914008
0.11979702 0.05759726
0.11474338 0.05604234
0.10978480 0.05447793
0.10492249 0.05290660
0.10015767 0.05133087
0.09549150 0.04975321
0.09092514 0.04817604
0.08645971 0.04660168
0.08209632 0.04503238
0.07783604 0.04347031
0.07367992 0.04191754
0.06962899 0.04037601
0.06568424 0.03884760
0.06184666 0.03733402
0.05811718 0.03583690
0.05449674 0.03435771
0.05098621 0.03289782
0.04758647 0.03145844
0.04429836 0.03004065
0.04112269 0.02864538
0.03806023 0.02727342
0.03511176 0.02592542
0.03227798 0.02460188
0.02955962 0.02330315
0.02695732 0.02202942
0.02447174 0.02078075
0.02210349 0.01955706
0.01985316 0.01835811
0.01772129 0.01718352
0.01570842 0.01603279
0.01381504 0.01490527
0.01204162 0.01380019
0.01038859 0.01271666
0.00885637 0.01165366
0.00744534 0.01061007
0.00615583 0.00958465
0.00498817 0.00857609
0.00394265 0.00758296
0.00301952 0.00660376
0.00221902 0.00563692
0.00154133 0.00468079
0.00098664 0.00373369
0.00055506 0.00279385
0.00024672 0.00185950
0.00006168 0.00092883
0.00000000 0.00000000
0.00006168 -0.00112006
0.00024672 -0.00223821
0.00055506 -0.00335253
0.00098664 -0.00446115
0.00154133 -0.00556218
0.00221902 -0.00665377
0.00301952 -0.00773411
0.00394265 -0.00880140
0.00498817 -0.00985391
0.00615583 -0.01088995
0.00744534 -0.01190786
0.00885637 -0.01290607
0.01038859 -0.01388306
0.01204162 -0.01483736
0.01381504 -0.01576760
0.01570842 -0.01667246
0.01772129 -0.01755070
0.01985316 -0.01840117
0.02210349 -0.01922280
0.02447174 -0.02001460
0.02695732 -0.02077567
0.02955962 -0.02150521
0.03227798 -0.02220248
0.03511176 -0.02286686
0.03806023 -0.02349781
0.04112269 -0.02409487
0.04429836 -0.02465768
0.04758647 -0.02518598
0.05098621 -0.02567958
0.05449674 -0.02613838
0.05811718 -0.02656238
0.06184666 -0.02695164
0.06568424 -0.02730631
0.06962899 -0.02762664
0.07367992 -0.02791292
0.07783604 -0.02816553
0.08209632 -0.02838494
0.08645971 -0.02857164
0.09092514 -0.02872622
0.09549150 -0.02884932
0.10015767 -0.02894163
0.10492249 -0.02900390
0.10978480 -0.02903692
0.11474338 -0.02904153
0.11979702 -0.02901861
0.12494447 -0.02896908
0.13018445 -0.02889389
0.13551569 -0.02879401
0.14093685 -0.02867046
0.14644661 -0.02852425
0.15204360 -0.02835644
0.15772645 -0.02816808
0.16349374 -0.02796025
0.16934407 -0.02773404
0.17527598 -0.02749052
0.18128801 -0.02723079
0.18737867 -0.02695594
0.19354647 -0.02666706
0.19978989 -0.02636523
0.20610737 -0.02605153
0.21249737 -0.02572702
0.21895831 -0.02539275
0.22548859 -0.02504976
0.23208660 -0.02469907
0.23875072 -0.02434170
0.24547929 -0.02397862
0.25227067 -0.02361081
0.25912316 -0.02323919
0.26603509 -0.02286470
0.27300475 -0.02248822
0.28003042 -0.02211062
0.28711035 -0.02173274
0.29424282 -0.02135540
0.30142605 -0.02097937
0.30865828 -0.02060541
0.31593772 -0.02023423
0.32326258 -0.01986654
0.33063104 -0.01950298
0.33804129 -0.01914418
0.34549150 -0.01879072
0.35297984 -0.01844317
0.36050445 -0.01810205
0.36806348 -0.01776783
0.37565506 -0.01744097
0.38327732 -0.01712188
0.39092838 -0.01681093
0.39860635 -0.01650846
0.40630934 -0.01621478
0.41403545 -0.01593014
0.42178277 -0.01565476
0.42954938 -0.01538884
0.43733338 -0.01513251
0.44513284 -0.01488589
0.45294584 -0.01464905
0.46077045 -0.01442202
0.46860474 -0.01420480
0.47644677 -0.01399733
0.48429462 -0.01379955
0.49214634 -0.01361133
0.50000000 -0.01343253
0.50785366 -0.01326294
0.51570538 -0.01310237
0.52355323 -0.01295054
0.53139526 -0.01280717
0.53922955 -0.01267194
0.54705416 -0.01254452
0.55486716 -0.01242452
0.56266662 -0.01231155
0.57045062 -0.01220519
0.57821723 -0.01210498
0.58596455 -0.01201046
0.59369066 -0.01192115
0.60139365 -0.01183654
0.60907162 -0.01175613
0.61672268 -0.01167939
0.62434494 -0.01160579
0.63193652 -0.01153479
0.63949555 -0.01146584
0.64702016 -0.01139841
0.65450850 -0.01133194
0.66195871 -0.01126591
0.66936896 -0.01119977
0.67673742 -0.01113301
0.68406228 -0.01106512
0.69134172 -0.01099560
0.69857395 -0.01092398
0.70575718 -0.01084978
0.71288965 -0.01077258
0.71996958 -0.01069196
0.72699525 -0.01060752
0.73396491 -0.01051890
0.74087684 -0.01042578
0.74772933 -0.01032784
0.75452071 -0.01022481
0.76124928 -0.01011645
0.76791340 -0.01000255
0.77451141 -0.00988295
0.78104169 -0.00975751
0.78750263 -0.00962612
0.79389263 -0.00948872
0.80021011 -0.00934528
0.80645353 -0.00919581
0.81262133 -0.00904035
0.81871199 -0.00887897
0.82472402 -0.00871178
0.83065593 -0.00853892
0.83650626 -0.00836057
0.84227355 -0.00817693
0.84795640 -0.00798824
0.85355339 -0.00779475
0.85906315 -0.00759675
0.86448431 -0.00739455
0.86981555 -0.00718848
0.87505553 -0.00697889
0.88020298 -0.00676615
0.88525662 -0.00655065
0.89021520 -0.00633278
0.89507751 -0.00611296
0.89984233 -0.00589160
0.90450850 -0.00566914
0.90907486 -0.00544600
0.91354029 -0.00522262
0.91790368 -0.00499943
0.92216396 -0.00477688
0.92632008 -0.00455538
0.93037101 -0.00433538
0.93431576 -0.00411728
0.93815334 -0.00390152
0.94188282 -0.00368848
0.94550326 -0.00347856
0.94901379 -0.00327215
0.95241353 -0.00306962
0.95570164 -0.00287132
0.95887731 -0.00267759
0.96193977 -0.00248876
0.96488824 -0.00230514
0.96772202 -0.00212702
0.97044038 -0.00195469
0.97304268 -0.00178841
0.97552826 -0.00162842
0.97789651 -0.00147496
0.98014684 -0.00132823
0.98227871 -0.00118844
0.98429158 -0.00105577
0.98618496 -0.00093039
0.98795838 -0.00081245
0.98961141 -0.00070210
0.99114363 -0.00059945
0.99255466 -0.00050463
0.99384417 -0.00041774
0.99501183 -0.00033887
0.99605735 -0.00026810
0.99698048 -0.00020549
0.99778098 -0.00015112
0.99845867 -0.00010502
0.99901336 -0.00006726
0.99944494 -0.00003785
0.99975328 -0.00001682
0.99993832 -0.00000420
1.00000000 0.00000001
