sample_997
1.00000000 0.00000001
0.99993832 0.00001258
0.99975328 0.00005028
0.99944494 0.00011309
0.99901336 0.00020099
0.99845867 0.00031394
0.99778098 0.00045189
0.99698048 0.00061477
0.99605735 0.00080251
0.99501183 0.00101502
0.99384417 0.00125220
0.99255466 0.00151394
0.99114363 0.00180009
0.98961141 0.00211051
0.98795838 0.00244503
0.98618496 0.00280348
0.98429158 0.00318564
0.98227871 0.00359129
0.98014684 0.00402018
0.97789651 0.00447206
0.97552826 0.00494664
0.97304268 0.00544359
0.97044038 0.00596260
0.96772202 0.00650329
0.96488824 0.00706529
0.96193977 0.00764819
0.95887731 0.00825155
0.95570164 0.00887492
0.95241353 0.00951781
0.94901379 0.01017972
0.94550326 0.01086011
0.94188282 0.01155843
0.93815334 0.01227410
0.93431576 0.01300651
0.93037101 0.01375504
0.92632008 0.01451906
0.92216396 0.01529789
0.91790368 0.01609086
0.91354029 0.01689728
0.90907486 0.01771642
0.90450850 0.01854758
0.89984233 0.01939002
0.89507751 0.02024300
0.89021520 0.02110576
0.88525662 0.02197757
0.88020298 0.02285766
0.87505553 0.02374527
0.86981555 0.02463967
0.86448431 0.02554010
0.85906315 0.02644581
0.85355339 0.02735608
0.84795640 0.02827018
0.84227355 0.02918741
0.83650626 0.03010707
0.83065593 0.03102848
0.82472402 0.03195098
0.81871199 0.03287393
0.81262133 0.03379671
0.80645353 0.03471872
0.80021011 0.03563938
0.79389263 0.03655815
0.78750263 0.03747450
0.78104169 0.03838793
0.77451141 0.03929796
0.76791340 0.04020414
0.76124928 0.04110605
0.75452071 0.04200328
0.74772933 0.04289546
0.74087684 0.04378224
0.73396491 0.04466329
0.72699525 0.04553830
0.71996958 0.04640699
0.71288965 0.04726908
0.70575718 0.04812432
0.69857395 0.04897248
0.69134172 0.04981333
0.68406228 0.05064667
0.67673742 0.05147230
0.66936896 0.05229001
0.66195871 0.05309962
0.65450850 0.05390095
0.64702016 0.05469381
0.63949555 0.05547801
0.63193652 0.05625336
0.62434494 0.05701967
0.61672268 0.05777674
0.60907162 0.05852434
0.60139365 0.05926225
0.59369066 0.05999023
0.58596455 0.06070803
0.57821723 0.06141536
0.57045062 0.06211194
0.56266662 0.06279746
0.55486716 0.06347158
0.54705416 0.06413395
0.53922955 0.06478418
0.53139526 0.06542189
0.52355323 0.06604663
0.51570538 0.06665798
0.50785366 0.06725545
0.50000000 0.06783855
0.49214634 0.06840677
0.48429462 0.06895957
0.47644677 0.06949639
0.46860474 0.07001666
0.46077045 0.07051977
0.45294584 0.07100513
0.44513284 0.07147211
0.43733338 0.07192006
0.42954938 0.07234834
0.42178277 0.07275629
0.41403545 0.07314325
0.40630934 0.07350855
0.39860635 0.07385152
0.39092838 0.07417149
0.38327732 0.07446780
0.37565506 0.07473978
0.36806348 0.07498678
0.36050445 0.07520817
0.35297984 0.07540332
0.34549150 0.07557161
0.33804129 0.07571245
0.33063104 0.07582527
0.32326258 0.07590952
0.31593772 0.07596467
0.30865828 0.07599022
0.30142605 0.07598569
0.29424282 0.07595066
0.28711035 0.07588470
0.28003042 0.07578744
0.27300475 0.07565855
0.26603509 0.07549770
0.25912316 0.07530463
0.25227067 0.07507911
0.24547929 0.07482094
0.23875072 0.07452995
0.23208660 0.07420604
0.22548859 0.07384911
0.21895831 0.07345912
0.21249737 0.07303606
0.20610737 0.07257997
0.19978989 0.07209091
0.19354647 0.07156898
0.18737867 0.07101431
0.18128801 0.07042710
0.17527598 0.06980752
0.16934407 0.06915584
0.16349374 0.06847231
0.15772645 0.06775722
0.15204360 0.06701092
0.14644661 0.06623375
0.14093685 0.06542609
0.13551569 0.06458835
0.13018445 0.06372094
0.12494447 0.06282433
0.11979702 0.06189897
0.11474338 0.06094535
0.10978480 0.05996397
0.10492249 0.05895536
0.10015767 0.05792005
0.09549150 0.05685857
0.09092514 0.05577150
0.08645971 0.05465940
0.08209632 0.05352285
0.07783604 0.05236244
0.07367992 0.05117877
0.06962899 0.04997243
0.06568424 0.04874403
0.06184666 0.04749420
0.05811718 0.04622355
0.05449674 0.04493270
0.05098621 0.04362229
0.04758647 0.04229293
0.04429836 0.04094527
0.04112269 0.03957995
0.03806023 0.03819759
0.03511176 0.03679885
0.03227798 0.03538435
0.02955962 0.03395475
0.02695732 0.03251069
0.02447174 0.03105282
0.02210349 0.02958178
0.01985316 0.02809822
0.01772129 0.02660280
0.01570842 0.02509616
0.01381504 0.02357896
0.01204162 0.02205184
0.01038859 0.02051547
0.00885637 0.01897050
0.00744534 0.01741759
0.00615583 0.01585739
0.00498817 0.01429056
0.00394265 0.01271777
0.00301952 0.01113967
0.00221902 0.00955692
0.00154133 0.00797019
0.00098664 0.00638014
0.00055506 0.00478743
0.00024672 0.00319273
0.00006168 0.00159670
0.00000000 0.00000000
0.00006168 -0.00113914
0.00024672 -0.00227672
0.00055506 -0.00341122
0.00098664 -0.00454107
0.00154133 -0.00566474
0.00221902 -0.00678070
0.00301952 -0.00788743
0.00394265 -0.00898342
0.00498817 -0.01006717
0.00615583 -0.01113719
0.00744534 -0.01219203
0.00885637 -0.01323024
0.01038859 -0.01425040
0.01204162 -0.01525111
0.01381504 -0.01623100
0.01570842 -0.01718872
0.01772129 -0.01812299
0.01985316 -0.01903251
0.02210349 -0.01991607
0.02447174 -0.02077247
0.02695732 -0.02160056
0.02955962 -0.02239926
0.03227798 -0.02316751
0.03511176 -0.02390433
0.03806023 -0.02460877
0.04112269 -0.02527998
0.04429836 -0.02591713
0.04758647 -0.02651949
0.05098621 -0.02708639
0.05449674 -0.02761722
0.05811718 -0.02811146
0.06184666 -0.02856866
0.06568424 -0.02898845
0.06962899 -0.02937054
0.07367992 -0.02971473
0.07783604 -0.03002091
0.08209632 -0.03028902
0.08645971 -0.03051913
0.09092514 -0.03071137
0.09549150 -0.03086597
0.10015767 -0.03098324
0.10492249 -0.03106357
0.10978480 -0.03110744
0.11474338 -0.03111543
0.11979702 -0.03108817
0.12494447 -0.03102639
0.13018445 -0.03093089
0.13551569 -0.03080256
0.14093685 -0.03064233
0.14644661 -0.03045121
0.15204360 -0.03023029
0.15772645 -0.02998069
0.16349374 -0.02970360
0.16934407 -0.02940026
0.17527598 -0.02907194
0.18128801 -0.02871997
0.18737867 -0.02834569
0.19354647 -0.02795048
0.19978989 -0.02753573
0.20610737 -0.02710285
0.21249737 -0.02665327
0.21895831 -0.02618841
0.22548859 -0.02570970
0.23208660 -0.02521853
0.23875072 -0.02471632
0.24547929 -0.02420444
0.25227067 -0.02368423
0.25912316 -0.02315703
0.26603509 -0.02262412
0.27300475 -0.02208673
0.28003042 -0.02154608
0.28711035 -0.02100332
0.29424282 -0.02045954
0.30142605 -0.01991579
0.30865828 -0.01937306
0.31593772 -0.01883227
0.32326258 -0.01829429
0.33063104 -0.01775990
0.33804129 -0.01722986
0.34549150 -0.01670482
0.35297984 -0.01618539
0.36050445 -0.01567210
0.36806348 -0.01516543
0.37565506 -0.01466579
0.38327732 -0.01417351
0.39092838 -0.01368889
0.39860635 -0.01321215
0.40630934 -0.01274347
0.41403545 -0.01228296
0.42178277 -0.01183070
0.42954938 -0.01138671
0.43733338 -0.01095098
0.44513284 -0.01052345
0.45294584 -0.01010404
0.46077045 -0.00969262
0.46860474 -0.00928905
0.47644677 -0.00889317
0.48429462 -0.00850481
0.49214634 -0.00812375
0.50000000 -0.00774981
0.50785366 -0.00738277
0.51570538 -0.00702244
0.52355323 -0.00666859
0.53139526 -0.00632104
0.53922955 -0.00597960
0.54705416 -0.00564409
0.55486716 -0.00531436
0.56266662 -0.00499026
0.57045062 -0.00467167
0.57821723 -0.00435849
0.58596455 -0.00405065
0.59369066 -0.00374810
0.60139365 -0.00345081
0.60907162 -0.00315878
0.61672268 -0.00287204
0.62434494 -0.00259064
0.63193652 -0.00231466
0.63949555 -0.00204420
0.64702016 -0.00177938
0.65450850 -0.00152034
0.66195871 -0.00126726
0.66936896 -0.00102032
0.67673742 -0.00077971
0.68406228 -0.00054565
0.69134172 -0.00031835
0.69857395 -0.00009805
0.70575718 0.00011501
0.71288965 0.00032060
0.71996958 0.00051848
0.72699525 0.00070842
0.73396491 0.00089018
0.74087684 0.00106356
0.74772933 0.00122834
0.75452071 0.00138433
0.76124928 0.00153136
0.76791340 0.00166927
0.77451141 0.00179792
0.78104169 0.00191721
0.78750263 0.00202705
0.79389263 0.00212738
0.80021011 0.00221817
0.80645353 0.00229941
0.81262133 0.00237114
0.81871199 0.00243341
0.82472402 0.00248632
0.83065593 0.00252998
0.83650626 0.00256455
0.84227355 0.00259020
0.84795640 0.00260714
0.85355339 0.00261561
0.85906315 0.00261588
0.86448431 0.00260824
0.86981555 0.00259299
0.87505553 0.00257048
0.88020298 0.00254107
0.88525662 0.00250511
0.89021520 0.00246302
0.89507751 0.00241518
0.89984233 0.00236202
0.90450850 0.00230395
0.90907486 0.00224141
0.91354029 0.00217484
0.91790368 0.00210467
0.92216396 0.00203133
0.92632008 0.00195526
0.93037101 0.00187689
0.93431576 0.00179664
0.93815334 0.00171492
0.94188282 0.00163213
0.94550326 0.00154867
0.94901379 0.00146492
0.95241353 0.00138123
0.95570164 0.00129794
0.95887731 0.00121540
0.96193977 0.00113392
0.96488824 0.00105378
0.96772202 0.00097526
0.97044038 0.00089862
0.97304268 0.00082410
0.97552826 0.00075191
0.97789651 0.00068227
0.98014684 0.00061534
0.98227871 0.00055131
0.98429158 0.00049032
0.98618496 0.00043250
0.98795838 0.00037797
0.98961141 0.00032684
0.99114363 0.00027921
0.99255466 0.00023514
0.99384417 0.00019472
0.99501183 0.00015800
0.99605735 0.00012503
0.99698048 0.00009585
0.99778098 0.00007050
0.99845867 0.00004900
0.99901336 0.00003139
0.99944494 0.00001767
0.99975328 0.00000786
0.99993832 0.00000198
1.00000000 0.00000001
