sample_247
1.00000000 0.00000001
0.99993832 0.00000830
0.99975328 0.00003315
0.99944494 0.00007452
0.99901336 0.00013237
0.99845867 0.00020661
0.99778098 0.00029716
0.99698048 0.00040389
0.99605735 0.00052667
0.99501183 0.00066537
0.99384417 0.00081982
0.99255466 0.00098985
0.99114363 0.00117529
0.98961141 0.00137595
0.98795838 0.00159166
0.98618496 0.00182223
0.98429158 0.00206748
0.98227871 0.00232723
0.98014684 0.00260134
0.97789651 0.00288965
0.97552826 0.00319202
0.97304268 0.00350833
0.97044038 0.00383850
0.96772202 0.00418245
0.96488824 0.00454013
0.96193977 0.00491152
0.95887731 0.00529663
0.95570164 0.00569550
0.95241353 0.00610819
0.94901379 0.00653479
0.94550326 0.00697545
0.94188282 0.00743031
0.93815334 0.00789956
0.93431576 0.00838343
0.93037101 0.00888215
0.92632008 0.00939600
0.92216396 0.00992527
0.91790368 0.01047026
0.91354029 0.01103132
0.90907486 0.01160877
0.90450850 0.01220298
0.89984233 0.01281430
0.89507751 0.01344309
0.89021520 0.01408970
0.88525662 0.01475449
0.88020298 0.01543779
0.87505553 0.01613991
0.86981555 0.01686115
0.86448431 0.01760176
0.85906315 0.01836199
0.85355339 0.01914200
0.84795640 0.01994196
0.84227355 0.02076195
0.83650626 0.02160201
0.83065593 0.02246213
0.82472402 0.02334220
0.81871199 0.02424210
0.81262133 0.02516157
0.80645353 0.02610034
0.80021011 0.02705801
0.79389263 0.02803412
0.78750263 0.02902813
0.78104169 0.03003941
0.77451141 0.03106723
0.76791340 0.03211081
0.76124928 0.03316923
0.75452071 0.03424153
0.74772933 0.03532664
0.74087684 0.03642340
0.73396491 0.03753059
0.72699525 0.03864690
0.71996958 0.03977092
0.71288965 0.04090121
0.70575718 0.04203622
0.69857395 0.04317437
0.69134172 0.04431398
0.68406228 0.04545336
0.67673742 0.04659075
0.66936896 0.04772433
0.66195871 0.04885227
0.65450850 0.04997270
0.64702016 0.05108374
0.63949555 0.05218347
0.63193652 0.05326998
0.62434494 0.05434136
0.61672268 0.05539569
0.60907162 0.05643109
0.60139365 0.05744567
0.59369066 0.05843760
0.58596455 0.05940505
0.57821723 0.06034625
0.57045062 0.06125950
0.56266662 0.06214311
0.55486716 0.06299548
0.54705416 0.06381508
0.53922955 0.06460043
0.53139526 0.06535015
0.52355323 0.06606292
0.51570538 0.06673752
0.50785366 0.06737282
0.50000000 0.06796777
0.49214634 0.06852142
0.48429462 0.06903293
0.47644677 0.06950154
0.46860474 0.06992660
0.46077045 0.07030756
0.45294584 0.07064398
0.44513284 0.07093549
0.43733338 0.07118187
0.42954938 0.07138295
0.42178277 0.07153868
0.41403545 0.07164912
0.40630934 0.07171440
0.39860635 0.07173476
0.39092838 0.07171050
0.38327732 0.07164204
0.37565506 0.07152985
0.36806348 0.07137450
0.36050445 0.07117663
0.35297984 0.07093694
0.34549150 0.07065619
0.33804129 0.07033523
0.33063104 0.06997493
0.32326258 0.06957623
0.31593772 0.06914013
0.30865828 0.06866764
0.30142605 0.06815983
0.29424282 0.06761780
0.28711035 0.06704268
0.28003042 0.06643563
0.27300475 0.06579781
0.26603509 0.06513041
0.25912316 0.06443463
0.25227067 0.06371170
0.24547929 0.06296281
0.23875072 0.06218919
0.23208660 0.06139206
0.22548859 0.06057262
0.21895831 0.05973208
0.21249737 0.05887164
0.20610737 0.05799247
0.19978989 0.05709574
0.19354647 0.05618260
0.18737867 0.05525419
0.18128801 0.05431160
0.17527598 0.05335594
0.16934407 0.05238827
0.16349374 0.05140963
0.15772645 0.05042103
0.15204360 0.04942347
0.14644661 0.04841790
0.14093685 0.04740526
0.13551569 0.04638645
0.13018445 0.04536236
0.12494447 0.04433382
0.11979702 0.04330165
0.11474338 0.04226664
0.10978480 0.04122953
0.10492249 0.04019105
0.10015767 0.03915189
0.09549150 0.03811271
0.09092514 0.03707414
0.08645971 0.03603676
0.08209632 0.03500113
0.07783604 0.03396779
0.07367992 0.03293723
0.06962899 0.03190991
0.06568424 0.03088625
0.06184666 0.02986666
0.05811718 0.02885148
0.05449674 0.02784105
0.05098621 0.02683566
0.04758647 0.02583556
0.04429836 0.02484097
0.04112269 0.02385209
0.03806023 0.02286907
0.03511176 0.02189203
0.03227798 0.02092105
0.02955962 0.01995619
0.02695732 0.01899746
0.02447174 0.01804486
0.02210349 0.01709833
0.01985316 0.01615780
0.01772129 0.01522316
0.01570842 0.01429427
0.01381504 0.01337095
0.01204162 0.01245302
0.01038859 0.01154024
0.00885637 0.01063236
0.00744534 0.00972912
0.00615583 0.00883020
0.00498817 0.00793529
0.00394265 0.00704405
0.00301952 0.00615612
0.00221902 0.00527112
0.00154133 0.00438866
0.00098664 0.00350833
0.00055506 0.00262973
0.00024672 0.00175243
0.00006168 0.00087600
0.00000000 0.00000000
0.00006168 -0.00115234
0.00024672 -0.00230280
0.00055506 -0.00344950
0.00098664 -0.00459058
0.00154133 -0.00572419
0.00221902 -0.00684852
0.00301952 -0.00796176
0.00394265 -0.00906217
0.00498817 -0.01014804
0.00615583 -0.01121768
0.00744534 -0.01226950
0.00885637 -0.01330194
0.01038859 -0.01431348
0.01204162 -0.01530270
0.01381504 -0.01626824
0.01570842 -0.01720880
0.01772129 -0.01812317
0.01985316 -0.01901019
0.02210349 -0.01986881
0.02447174 -0.02069805
0.02695732 -0.02149702
0.02955962 -0.02226489
0.03227798 -0.02300093
0.03511176 -0.02370451
0.03806023 -0.02437506
0.04112269 -0.02501210
0.04429836 -0.02561524
0.04758647 -0.02618417
0.05098621 -0.02671865
0.05449674 -0.02721853
0.05811718 -0.02768373
0.06184666 -0.02811425
0.06568424 -0.02851015
0.06962899 -0.02887158
0.07367992 -0.02919872
0.07783604 -0.02949184
0.08209632 -0.02975128
0.08645971 -0.02997739
0.09092514 -0.03017063
0.09549150 -0.03033146
0.10015767 -0.03046041
0.10492249 -0.03055805
0.10978480 -0.03062498
0.11474338 -0.03066186
0.11979702 -0.03066935
0.12494447 -0.03064815
0.13018445 -0.03059901
0.13551569 -0.03052266
0.14093685 -0.03041989
0.14644661 -0.03029149
0.15204360 -0.03013826
0.15772645 -0.02996103
0.16349374 -0.02976063
0.16934407 -0.02953789
0.17527598 -0.02929367
0.18128801 -0.02902882
0.18737867 -0.02874419
0.19354647 -0.02844066
0.19978989 -0.02811908
0.20610737 -0.02778032
0.21249737 -0.02742524
0.21895831 -0.02705470
0.22548859 -0.02666958
0.23208660 -0.02627073
0.23875072 -0.02585901
0.24547929 -0.02543529
0.25227067 -0.02500040
0.25912316 -0.02455522
0.26603509 -0.02410057
0.27300475 -0.02363732
0.28003042 -0.02316630
0.28711035 -0.02268835
0.29424282 -0.02220430
0.30142605 -0.02171498
0.30865828 -0.02122122
0.31593772 -0.02072383
0.32326258 -0.02022361
0.33063104 -0.01972139
0.33804129 -0.01921794
0.34549150 -0.01871407
0.35297984 -0.01821054
0.36050445 -0.01770812
0.36806348 -0.01720757
0.37565506 -0.01670963
0.38327732 -0.01621502
0.39092838 -0.01572445
0.39860635 -0.01523863
0.40630934 -0.01475821
0.41403545 -0.01428386
0.42178277 -0.01381620
0.42954938 -0.01335584
0.43733338 -0.01290335
0.44513284 -0.01245929
0.45294584 -0.01202419
0.46077045 -0.01159853
0.46860474 -0.01118276
0.47644677 -0.01077733
0.48429462 -0.01038261
0.49214634 -0.00999895
0.50000000 -0.00962668
0.50785366 -0.00926606
0.51570538 -0.00891734
0.52355323 -0.00858069
0.53139526 -0.00825629
0.53922955 -0.00794423
0.54705416 -0.00764458
0.55486716 -0.00735739
0.56266662 -0.00708261
0.57045062 -0.00682021
0.57821723 -0.00657009
0.58596455 -0.00633210
0.59369066 -0.00610608
0.60139365 -0.00589180
0.60907162 -0.00568903
0.61672268 -0.00549747
0.62434494 -0.00531682
0.63193652 -0.00514673
0.63949555 -0.00498681
0.64702016 -0.00483668
0.65450850 -0.00469591
0.66195871 -0.00456406
0.66936896 -0.00444066
0.67673742 -0.00432525
0.68406228 -0.00421732
0.69134172 -0.00411639
0.69857395 -0.00402195
0.70575718 -0.00393349
0.71288965 -0.00385050
0.71996958 -0.00377248
0.72699525 -0.00369893
0.73396491 -0.00362936
0.74087684 -0.00356328
0.74772933 -0.00350022
0.75452071 -0.00343974
0.76124928 -0.00338139
0.76791340 -0.00332476
0.77451141 -0.00326945
0.78104169 -0.00321509
0.78750263 -0.00316134
0.79389263 -0.00310788
0.80021011 -0.00305440
0.80645353 -0.00300065
0.81262133 -0.00294639
0.81871199 -0.00289140
0.82472402 -0.00283551
0.83065593 -0.00277856
0.83650626 -0.00272044
0.84227355 -0.00266104
0.84795640 -0.00260030
0.85355339 -0.00253819
0.85906315 -0.00247468
0.86448431 -0.00240978
0.86981555 -0.00234354
0.87505553 -0.00227599
0.88020298 -0.00220722
0.88525662 -0.00213732
0.89021520 -0.00206639
0.89507751 -0.00199456
0.89984233 -0.00192198
0.90450850 -0.00184878
0.90907486 -0.00177512
0.91354029 -0.00170118
0.91790368 -0.00162711
0.92216396 -0.00155310
0.92632008 -0.00147931
0.93037101 -0.00140594
0.93431576 -0.00133314
0.93815334 -0.00126111
0.94188282 -0.00118999
0.94550326 -0.00111997
0.94901379 -0.00105120
0.95241353 -0.00098382
0.95570164 -0.00091798
0.95887731 -0.00085382
0.96193977 -0.00079146
0.96488824 -0.00073101
0.96772202 -0.00067258
0.97044038 -0.00061626
0.97304268 -0.00056215
0.97552826 -0.00051031
0.97789651 -0.00046081
0.98014684 -0.00041371
0.98227871 -0.00036906
0.98429158 -0.00032688
0.98618496 -0.00028722
0.98795838 -0.00025011
0.98961141 -0.00021554
0.99114363 -0.00018355
0.99255466 -0.00015413
0.99384417 -0.00012729
0.99501183 -0.00010304
0.99605735 -0.00008135
0.99698048 -0.00006224
0.99778098 -0.00004570
0.99845867 -0.00003171
0.99901336 -0.00002028
0.99944494 -0.00001140
0.99975328 -0.00000506
0.99993832 -0.00000125
1.00000000 0.00000001
