sample_531
1.00000000 0.00000001
0.99993832 0.00000645
0.99975328 0.00002577
0.99944494 0.00005805
0.99901336 0.00010341
0.99845867 0.00016201
0.99778098 0.00023407
0.99698048 0.00031984
0.99605735 0.00041961
0.99501183 0.00053373
0.99384417 0.00066257
0.99255466 0.00080654
0.99114363 0.00096608
0.98961141 0.00114166
0.98795838 0.00133378
0.98618496 0.00154296
0.98429158 0.00176974
0.98227871 0.00201467
0.98014684 0.00227832
0.97789651 0.00256125
0.97552826 0.00286405
0.97304268 0.00318729
0.97044038 0.00353153
0.96772202 0.00389734
0.96488824 0.00428525
0.96193977 0.00469581
0.95887731 0.00512951
0.95570164 0.00558683
0.95241353 0.00606823
0.94901379 0.00657412
0.94550326 0.00710488
0.94188282 0.00766086
0.93815334 0.00824235
0.93431576 0.00884961
0.93037101 0.00948283
0.92632008 0.01014217
0.92216396 0.01082774
0.91790368 0.01153956
0.91354029 0.01227763
0.90907486 0.01304188
0.90450850 0.01383216
0.89984233 0.01464830
0.89507751 0.01549003
0.89021520 0.01635704
0.88525662 0.01724894
0.88020298 0.01816530
0.87505553 0.01910563
0.86981555 0.02006934
0.86448431 0.02105583
0.85906315 0.02206441
0.85355339 0.02309435
0.84795640 0.02414486
0.84227355 0.02521508
0.83650626 0.02630411
0.83065593 0.02741102
0.82472402 0.02853479
0.81871199 0.02967440
0.81262133 0.03082876
0.80645353 0.03199674
0.80021011 0.03317718
0.79389263 0.03436889
0.78750263 0.03557064
0.78104169 0.03678117
0.77451141 0.03799919
0.76791340 0.03922342
0.76124928 0.04045251
0.75452071 0.04168513
0.74772933 0.04291991
0.74087684 0.04415550
0.73396491 0.04539052
0.72699525 0.04662357
0.71996958 0.04785328
0.71288965 0.04907826
0.70575718 0.05029713
0.69857395 0.05150850
0.69134172 0.05271101
0.68406228 0.05390329
0.67673742 0.05508399
0.66936896 0.05625177
0.66195871 0.05740531
0.65450850 0.05854331
0.64702016 0.05966447
0.63949555 0.06076755
0.63193652 0.06185129
0.62434494 0.06291449
0.61672268 0.06395595
0.60907162 0.06497451
0.60139365 0.06596905
0.59369066 0.06693845
0.58596455 0.06788165
0.57821723 0.06879761
0.57045062 0.06968533
0.56266662 0.07054384
0.55486716 0.07137221
0.54705416 0.07216954
0.53922955 0.07293498
0.53139526 0.07366771
0.52355323 0.07436694
0.51570538 0.07503195
0.50785366 0.07566203
0.50000000 0.07625654
0.49214634 0.07681485
0.48429462 0.07733640
0.47644677 0.07782067
0.46860474 0.07826716
0.46077045 0.07867546
0.45294584 0.07904517
0.44513284 0.07937593
0.43733338 0.07966747
0.42954938 0.07991952
0.42178277 0.08013188
0.41403545 0.08030439
0.40630934 0.08043694
0.39860635 0.08052947
0.39092838 0.08058197
0.38327732 0.08059446
0.37565506 0.08056702
0.36806348 0.08049978
0.36050445 0.08039292
0.35297984 0.08024665
0.34549150 0.08006123
0.33804129 0.07983698
0.33063104 0.07957425
0.32326258 0.07927343
0.31593772 0.07893498
0.30865828 0.07855936
0.30142605 0.07814710
0.29424282 0.07769877
0.28711035 0.07721496
0.28003042 0.07669632
0.27300475 0.07614352
0.26603509 0.07555725
0.25912316 0.07493827
0.25227067 0.07428733
0.24547929 0.07360525
0.23875072 0.07289283
0.23208660 0.07215093
0.22548859 0.07138041
0.21895831 0.07058217
0.21249737 0.06975712
0.20610737 0.06890618
0.19978989 0.06803028
0.19354647 0.06713037
0.18737867 0.06620742
0.18128801 0.06526238
0.17527598 0.06429622
0.16934407 0.06330991
0.16349374 0.06230442
0.15772645 0.06128071
0.15204360 0.06023974
0.14644661 0.05918248
0.14093685 0.05810985
0.13551569 0.05702280
0.13018445 0.05592224
0.12494447 0.05480907
0.11979702 0.05368419
0.11474338 0.05254844
0.10978480 0.05140269
0.10492249 0.05024775
0.10015767 0.04908442
0.09549150 0.04791347
0.09092514 0.04673566
0.08645971 0.04555169
0.08209632 0.04436225
0.07783604 0.04316802
0.07367992 0.04196961
0.06962899 0.04076763
0.06568424 0.03956263
0.06184666 0.03835517
0.05811718 0.03714572
0.05449674 0.03593477
0.05098621 0.03472276
0.04758647 0.03351007
0.04429836 0.03229709
0.04112269 0.03108415
0.03806023 0.02987156
0.03511176 0.02865959
0.03227798 0.02744849
0.02955962 0.02623846
0.02695732 0.02502970
0.02447174 0.02382236
0.02210349 0.02261656
0.01985316 0.02141240
0.01772129 0.02020995
0.01570842 0.01900928
0.01381504 0.01781039
0.01204162 0.01661329
0.01038859 0.01541796
0.00885637 0.01422437
0.00744534 0.01303244
0.00615583 0.01184212
0.00498817 0.01065329
0.00394265 0.00946586
0.00301952 0.00827971
0.00221902 0.00709469
0.00154133 0.00591068
0.00098664 0.00472751
0.00055506 0.00354502
0.00024672 0.00236306
0.00006168 0.00118144
0.00000000 0.00000000
0.00006168 -0.00115655
0.00024672 -0.00231121
0.00055506 -0.00346209
0.00098664 -0.00460730
0.00154133 -0.00574499
0.00221902 -0.00687328
0.00301952 -0.00799035
0.00394265 -0.00909439
0.00498817 -0.01018359
0.00615583 -0.01125621
0.00744534 -0.01231052
0.00885637 -0.01334482
0.01038859 -0.01435748
0.01204162 -0.01534688
0.01381504 -0.01631147
0.01570842 -0.01724975
0.01772129 -0.01816028
0.01985316 -0.01904167
0.02210349 -0.01989259
0.02447174 -0.02071178
0.02695732 -0.02149808
0.02955962 -0.02225035
0.03227798 -0.02296758
0.03511176 -0.02364880
0.03806023 -0.02429315
0.04112269 -0.02489985
0.04429836 -0.02546820
0.04758647 -0.02599762
0.05098621 -0.02648759
0.05449674 -0.02693772
0.05811718 -0.02734769
0.06184666 -0.02771730
0.06568424 -0.02804644
0.06962899 -0.02833513
0.07367992 -0.02858347
0.07783604 -0.02879166
0.08209632 -0.02896003
0.08645971 -0.02908899
0.09092514 -0.02917907
0.09549150 -0.02923090
0.10015767 -0.02924522
0.10492249 -0.02922284
0.10978480 -0.02916471
0.11474338 -0.02907183
0.11979702 -0.02894534
0.12494447 -0.02878643
0.13018445 -0.02859639
0.13551569 -0.02837659
0.14093685 -0.02812848
0.14644661 -0.02785356
0.15204360 -0.02755342
0.15772645 -0.02722971
0.16349374 -0.02688410
0.16934407 -0.02651835
0.17527598 -0.02613422
0.18128801 -0.02573354
0.18737867 -0.02531815
0.19354647 -0.02488990
0.19978989 -0.02445067
0.20610737 -0.02400233
0.21249737 -0.02354675
0.21895831 -0.02308580
0.22548859 -0.02262132
0.23208660 -0.02215513
0.23875072 -0.02168902
0.24547929 -0.02122473
0.25227067 -0.02076395
0.25912316 -0.02030834
0.26603509 -0.01985948
0.27300475 -0.01941889
0.28003042 -0.01898800
0.28711035 -0.01856818
0.29424282 -0.01816072
0.30142605 -0.01776681
0.30865828 -0.01738755
0.31593772 -0.01702393
0.32326258 -0.01667687
0.33063104 -0.01634717
0.33804129 -0.01603551
0.34549150 -0.01574248
0.35297984 -0.01546856
0.36050445 -0.01521413
0.36806348 -0.01497943
0.37565506 -0.01476462
0.38327732 -0.01456973
0.39092838 -0.01439471
0.39860635 -0.01423938
0.40630934 -0.01410346
0.41403545 -0.01398660
0.42178277 -0.01388831
0.42954938 -0.01380804
0.43733338 -0.01374514
0.44513284 -0.01369889
0.45294584 -0.01366847
0.46077045 -0.01365300
0.46860474 -0.01365156
0.47644677 -0.01366312
0.48429462 -0.01368663
0.49214634 -0.01372100
0.50000000 -0.01376506
0.50785366 -0.01381766
0.51570538 -0.01387758
0.52355323 -0.01394361
0.53139526 -0.01401450
0.53922955 -0.01408902
0.54705416 -0.01416593
0.55486716 -0.01424399
0.56266662 -0.01432200
0.57045062 -0.01439875
0.57821723 -0.01447307
0.58596455 -0.01454383
0.59369066 -0.01460994
0.60139365 -0.01467033
0.60907162 -0.01472401
0.61672268 -0.01477001
0.62434494 -0.01480745
0.63193652 -0.01483548
0.63949555 -0.01485334
0.64702016 -0.01486031
0.65450850 -0.01485578
0.66195871 -0.01483916
0.66936896 -0.01480998
0.67673742 -0.01476780
0.68406228 -0.01471230
0.69134172 -0.01464320
0.69857395 -0.01456031
0.70575718 -0.01446350
0.71288965 -0.01435274
0.71996958 -0.01422805
0.72699525 -0.01408952
0.73396491 -0.01393731
0.74087684 -0.01377165
0.74772933 -0.01359284
0.75452071 -0.01340121
0.76124928 -0.01319718
0.76791340 -0.01298120
0.77451141 -0.01275378
0.78104169 -0.01251547
0.78750263 -0.01226685
0.79389263 -0.01200857
0.80021011 -0.01174128
0.80645353 -0.01146567
0.81262133 -0.01118245
0.81871199 -0.01089236
0.82472402 -0.01059615
0.83065593 -0.01029456
0.83650626 -0.00998838
0.84227355 -0.00967837
0.84795640 -0.00936529
0.85355339 -0.00904992
0.85906315 -0.00873299
0.86448431 -0.00841527
0.86981555 -0.00809747
0.87505553 -0.00778030
0.88020298 -0.00746446
0.88525662 -0.00715060
0.89021520 -0.00683936
0.89507751 -0.00653136
0.89984233 -0.00622718
0.90450850 -0.00592736
0.90907486 -0.00563242
0.91354029 -0.00534284
0.91790368 -0.00505906
0.92216396 -0.00478151
0.92632008 -0.00451055
0.93037101 -0.00424653
0.93431576 -0.00398975
0.93815334 -0.00374048
0.94188282 -0.00349895
0.94550326 -0.00326537
0.94901379 -0.00303990
0.95241353 -0.00282268
0.95570164 -0.00261382
0.95887731 -0.00241339
0.96193977 -0.00222144
0.96488824 -0.00203800
0.96772202 -0.00186307
0.97044038 -0.00169662
0.97304268 -0.00153862
0.97552826 -0.00138902
0.97789651 -0.00124772
0.98014684 -0.00111465
0.98227871 -0.00098971
0.98429158 -0.00087279
0.98618496 -0.00076378
0.98795838 -0.00066256
0.98961141 -0.00056900
0.99114363 -0.00048298
0.99255466 -0.00040438
0.99384417 -0.00033307
0.99501183 -0.00026895
0.99605735 -0.00021190
0.99698048 -0.00016182
0.99778098 -0.00011862
0.99845867 -0.00008222
0.99901336 -0.00005253
0.99944494 -0.00002951
0.99975328 -0.00001309
0.99993832 -0.00000326
1.00000000 0.00000001
