sample_1077
1.00000000 0.00000001
0.99993832 0.00001328
0.99975328 0.00005303
0.99944494 0.00011919
0.99901336 0.00021160
0.99845867 0.00033004
0.99778098 0.00047425
0.99698048 0.00064390
0.99605735 0.00083861
0.99501183 0.00105795
0.99384417 0.00130144
0.99255466 0.00156857
0.99114363 0.00185878
0.98961141 0.00217146
0.98795838 0.00250600
0.98618496 0.00286175
0.98429158 0.00323802
0.98227871 0.00363414
0.98014684 0.00404941
0.97789651 0.00448311
0.97552826 0.00493454
0.97304268 0.00540300
0.97044038 0.00588779
0.96772202 0.00638822
0.96488824 0.00690363
0.96193977 0.00743338
0.95887731 0.00797684
0.95570164 0.00853342
0.95241353 0.00910255
0.94901379 0.00968372
0.94550326 0.01027642
0.94188282 0.01088021
0.93815334 0.01149467
0.93431576 0.01211943
0.93037101 0.01275416
0.92632008 0.01339856
0.92216396 0.01405238
0.91790368 0.01471541
0.91354029 0.01538748
0.90907486 0.01606845
0.90450850 0.01675823
0.89984233 0.01745673
0.89507751 0.01816392
0.89021520 0.01887979
0.88525662 0.01960433
0.88020298 0.02033758
0.87505553 0.02107957
0.86981555 0.02183036
0.86448431 0.02259000
0.85906315 0.02335855
0.85355339 0.02413606
0.84795640 0.02492257
0.84227355 0.02571813
0.83650626 0.02652276
0.83065593 0.02733644
0.82472402 0.02815916
0.81871199 0.02899085
0.81262133 0.02983143
0.80645353 0.03068079
0.80021011 0.03153874
0.79389263 0.03240510
0.78750263 0.03327962
0.78104169 0.03416199
0.77451141 0.03505189
0.76791340 0.03594891
0.76124928 0.03685263
0.75452071 0.03776255
0.74772933 0.03867812
0.74087684 0.03959877
0.73396491 0.04052384
0.72699525 0.04145265
0.71996958 0.04238448
0.71288965 0.04331853
0.70575718 0.04425398
0.69857395 0.04518999
0.69134172 0.04612564
0.68406228 0.04706001
0.67673742 0.04799214
0.66936896 0.04892103
0.66195871 0.04984569
0.65450850 0.05076507
0.64702016 0.05167813
0.63949555 0.05258382
0.63193652 0.05348106
0.62434494 0.05436880
0.61672268 0.05524597
0.60907162 0.05611150
0.60139365 0.05696434
0.59369066 0.05780346
0.58596455 0.05862781
0.57821723 0.05943640
0.57045062 0.06022824
0.56266662 0.06100236
0.55486716 0.06175784
0.54705416 0.06249376
0.53922955 0.06320925
0.53139526 0.06390346
0.52355323 0.06457558
0.51570538 0.06522485
0.50785366 0.06585052
0.50000000 0.06645189
0.49214634 0.06702828
0.48429462 0.06757907
0.47644677 0.06810367
0.46860474 0.06860151
0.46077045 0.06907207
0.45294584 0.06951485
0.44513284 0.06992939
0.43733338 0.07031527
0.42954938 0.07067209
0.42178277 0.07099947
0.41403545 0.07129707
0.40630934 0.07156457
0.39860635 0.07180167
0.39092838 0.07200812
0.38327732 0.07218364
0.37565506 0.07232801
0.36806348 0.07244103
0.36050445 0.07252248
0.35297984 0.07257220
0.34549150 0.07259002
0.33804129 0.07257579
0.33063104 0.07252939
0.32326258 0.07245068
0.31593772 0.07233958
0.30865828 0.07219600
0.30142605 0.07201985
0.29424282 0.07181110
0.28711035 0.07156969
0.28003042 0.07129563
0.27300475 0.07098889
0.26603509 0.07064951
0.25912316 0.07027754
0.25227067 0.06987304
0.24547929 0.06943612
0.23875072 0.06896689
0.23208660 0.06846552
0.22548859 0.06793219
0.21895831 0.06736713
0.21249737 0.06677060
0.20610737 0.06614289
0.19978989 0.06548434
0.19354647 0.06479534
0.18737867 0.06407630
0.18128801 0.06332768
0.17527598 0.06255001
0.16934407 0.06174383
0.16349374 0.06090975
0.15772645 0.06004843
0.15204360 0.05916054
0.14644661 0.05824685
0.14093685 0.05730812
0.13551569 0.05634520
0.13018445 0.05535895
0.12494447 0.05435029
0.11979702 0.05332016
0.11474338 0.05226955
0.10978480 0.05119949
0.10492249 0.05011101
0.10015767 0.04900519
0.09549150 0.04788312
0.09092514 0.04674592
0.08645971 0.04559470
0.08209632 0.04443060
0.07783604 0.04325475
0.07367992 0.04206829
0.06962899 0.04087233
0.06568424 0.03966801
0.06184666 0.03845640
0.05811718 0.03723860
0.05449674 0.03601564
0.05098621 0.03478854
0.04758647 0.03355828
0.04429836 0.03232579
0.04112269 0.03109196
0.03806023 0.02985764
0.03511176 0.02862360
0.03227798 0.02739057
0.02955962 0.02615921
0.02695732 0.02493014
0.02447174 0.02370388
0.02210349 0.02248090
0.01985316 0.02126160
0.01772129 0.02004631
0.01570842 0.01883529
0.01381504 0.01762872
0.01204162 0.01642672
0.01038859 0.01522934
0.00885637 0.01403657
0.00744534 0.01284833
0.00615583 0.01166447
0.00498817 0.01048480
0.00394265 0.00930907
0.00301952 0.00813696
0.00221902 0.00696813
0.00154133 0.00580219
0.00098664 0.00463872
0.00055506 0.00347725
0.00024672 0.00231731
0.00006168 0.00115839
0.00000000 0.00000000
0.00006168 -0.00091077
0.00024672 -0.00181990
0.00055506 -0.00272578
0.00098664 -0.00362678
0.00154133 -0.00452131
0.00221902 -0.00540780
0.00301952 -0.00628470
0.00394265 -0.00715049
0.00498817 -0.00800371
0.00615583 -0.00884294
0.00744534 -0.00966678
0.00885637 -0.01047391
0.01038859 -0.01126308
0.01204162 -0.01203306
0.01381504 -0.01278273
0.01570842 -0.01351101
0.01772129 -0.01421689
0.01985316 -0.01489945
0.02210349 -0.01555784
0.02447174 -0.01619128
0.02695732 -0.01679908
0.02955962 -0.01738062
0.03227798 -0.01793536
0.03511176 -0.01846286
0.03806023 -0.01896273
0.04112269 -0.01943468
0.04429836 -0.01987849
0.04758647 -0.02029404
0.05098621 -0.02068124
0.05449674 -0.02104012
0.05811718 -0.02137076
0.06184666 -0.02167332
0.06568424 -0.02194800
0.06962899 -0.02219511
0.07367992 -0.02241498
0.07783604 -0.02260802
0.08209632 -0.02277468
0.08645971 -0.02291548
0.09092514 -0.02303097
0.09549150 -0.02312176
0.10015767 -0.02318848
0.10492249 -0.02323181
0.10978480 -0.02325246
0.11474338 -0.02325117
0.11979702 -0.02322871
0.12494447 -0.02318585
0.13018445 -0.02312341
0.13551569 -0.02304221
0.14093685 -0.02294306
0.14644661 -0.02282682
0.15204360 -0.02269433
0.15772645 -0.02254644
0.16349374 -0.02238399
0.16934407 -0.02220783
0.17527598 -0.02201880
0.18128801 -0.02181774
0.18737867 -0.02160547
0.19354647 -0.02138280
0.19978989 -0.02115054
0.20610737 -0.02090949
0.21249737 -0.02066040
0.21895831 -0.02040405
0.22548859 -0.02014117
0.23208660 -0.01987249
0.23875072 -0.01959872
0.24547929 -0.01932054
0.25227067 -0.01903862
0.25912316 -0.01875362
0.26603509 -0.01846616
0.27300475 -0.01817685
0.28003042 -0.01788629
0.28711035 -0.01759504
0.29424282 -0.01730365
0.30142605 -0.01701266
0.30865828 -0.01672258
0.31593772 -0.01643390
0.32326258 -0.01614709
0.33063104 -0.01586260
0.33804129 -0.01558087
0.34549150 -0.01530231
0.35297984 -0.01502732
0.36050445 -0.01475627
0.36806348 -0.01448952
0.37565506 -0.01422739
0.38327732 -0.01397022
0.39092838 -0.01371829
0.39860635 -0.01347187
0.40630934 -0.01323124
0.41403545 -0.01299660
0.42178277 -0.01276819
0.42954938 -0.01254619
0.43733338 -0.01233076
0.44513284 -0.01212206
0.45294584 -0.01192021
0.46077045 -0.01172531
0.46860474 -0.01153744
0.47644677 -0.01135665
0.48429462 -0.01118296
0.49214634 -0.01101639
0.50000000 -0.01085691
0.50785366 -0.01070448
0.51570538 -0.01055902
0.52355323 -0.01042045
0.53139526 -0.01028865
0.53922955 -0.01016348
0.54705416 -0.01004476
0.55486716 -0.00993230
0.56266662 -0.00982590
0.57045062 -0.00972532
0.57821723 -0.00963030
0.58596455 -0.00954056
0.59369066 -0.00945582
0.60139365 -0.00937574
0.60907162 -0.00930000
0.61672268 -0.00922825
0.62434494 -0.00916014
0.63193652 -0.00909527
0.63949555 -0.00903328
0.64702016 -0.00897375
0.65450850 -0.00891630
0.66195871 -0.00886051
0.66936896 -0.00880598
0.67673742 -0.00875228
0.68406228 -0.00869902
0.69134172 -0.00864577
0.69857395 -0.00859214
0.70575718 -0.00853772
0.71288965 -0.00848213
0.71996958 -0.00842500
0.72699525 -0.00836595
0.73396491 -0.00830463
0.74087684 -0.00824072
0.74772933 -0.00817389
0.75452071 -0.00810385
0.76124928 -0.00803033
0.76791340 -0.00795307
0.77451141 -0.00787185
0.78104169 -0.00778646
0.78750263 -0.00769673
0.79389263 -0.00760250
0.80021011 -0.00750366
0.80645353 -0.00740011
0.81262133 -0.00729178
0.81871199 -0.00717864
0.82472402 -0.00706068
0.83065593 -0.00693792
0.83650626 -0.00681040
0.84227355 -0.00667820
0.84795640 -0.00654142
0.85355339 -0.00640020
0.85906315 -0.00625468
0.86448431 -0.00610504
0.86981555 -0.00595150
0.87505553 -0.00579426
0.88020298 -0.00563357
0.88525662 -0.00546970
0.89021520 -0.00530292
0.89507751 -0.00513355
0.89984233 -0.00496188
0.90450850 -0.00478824
0.90907486 -0.00461297
0.91354029 -0.00443641
0.91790368 -0.00425892
0.92216396 -0.00408086
0.92632008 -0.00390259
0.93037101 -0.00372447
0.93431576 -0.00354689
0.93815334 -0.00337020
0.94188282 -0.00319478
0.94550326 -0.00302098
0.94901379 -0.00284917
0.95241353 -0.00267971
0.95570164 -0.00251293
0.95887731 -0.00234918
0.96193977 -0.00218880
0.96488824 -0.00203209
0.96772202 -0.00187939
0.97044038 -0.00173098
0.97304268 -0.00158715
0.97552826 -0.00144818
0.97789651 -0.00131434
0.98014684 -0.00118588
0.98227871 -0.00106303
0.98429158 -0.00094603
0.98618496 -0.00083507
0.98795838 -0.00073037
0.98961141 -0.00063210
0.99114363 -0.00054044
0.99255466 -0.00045554
0.99384417 -0.00037755
0.99501183 -0.00030659
0.99605735 -0.00024280
0.99698048 -0.00018626
0.99778098 -0.00013708
0.99845867 -0.00009533
0.99901336 -0.00006108
0.99944494 -0.00003438
0.99975328 -0.00001528
0.99993832 -0.00000381
1.00000000 0.00000001
