sample_1414
1.00000000 0.00000001
0.99993832 0.00000728
0.99975328 0.00002909
0.99944494 0.00006543
0.99901336 0.00011631
0.99845867 0.00018173
0.99778098 0.00026170
0.99698048 0.00035623
0.99605735 0.00046532
0.99501183 0.00058898
0.99384417 0.00072722
0.99255466 0.00088006
0.99114363 0.00104751
0.98961141 0.00122960
0.98795838 0.00142633
0.98618496 0.00163774
0.98429158 0.00186386
0.98227871 0.00210471
0.98014684 0.00236033
0.97789651 0.00263076
0.97552826 0.00291605
0.97304268 0.00321624
0.97044038 0.00353138
0.96772202 0.00386154
0.96488824 0.00420678
0.96193977 0.00456717
0.95887731 0.00494277
0.95570164 0.00533368
0.95241353 0.00573997
0.94901379 0.00616173
0.94550326 0.00659906
0.94188282 0.00705206
0.93815334 0.00752083
0.93431576 0.00800547
0.93037101 0.00850610
0.92632008 0.00902283
0.92216396 0.00955578
0.91790368 0.01010506
0.91354029 0.01067079
0.90907486 0.01125309
0.90450850 0.01185208
0.89984233 0.01246788
0.89507751 0.01310059
0.89021520 0.01375033
0.88525662 0.01441720
0.88020298 0.01510129
0.87505553 0.01580271
0.86981555 0.01652152
0.86448431 0.01725780
0.85906315 0.01801160
0.85355339 0.01878296
0.84795640 0.01957192
0.84227355 0.02037848
0.83650626 0.02120264
0.83065593 0.02204436
0.82472402 0.02290359
0.81871199 0.02378025
0.81262133 0.02467425
0.80645353 0.02558544
0.80021011 0.02651368
0.79389263 0.02745877
0.78750263 0.02842049
0.78104169 0.02939857
0.77451141 0.03039273
0.76791340 0.03140263
0.76124928 0.03242790
0.75452071 0.03346813
0.74772933 0.03452286
0.74087684 0.03559161
0.73396491 0.03667383
0.72699525 0.03776893
0.71996958 0.03887630
0.71288965 0.03999525
0.70575718 0.04112507
0.69857395 0.04226498
0.69134172 0.04341418
0.68406228 0.04457179
0.67673742 0.04573692
0.66936896 0.04690861
0.66195871 0.04808586
0.65450850 0.04926762
0.64702016 0.05045280
0.63949555 0.05164028
0.63193652 0.05282888
0.62434494 0.05401738
0.61672268 0.05520454
0.60907162 0.05638907
0.60139365 0.05756963
0.59369066 0.05874489
0.58596455 0.05991344
0.57821723 0.06107389
0.57045062 0.06222479
0.56266662 0.06336468
0.55486716 0.06449209
0.54705416 0.06560553
0.53922955 0.06670348
0.53139526 0.06778443
0.52355323 0.06884687
0.51570538 0.06988928
0.50785366 0.07091012
0.50000000 0.07190790
0.49214634 0.07288111
0.48429462 0.07382825
0.47644677 0.07474785
0.46860474 0.07563846
0.46077045 0.07649866
0.45294584 0.07732704
0.44513284 0.07812223
0.43733338 0.07888291
0.42954938 0.07960779
0.42178277 0.08029561
0.41403545 0.08094518
0.40630934 0.08155535
0.39860635 0.08212502
0.39092838 0.08265314
0.38327732 0.08313875
0.37565506 0.08358092
0.36806348 0.08397880
0.36050445 0.08433159
0.35297984 0.08463859
0.34549150 0.08489914
0.33804129 0.08511268
0.33063104 0.08527870
0.32326258 0.08539679
0.31593772 0.08546659
0.30865828 0.08548784
0.30142605 0.08546034
0.29424282 0.08538399
0.28711035 0.08525876
0.28003042 0.08508468
0.27300475 0.08486188
0.26603509 0.08459057
0.25912316 0.08427101
0.25227067 0.08390356
0.24547929 0.08348865
0.23875072 0.08302676
0.23208660 0.08251847
0.22548859 0.08196440
0.21895831 0.08136527
0.21249737 0.08072183
0.20610737 0.08003489
0.19978989 0.07930535
0.19354647 0.07853413
0.18737867 0.07772222
0.18128801 0.07687064
0.17527598 0.07598048
0.16934407 0.07505284
0.16349374 0.07408888
0.15772645 0.07308978
0.15204360 0.07205676
0.14644661 0.07099104
0.14093685 0.06989390
0.13551569 0.06876660
0.13018445 0.06761043
0.12494447 0.06642669
0.11979702 0.06521668
0.11474338 0.06398171
0.10978480 0.06272307
0.10492249 0.06144205
0.10015767 0.06013995
0.09549150 0.05881803
0.09092514 0.05747753
0.08645971 0.05611970
0.08209632 0.05474574
0.07783604 0.05335683
0.07367992 0.05195412
0.06962899 0.05053873
0.06568424 0.04911174
0.06184666 0.04767419
0.05811718 0.04622710
0.05449674 0.04477143
0.05098621 0.04330809
0.04758647 0.04183796
0.04429836 0.04036188
0.04112269 0.03888062
0.03806023 0.03739492
0.03511176 0.03590546
0.03227798 0.03441288
0.02955962 0.03291778
0.02695732 0.03142067
0.02447174 0.02992206
0.02210349 0.02842239
0.01985316 0.02692204
0.01772129 0.02542136
0.01570842 0.02392065
0.01381504 0.02242017
0.01204162 0.02092013
0.01038859 0.01942070
0.00885637 0.01792201
0.00744534 0.01642415
0.00615583 0.01492720
0.00498817 0.01343116
0.00394265 0.01193604
0.00301952 0.01044181
0.00221902 0.00894841
0.00154133 0.00745577
0.00098664 0.00596378
0.00055506 0.00447234
0.00024672 0.00298132
0.00006168 0.00149059
0.00000000 0.00000000
0.00006168 -0.00016632
0.00024672 -0.00033221
0.00055506 -0.00049721
0.00098664 -0.00066089
0.00154133 -0.00082283
0.00221902 -0.00098260
0.00301952 -0.00113978
0.00394265 -0.00129397
0.00498817 -0.00144477
0.00615583 -0.00159180
0.00744534 -0.00173471
0.00885637 -0.00187313
0.01038859 -0.00200673
0.01204162 -0.00213520
0.01381504 -0.00225824
0.01570842 -0.00237557
0.01772129 -0.00248693
0.01985316 -0.00259210
0.02210349 -0.00269085
0.02447174 -0.00278300
0.02695732 -0.00286837
0.02955962 -0.00294683
0.03227798 -0.00301823
0.03511176 -0.00308250
0.03806023 -0.00313953
0.04112269 -0.00318929
0.04429836 -0.00323172
0.04758647 -0.00326683
0.05098621 -0.00329462
0.05449674 -0.00331511
0.05811718 -0.00332835
0.06184666 -0.00333441
0.06568424 -0.00333337
0.06962899 -0.00332534
0.07367992 -0.00331042
0.07783604 -0.00328876
0.08209632 -0.00326049
0.08645971 -0.00322578
0.09092514 -0.00318480
0.09549150 -0.00313773
0.10015767 -0.00308477
0.10492249 -0.00302612
0.10978480 -0.00296200
0.11474338 -0.00289261
0.11979702 -0.00281819
0.12494447 -0.00273897
0.13018445 -0.00265519
0.13551569 -0.00256709
0.14093685 -0.00247491
0.14644661 -0.00237891
0.15204360 -0.00227933
0.15772645 -0.00217643
0.16349374 -0.00207046
0.16934407 -0.00196169
0.17527598 -0.00185036
0.18128801 -0.00173674
0.18737867 -0.00162108
0.19354647 -0.00150365
0.19978989 -0.00138469
0.20610737 -0.00126448
0.21249737 -0.00114326
0.21895831 -0.00102129
0.22548859 -0.00089883
0.23208660 -0.00077614
0.23875072 -0.00065347
0.24547929 -0.00053108
0.25227067 -0.00040922
0.25912316 -0.00028814
0.26603509 -0.00016810
0.27300475 -0.00004934
0.28003042 0.00006788
0.28711035 0.00018331
0.29424282 0.00029672
0.30142605 0.00040785
0.30865828 0.00051646
0.31593772 0.00062232
0.32326258 0.00072518
0.33063104 0.00082481
0.33804129 0.00092099
0.34549150 0.00101349
0.35297984 0.00110208
0.36050445 0.00118656
0.36806348 0.00126671
0.37565506 0.00134234
0.38327732 0.00141326
0.39092838 0.00147927
0.39860635 0.00154020
0.40630934 0.00159590
0.41403545 0.00164620
0.42178277 0.00169097
0.42954938 0.00173007
0.43733338 0.00176340
0.44513284 0.00179084
0.45294584 0.00181232
0.46077045 0.00182777
0.46860474 0.00183712
0.47644677 0.00184036
0.48429462 0.00183746
0.49214634 0.00182841
0.50000000 0.00181325
0.50785366 0.00179201
0.51570538 0.00176475
0.52355323 0.00173155
0.53139526 0.00169250
0.53922955 0.00164773
0.54705416 0.00159739
0.55486716 0.00154161
0.56266662 0.00148060
0.57045062 0.00141453
0.57821723 0.00134364
0.58596455 0.00126815
0.59369066 0.00118832
0.60139365 0.00110441
0.60907162 0.00101671
0.61672268 0.00092553
0.62434494 0.00083116
0.63193652 0.00073394
0.63949555 0.00063420
0.64702016 0.00053229
0.65450850 0.00042856
0.66195871 0.00032336
0.66936896 0.00021708
0.67673742 0.00011007
0.68406228 0.00000270
0.69134172 -0.00010465
0.69857395 -0.00021162
0.70575718 -0.00031783
0.71288965 -0.00042293
0.71996958 -0.00052656
0.72699525 -0.00062838
0.73396491 -0.00072803
0.74087684 -0.00082520
0.74772933 -0.00091957
0.75452071 -0.00101084
0.76124928 -0.00109872
0.76791340 -0.00118294
0.77451141 -0.00126325
0.78104169 -0.00133941
0.78750263 -0.00141121
0.79389263 -0.00147844
0.80021011 -0.00154095
0.80645353 -0.00159856
0.81262133 -0.00165116
0.81871199 -0.00169863
0.82472402 -0.00174088
0.83065593 -0.00177785
0.83650626 -0.00180950
0.84227355 -0.00183581
0.84795640 -0.00185677
0.85355339 -0.00187243
0.85906315 -0.00188281
0.86448431 -0.00188799
0.86981555 -0.00188805
0.87505553 -0.00188310
0.88020298 -0.00187327
0.88525662 -0.00185870
0.89021520 -0.00183954
0.89507751 -0.00181598
0.89984233 -0.00178819
0.90450850 -0.00175640
0.90907486 -0.00172080
0.91354029 -0.00168164
0.91790368 -0.00163914
0.92216396 -0.00159356
0.92632008 -0.00154514
0.93037101 -0.00149415
0.93431576 -0.00144085
0.93815334 -0.00138552
0.94188282 -0.00132842
0.94550326 -0.00126982
0.94901379 -0.00121001
0.95241353 -0.00114926
0.95570164 -0.00108783
0.95887731 -0.00102600
0.96193977 -0.00096404
0.96488824 -0.00090221
0.96772202 -0.00084076
0.97044038 -0.00077995
0.97304268 -0.00072002
0.97552826 -0.00066120
0.97789651 -0.00060373
0.98014684 -0.00054783
0.98227871 -0.00049371
0.98429158 -0.00044157
0.98618496 -0.00039160
0.98795838 -0.00034399
0.98961141 -0.00029890
0.99114363 -0.00025651
0.99255466 -0.00021694
0.99384417 -0.00018035
0.99501183 -0.00014686
0.99605735 -0.00011659
0.99698048 -0.00008963
0.99778098 -0.00006609
0.99845867 -0.00004603
0.99901336 -0.00002953
0.99944494 -0.00001664
0.99975328 -0.00000740
0.99993832 -0.00000184
1.00000000 0.00000001
