sample_713
1.00000000 0.00000001
0.99993832 0.00001318
0.99975328 0.00005267
0.99944494 0.00011845
0.99901336 0.00021042
0.99845867 0.00032851
0.99778098 0.00047257
0.99698048 0.00064246
0.99605735 0.00083800
0.99501183 0.00105897
0.99384417 0.00130515
0.99255466 0.00157629
0.99114363 0.00187211
0.98961141 0.00219231
0.98795838 0.00253659
0.98618496 0.00290461
0.98429158 0.00329603
0.98227871 0.00371048
0.98014684 0.00414760
0.97789651 0.00460699
0.97552826 0.00508826
0.97304268 0.00559100
0.97044038 0.00611482
0.96772202 0.00665928
0.96488824 0.00722398
0.96193977 0.00780847
0.95887731 0.00841234
0.95570164 0.00903516
0.95241353 0.00967649
0.94901379 0.01033589
0.94550326 0.01101294
0.94188282 0.01170720
0.93815334 0.01241824
0.93431576 0.01314562
0.93037101 0.01388890
0.92632008 0.01464764
0.92216396 0.01542142
0.91790368 0.01620977
0.91354029 0.01701227
0.90907486 0.01782846
0.90450850 0.01865788
0.89984233 0.01950008
0.89507751 0.02035459
0.89021520 0.02122092
0.88525662 0.02209860
0.88020298 0.02298713
0.87505553 0.02388599
0.86981555 0.02479467
0.86448431 0.02571263
0.85906315 0.02663931
0.85355339 0.02757415
0.84795640 0.02851657
0.84227355 0.02946595
0.83650626 0.03042169
0.83065593 0.03138313
0.82472402 0.03234962
0.81871199 0.03332049
0.81262133 0.03429502
0.80645353 0.03527251
0.80021011 0.03625222
0.79389263 0.03723339
0.78750263 0.03821525
0.78104169 0.03919702
0.77451141 0.04017790
0.76791340 0.04115706
0.76124928 0.04213368
0.75452071 0.04310692
0.74772933 0.04407593
0.74087684 0.04503986
0.73396491 0.04599785
0.72699525 0.04694903
0.71996958 0.04789255
0.71288965 0.04882754
0.70575718 0.04975315
0.69857395 0.05066853
0.69134172 0.05157284
0.68406228 0.05246525
0.67673742 0.05334494
0.66936896 0.05421113
0.66195871 0.05506303
0.65450850 0.05589988
0.64702016 0.05672094
0.63949555 0.05752550
0.63193652 0.05831288
0.62434494 0.05908241
0.61672268 0.05983346
0.60907162 0.06056544
0.60139365 0.06127775
0.59369066 0.06196988
0.58596455 0.06264130
0.57821723 0.06329154
0.57045062 0.06392014
0.56266662 0.06452670
0.55486716 0.06511083
0.54705416 0.06567217
0.53922955 0.06621038
0.53139526 0.06672518
0.52355323 0.06721628
0.51570538 0.06768343
0.50785366 0.06812641
0.50000000 0.06854501
0.49214634 0.06893904
0.48429462 0.06930834
0.47644677 0.06965273
0.46860474 0.06997209
0.46077045 0.07026628
0.45294584 0.07053518
0.44513284 0.07077866
0.43733338 0.07099662
0.42954938 0.07118895
0.42178277 0.07135555
0.41403545 0.07149629
0.40630934 0.07161108
0.39860635 0.07169979
0.39092838 0.07176232
0.38327732 0.07179854
0.37565506 0.07180832
0.36806348 0.07179153
0.36050445 0.07174803
0.35297984 0.07167767
0.34549150 0.07158032
0.33804129 0.07145580
0.33063104 0.07130398
0.32326258 0.07112468
0.31593772 0.07091776
0.30865828 0.07068305
0.30142605 0.07042040
0.29424282 0.07012967
0.28711035 0.06981072
0.28003042 0.06946343
0.27300475 0.06908767
0.26603509 0.06868336
0.25912316 0.06825042
0.25227067 0.06778880
0.24547929 0.06729847
0.23875072 0.06677944
0.23208660 0.06623175
0.22548859 0.06565546
0.21895831 0.06505068
0.21249737 0.06441757
0.20610737 0.06375633
0.19978989 0.06306719
0.19354647 0.06235044
0.18737867 0.06160642
0.18128801 0.06083553
0.17527598 0.06003819
0.16934407 0.05921492
0.16349374 0.05836627
0.15772645 0.05749282
0.15204360 0.05659525
0.14644661 0.05567427
0.14093685 0.05473064
0.13551569 0.05376517
0.13018445 0.05277872
0.12494447 0.05177220
0.11979702 0.05074656
0.11474338 0.04970280
0.10978480 0.04864193
0.10492249 0.04756503
0.10015767 0.04647317
0.09549150 0.04536746
0.09092514 0.04424904
0.08645971 0.04311905
0.08209632 0.04197864
0.07783604 0.04082896
0.07367992 0.03967117
0.06962899 0.03850640
0.06568424 0.03733578
0.06184666 0.03616042
0.05811718 0.03498141
0.05449674 0.03379979
0.05098621 0.03261658
0.04758647 0.03143274
0.04429836 0.03024921
0.04112269 0.02906686
0.03806023 0.02788650
0.03511176 0.02670888
0.03227798 0.02553471
0.02955962 0.02436461
0.02695732 0.02319912
0.02447174 0.02203874
0.02210349 0.02088387
0.01985316 0.01973484
0.01772129 0.01859191
0.01570842 0.01745527
0.01381504 0.01632500
0.01204162 0.01520115
0.01038859 0.01408367
0.00885637 0.01297244
0.00744534 0.01186728
0.00615583 0.01076793
0.00498817 0.00967408
0.00394265 0.00858535
0.00301952 0.00750133
0.00221902 0.00642153
0.00154133 0.00534543
0.00098664 0.00427248
0.00055506 0.00320209
0.00024672 0.00213364
0.00006168 0.00106649
0.00000000 0.00000000
0.00006168 -0.00076895
0.00024672 -0.00153765
0.00055506 -0.00230581
0.00098664 -0.00307319
0.00154133 -0.00383951
0.00221902 -0.00460451
0.00301952 -0.00536792
0.00394265 -0.00612948
0.00498817 -0.00688891
0.00615583 -0.00764593
0.00744534 -0.00840027
0.00885637 -0.00915166
0.01038859 -0.00989979
0.01204162 -0.01064440
0.01381504 -0.01138519
0.01570842 -0.01212185
0.01772129 -0.01285409
0.01985316 -0.01358161
0.02210349 -0.01430409
0.02447174 -0.01502121
0.02695732 -0.01573264
0.02955962 -0.01643807
0.03227798 -0.01713714
0.03511176 -0.01782952
0.03806023 -0.01851486
0.04112269 -0.01919280
0.04429836 -0.01986296
0.04758647 -0.02052499
0.05098621 -0.02117849
0.05449674 -0.02182308
0.05811718 -0.02245837
0.06184666 -0.02308396
0.06568424 -0.02369943
0.06962899 -0.02430438
0.07367992 -0.02489837
0.07783604 -0.02548100
0.08209632 -0.02605183
0.08645971 -0.02661042
0.09092514 -0.02715634
0.09549150 -0.02768915
0.10015767 -0.02820841
0.10492249 -0.02871367
0.10978480 -0.02920451
0.11474338 -0.02968048
0.11979702 -0.03014114
0.12494447 -0.03058607
0.13018445 -0.03101485
0.13551569 -0.03142705
0.14093685 -0.03182227
0.14644661 -0.03220011
0.15204360 -0.03256018
0.15772645 -0.03290213
0.16349374 -0.03322558
0.16934407 -0.03353020
0.17527598 -0.03381566
0.18128801 -0.03408168
0.18737867 -0.03432795
0.19354647 -0.03455424
0.19978989 -0.03476030
0.20610737 -0.03494594
0.21249737 -0.03511095
0.21895831 -0.03525521
0.22548859 -0.03537858
0.23208660 -0.03548096
0.23875072 -0.03556231
0.24547929 -0.03562258
0.25227067 -0.03566178
0.25912316 -0.03567995
0.26603509 -0.03567715
0.27300475 -0.03565349
0.28003042 -0.03560910
0.28711035 -0.03554415
0.29424282 -0.03545884
0.30142605 -0.03535341
0.30865828 -0.03522812
0.31593772 -0.03508327
0.32326258 -0.03491919
0.33063104 -0.03473623
0.33804129 -0.03453479
0.34549150 -0.03431527
0.35297984 -0.03407811
0.36050445 -0.03382378
0.36806348 -0.03355276
0.37565506 -0.03326555
0.38327732 -0.03296268
0.39092838 -0.03264469
0.39860635 -0.03231214
0.40630934 -0.03196558
0.41403545 -0.03160562
0.42178277 -0.03123282
0.42954938 -0.03084780
0.43733338 -0.03045115
0.44513284 -0.03004348
0.45294584 -0.02962539
0.46077045 -0.02919749
0.46860474 -0.02876038
0.47644677 -0.02831467
0.48429462 -0.02786095
0.49214634 -0.02739980
0.50000000 -0.02693180
0.50785366 -0.02645753
0.51570538 -0.02597754
0.52355323 -0.02549239
0.53139526 -0.02500259
0.53922955 -0.02450869
0.54705416 -0.02401118
0.55486716 -0.02351056
0.56266662 -0.02300730
0.57045062 -0.02250188
0.57821723 -0.02199474
0.58596455 -0.02148631
0.59369066 -0.02097703
0.60139365 -0.02046729
0.60907162 -0.01995749
0.61672268 -0.01944801
0.62434494 -0.01893923
0.63193652 -0.01843149
0.63949555 -0.01792515
0.64702016 -0.01742054
0.65450850 -0.01691800
0.66195871 -0.01641784
0.66936896 -0.01592038
0.67673742 -0.01542592
0.68406228 -0.01493477
0.69134172 -0.01444723
0.69857395 -0.01396359
0.70575718 -0.01348414
0.71288965 -0.01300917
0.71996958 -0.01253898
0.72699525 -0.01207384
0.73396491 -0.01161406
0.74087684 -0.01115990
0.74772933 -0.01071166
0.75452071 -0.01026964
0.76124928 -0.00983410
0.76791340 -0.00940534
0.77451141 -0.00898365
0.78104169 -0.00856931
0.78750263 -0.00816260
0.79389263 -0.00776381
0.80021011 -0.00737321
0.80645353 -0.00699107
0.81262133 -0.00661766
0.81871199 -0.00625325
0.82472402 -0.00589808
0.83065593 -0.00555241
0.83650626 -0.00521647
0.84227355 -0.00489048
0.84795640 -0.00457464
0.85355339 -0.00426916
0.85906315 -0.00397422
0.86448431 -0.00368996
0.86981555 -0.00341655
0.87505553 -0.00315409
0.88020298 -0.00290268
0.88525662 -0.00266241
0.89021520 -0.00243331
0.89507751 -0.00221543
0.89984233 -0.00200874
0.90450850 -0.00181324
0.90907486 -0.00162886
0.91354029 -0.00145552
0.91790368 -0.00129310
0.92216396 -0.00114146
0.92632008 -0.00100043
0.93037101 -0.00086981
0.93431576 -0.00074937
0.93815334 -0.00063885
0.94188282 -0.00053798
0.94550326 -0.00044644
0.94901379 -0.00036391
0.95241353 -0.00029002
0.95570164 -0.00022439
0.95887731 -0.00016663
0.96193977 -0.00011633
0.96488824 -0.00007306
0.96772202 -0.00003636
0.97044038 -0.00000579
0.97304268 0.00001912
0.97552826 0.00003883
0.97789651 0.00005383
0.98014684 0.00006457
0.98227871 0.00007154
0.98429158 0.00007519
0.98618496 0.00007598
0.98795838 0.00007436
0.98961141 0.00007076
0.99114363 0.00006560
0.99255466 0.00005926
0.99384417 0.00005213
0.99501183 0.00004456
0.99605735 0.00003688
0.99698048 0.00002937
0.99778098 0.00002230
0.99845867 0.00001592
0.99901336 0.00001042
0.99944494 0.00000597
0.99975328 0.00000269
0.99993832 0.00000069
1.00000000 0.00000001
