sample_272
1.00000000 0.00000001
0.99993832 0.00001152
0.99975328 0.00004602
0.99944494 0.00010343
0.99901336 0.00018363
0.99845867 0.00028646
0.99778098 0.00041169
0.99698048 0.00055906
0.99605735 0.00072827
0.99501183 0.00091897
0.99384417 0.00113080
0.99255466 0.00136332
0.99114363 0.00161609
0.98961141 0.00188864
0.98795838 0.00218048
0.98618496 0.00249109
0.98429158 0.00281995
0.98227871 0.00316650
0.98014684 0.00353021
0.97789651 0.00391052
0.97552826 0.00430689
0.97304268 0.00471878
0.97044038 0.00514567
0.96772202 0.00558703
0.96488824 0.00604238
0.96193977 0.00651124
0.95887731 0.00699317
0.95570164 0.00748776
0.95241353 0.00799462
0.94901379 0.00851341
0.94550326 0.00904382
0.94188282 0.00958558
0.93815334 0.01013847
0.93431576 0.01070231
0.93037101 0.01127694
0.92632008 0.01186229
0.92216396 0.01245830
0.91790368 0.01306496
0.91354029 0.01368231
0.90907486 0.01431043
0.90450850 0.01494943
0.89984233 0.01559947
0.89507751 0.01626075
0.89021520 0.01693348
0.88525662 0.01761792
0.88020298 0.01831436
0.87505553 0.01902308
0.86981555 0.01974442
0.86448431 0.02047870
0.85906315 0.02122626
0.85355339 0.02198745
0.84795640 0.02276262
0.84227355 0.02355210
0.83650626 0.02435622
0.83065593 0.02517528
0.82472402 0.02600959
0.81871199 0.02685938
0.81262133 0.02772491
0.80645353 0.02860635
0.80021011 0.02950386
0.79389263 0.03041754
0.78750263 0.03134743
0.78104169 0.03229354
0.77451141 0.03325580
0.76791340 0.03423408
0.76124928 0.03522818
0.75452071 0.03623783
0.74772933 0.03726271
0.74087684 0.03830238
0.73396491 0.03935636
0.72699525 0.04042409
0.71996958 0.04150490
0.71288965 0.04259806
0.70575718 0.04370277
0.69857395 0.04481812
0.69134172 0.04594315
0.68406228 0.04707679
0.67673742 0.04821793
0.66936896 0.04936534
0.66195871 0.05051776
0.65450850 0.05167383
0.64702016 0.05283212
0.63949555 0.05399117
0.63193652 0.05514941
0.62434494 0.05630524
0.61672268 0.05745703
0.60907162 0.05860305
0.60139365 0.05974158
0.59369066 0.06087082
0.58596455 0.06198896
0.57821723 0.06309416
0.57045062 0.06418456
0.56266662 0.06525829
0.55486716 0.06631344
0.54705416 0.06734813
0.53922955 0.06836048
0.53139526 0.06934860
0.52355323 0.07031062
0.51570538 0.07124470
0.50785366 0.07214901
0.50000000 0.07302177
0.49214634 0.07386122
0.48429462 0.07466566
0.47644677 0.07543341
0.46860474 0.07616288
0.46077045 0.07685250
0.45294584 0.07750079
0.44513284 0.07810634
0.43733338 0.07866778
0.42954938 0.07918385
0.42178277 0.07965335
0.41403545 0.08007517
0.40630934 0.08044829
0.39860635 0.08077177
0.39092838 0.08104476
0.38327732 0.08126653
0.37565506 0.08143642
0.36806348 0.08155387
0.36050445 0.08161844
0.35297984 0.08162977
0.34549150 0.08158763
0.33804129 0.08149185
0.33063104 0.08134241
0.32326258 0.08113937
0.31593772 0.08088289
0.30865828 0.08057325
0.30142605 0.08021082
0.29424282 0.07979607
0.28711035 0.07932959
0.28003042 0.07881204
0.27300475 0.07824420
0.26603509 0.07762693
0.25912316 0.07696120
0.25227067 0.07624805
0.24547929 0.07548863
0.23875072 0.07468414
0.23208660 0.07383589
0.22548859 0.07294527
0.21895831 0.07201372
0.21249737 0.07104276
0.20610737 0.07003398
0.19978989 0.06898902
0.19354647 0.06790960
0.18737867 0.06679747
0.18128801 0.06565442
0.17527598 0.06448230
0.16934407 0.06328299
0.16349374 0.06205839
0.15772645 0.06081045
0.15204360 0.05954111
0.14644661 0.05825235
0.14093685 0.05694613
0.13551569 0.05562445
0.13018445 0.05428926
0.12494447 0.05294253
0.11979702 0.05158622
0.11474338 0.05022224
0.10978480 0.04885250
0.10492249 0.04747885
0.10015767 0.04610313
0.09549150 0.04472712
0.09092514 0.04335254
0.08645971 0.04198107
0.08209632 0.04061431
0.07783604 0.03925381
0.07367992 0.03790106
0.06962899 0.03655743
0.06568424 0.03522425
0.06184666 0.03390275
0.05811718 0.03259408
0.05449674 0.03129927
0.05098621 0.03001930
0.04758647 0.02875501
0.04429836 0.02750717
0.04112269 0.02627642
0.03806023 0.02506332
0.03511176 0.02386831
0.03227798 0.02269173
0.02955962 0.02153381
0.02695732 0.02039466
0.02447174 0.01927432
0.02210349 0.01817269
0.01985316 0.01708958
0.01772129 0.01602470
0.01570842 0.01497765
0.01381504 0.01394795
0.01204162 0.01293500
0.01038859 0.01193813
0.00885637 0.01095659
0.00744534 0.00998952
0.00615583 0.00903601
0.00498817 0.00809507
0.00394265 0.00716563
0.00301952 0.00624658
0.00221902 0.00533673
0.00154133 0.00443488
0.00098664 0.00353974
0.00055506 0.00265003
0.00024672 0.00176440
0.00006168 0.00088151
0.00000000 0.00000000
0.00006168 -0.00090833
0.00024672 -0.00181560
0.00055506 -0.00272075
0.00098664 -0.00362272
0.00154133 -0.00452047
0.00221902 -0.00541296
0.00301952 -0.00629915
0.00394265 -0.00717802
0.00498817 -0.00804858
0.00615583 -0.00890984
0.00744534 -0.00976083
0.00885637 -0.01060061
0.01038859 -0.01142824
0.01204162 -0.01224283
0.01381504 -0.01304352
0.01570842 -0.01382944
0.01772129 -0.01459980
0.01985316 -0.01535380
0.02210349 -0.01609071
0.02447174 -0.01680981
0.02695732 -0.01751042
0.02955962 -0.01819192
0.03227798 -0.01885370
0.03511176 -0.01949522
0.03806023 -0.02011596
0.04112269 -0.02071547
0.04429836 -0.02129331
0.04758647 -0.02184913
0.05098621 -0.02238258
0.05449674 -0.02289340
0.05811718 -0.02338135
0.06184666 -0.02384625
0.06568424 -0.02428797
0.06962899 -0.02470643
0.07367992 -0.02510158
0.07783604 -0.02547343
0.08209632 -0.02582205
0.08645971 -0.02614754
0.09092514 -0.02645006
0.09549150 -0.02672978
0.10015767 -0.02698696
0.10492249 -0.02722186
0.10978480 -0.02743482
0.11474338 -0.02762617
0.11979702 -0.02779632
0.12494447 -0.02794568
0.13018445 -0.02807472
0.13551569 -0.02818390
0.14093685 -0.02827375
0.14644661 -0.02834479
0.15204360 -0.02839757
0.15772645 -0.02843266
0.16349374 -0.02845064
0.16934407 -0.02845210
0.17527598 -0.02843764
0.18128801 -0.02840787
0.18737867 -0.02836338
0.19354647 -0.02830478
0.19978989 -0.02823268
0.20610737 -0.02814766
0.21249737 -0.02805031
0.21895831 -0.02794119
0.22548859 -0.02782085
0.23208660 -0.02768984
0.23875072 -0.02754866
0.24547929 -0.02739781
0.25227067 -0.02723775
0.25912316 -0.02706894
0.26603509 -0.02689178
0.27300475 -0.02670666
0.28003042 -0.02651394
0.28711035 -0.02631395
0.29424282 -0.02610699
0.30142605 -0.02589333
0.30865828 -0.02567320
0.31593772 -0.02544682
0.32326258 -0.02521436
0.33063104 -0.02497598
0.33804129 -0.02473179
0.34549150 -0.02448191
0.35297984 -0.02422639
0.36050445 -0.02396531
0.36806348 -0.02369868
0.37565506 -0.02342652
0.38327732 -0.02314883
0.39092838 -0.02286560
0.39860635 -0.02257680
0.40630934 -0.02228240
0.41403545 -0.02198236
0.42178277 -0.02167663
0.42954938 -0.02136519
0.43733338 -0.02104798
0.44513284 -0.02072499
0.45294584 -0.02039618
0.46077045 -0.02006155
0.46860474 -0.01972110
0.47644677 -0.01937485
0.48429462 -0.01902284
0.49214634 -0.01866513
0.50000000 -0.01830179
0.50785366 -0.01793294
0.51570538 -0.01755871
0.52355323 -0.01717926
0.53139526 -0.01679478
0.53922955 -0.01640548
0.54705416 -0.01601162
0.55486716 -0.01561347
0.56266662 -0.01521133
0.57045062 -0.01480556
0.57821723 -0.01439650
0.58596455 -0.01398457
0.59369066 -0.01357018
0.60139365 -0.01315377
0.60907162 -0.01273583
0.61672268 -0.01231685
0.62434494 -0.01189735
0.63193652 -0.01147786
0.63949555 -0.01105893
0.64702016 -0.01064113
0.65450850 -0.01022503
0.66195871 -0.00981122
0.66936896 -0.00940028
0.67673742 -0.00899280
0.68406228 -0.00858938
0.69134172 -0.00819060
0.69857395 -0.00779703
0.70575718 -0.00740925
0.71288965 -0.00702781
0.71996958 -0.00665324
0.72699525 -0.00628607
0.73396491 -0.00592680
0.74087684 -0.00557589
0.74772933 -0.00523380
0.75452071 -0.00490094
0.76124928 -0.00457770
0.76791340 -0.00426443
0.77451141 -0.00396145
0.78104169 -0.00366905
0.78750263 -0.00338746
0.79389263 -0.00311691
0.80021011 -0.00285755
0.80645353 -0.00260952
0.81262133 -0.00237290
0.81871199 -0.00214776
0.82472402 -0.00193410
0.83065593 -0.00173190
0.83650626 -0.00154110
0.84227355 -0.00136159
0.84795640 -0.00119325
0.85355339 -0.00103590
0.85906315 -0.00088935
0.86448431 -0.00075336
0.86981555 -0.00062768
0.87505553 -0.00051203
0.88020298 -0.00040610
0.88525662 -0.00030955
0.89021520 -0.00022204
0.89507751 -0.00014320
0.89984233 -0.00007266
0.90450850 -0.00001002
0.90907486 0.00004513
0.91354029 0.00009318
0.91790368 0.00013455
0.92216396 0.00016966
0.92632008 0.00019892
0.93037101 0.00022274
0.93431576 0.00024154
0.93815334 0.00025572
0.94188282 0.00026567
0.94550326 0.00027178
0.94901379 0.00027443
0.95241353 0.00027398
0.95570164 0.00027077
0.95887731 0.00026515
0.96193977 0.00025743
0.96488824 0.00024793
0.96772202 0.00023692
0.97044038 0.00022469
0.97304268 0.00021148
0.97552826 0.00019754
0.97789651 0.00018309
0.98014684 0.00016833
0.98227871 0.00015345
0.98429158 0.00013864
0.98618496 0.00012403
0.98795838 0.00010979
0.98961141 0.00009604
0.99114363 0.00008289
0.99255466 0.00007046
0.99384417 0.00005883
0.99501183 0.00004808
0.99605735 0.00003829
0.99698048 0.00002952
0.99778098 0.00002181
0.99845867 0.00001523
0.99901336 0.00000979
0.99944494 0.00000553
0.99975328 0.00000247
0.99993832 0.00000063
1.00000000 0.00000001
