sample_814
1.00000000 0.00000001
0.99993832 0.00001262
0.99975328 0.00005043
0.99944494 0.00011342
0.99901336 0.00020156
0.99845867 0.00031479
0.99778098 0.00045304
0.99698048 0.00061625
0.99605735 0.00080430
0.99501183 0.00101709
0.99384417 0.00125450
0.99255466 0.00151638
0.99114363 0.00180260
0.98961141 0.00211298
0.98795838 0.00244734
0.98618496 0.00280549
0.98429158 0.00318724
0.98227871 0.00359236
0.98014684 0.00402062
0.97789651 0.00447180
0.97552826 0.00494563
0.97304268 0.00544187
0.97044038 0.00596023
0.96772202 0.00650043
0.96488824 0.00706219
0.96193977 0.00764521
0.95887731 0.00824918
0.95570164 0.00887379
0.95241353 0.00951871
0.94901379 0.01018361
0.94550326 0.01086815
0.94188282 0.01157200
0.93815334 0.01229481
0.93431576 0.01303621
0.93037101 0.01379586
0.92632008 0.01457339
0.92216396 0.01536843
0.91790368 0.01618061
0.91354029 0.01700956
0.90907486 0.01785489
0.90450850 0.01871622
0.89984233 0.01959318
0.89507751 0.02048536
0.89021520 0.02139237
0.88525662 0.02231382
0.88020298 0.02324931
0.87505553 0.02419843
0.86981555 0.02516077
0.86448431 0.02613591
0.85906315 0.02712345
0.85355339 0.02812295
0.84795640 0.02913397
0.84227355 0.03015609
0.83650626 0.03118885
0.83065593 0.03223179
0.82472402 0.03328444
0.81871199 0.03434634
0.81262133 0.03541699
0.80645353 0.03649588
0.80021011 0.03758249
0.79389263 0.03867631
0.78750263 0.03977676
0.78104169 0.04088330
0.77451141 0.04199533
0.76791340 0.04311224
0.76124928 0.04423341
0.75452071 0.04535818
0.74772933 0.04648589
0.74087684 0.04761583
0.73396491 0.04874728
0.72699525 0.04987949
0.71996958 0.05101168
0.71288965 0.05214304
0.70575718 0.05327273
0.69857395 0.05439990
0.69134172 0.05552364
0.68406228 0.05664303
0.67673742 0.05775711
0.66936896 0.05886491
0.66195871 0.05996540
0.65450850 0.06105755
0.64702016 0.06214027
0.63949555 0.06321247
0.63193652 0.06427303
0.62434494 0.06532079
0.61672268 0.06635458
0.60907162 0.06737319
0.60139365 0.06837542
0.59369066 0.06936002
0.58596455 0.07032575
0.57821723 0.07127134
0.57045062 0.07219551
0.56266662 0.07309698
0.55486716 0.07397446
0.54705416 0.07482667
0.53922955 0.07565231
0.53139526 0.07645011
0.52355323 0.07721880
0.51570538 0.07795710
0.50785366 0.07866378
0.50000000 0.07933762
0.49214634 0.07997742
0.48429462 0.08058201
0.47644677 0.08115025
0.46860474 0.08168105
0.46077045 0.08217334
0.45294584 0.08262611
0.44513284 0.08303839
0.43733338 0.08340927
0.42954938 0.08373790
0.42178277 0.08402347
0.41403545 0.08426524
0.40630934 0.08446256
0.39860635 0.08461481
0.39092838 0.08472147
0.38327732 0.08478209
0.37565506 0.08479629
0.36806348 0.08476377
0.36050445 0.08468431
0.35297984 0.08455779
0.34549150 0.08438413
0.33804129 0.08416339
0.33063104 0.08389567
0.32326258 0.08358118
0.31593772 0.08322021
0.30865828 0.08281313
0.30142605 0.08236039
0.29424282 0.08186253
0.28711035 0.08132019
0.28003042 0.08073404
0.27300475 0.08010489
0.26603509 0.07943357
0.25912316 0.07872102
0.25227067 0.07796824
0.24547929 0.07717628
0.23875072 0.07634628
0.23208660 0.07547943
0.22548859 0.07457697
0.21895831 0.07364019
0.21249737 0.07267044
0.20610737 0.07166911
0.19978989 0.07063763
0.19354647 0.06957745
0.18737867 0.06849006
0.18128801 0.06737698
0.17527598 0.06623974
0.16934407 0.06507989
0.16349374 0.06389899
0.15772645 0.06269860
0.15204360 0.06148028
0.14644661 0.06024559
0.14093685 0.05899608
0.13551569 0.05773328
0.13018445 0.05645871
0.12494447 0.05517385
0.11979702 0.05388017
0.11474338 0.05257909
0.10978480 0.05127202
0.10492249 0.04996030
0.10015767 0.04864524
0.09549150 0.04732812
0.09092514 0.04601014
0.08645971 0.04469246
0.08209632 0.04337620
0.07783604 0.04206239
0.07367992 0.04075203
0.06962899 0.03944605
0.06568424 0.03814529
0.06184666 0.03685057
0.05811718 0.03556261
0.05449674 0.03428208
0.05098621 0.03300957
0.04758647 0.03174561
0.04429836 0.03049066
0.04112269 0.02924512
0.03806023 0.02800930
0.03511176 0.02678347
0.03227798 0.02556782
0.02955962 0.02436246
0.02695732 0.02316747
0.02447174 0.02198285
0.02210349 0.02080852
0.01985316 0.01964438
0.01772129 0.01849024
0.01570842 0.01734586
0.01381504 0.01621097
0.01204162 0.01508523
0.01038859 0.01396824
0.00885637 0.01285958
0.00744534 0.01175878
0.00615583 0.01066533
0.00498817 0.00957868
0.00394265 0.00849823
0.00301952 0.00742339
0.00221902 0.00635351
0.00154133 0.00528793
0.00098664 0.00422597
0.00055506 0.00316691
0.00024672 0.00211005
0.00006168 0.00105466
0.00000000 0.00000000
0.00006168 -0.00023126
0.00024672 -0.00046197
0.00055506 -0.00069160
0.00098664 -0.00091960
0.00154133 -0.00114544
0.00221902 -0.00136858
0.00301952 -0.00158852
0.00394265 -0.00180474
0.00498817 -0.00201674
0.00615583 -0.00222405
0.00744534 -0.00242618
0.00885637 -0.00262270
0.01038859 -0.00281317
0.01204162 -0.00299718
0.01381504 -0.00317433
0.01570842 -0.00334428
0.01772129 -0.00350667
0.01985316 -0.00366119
0.02210349 -0.00380758
0.02447174 -0.00394556
0.02695732 -0.00407494
0.02955962 -0.00419551
0.03227798 -0.00430714
0.03511176 -0.00440972
0.03806023 -0.00450317
0.04112269 -0.00458746
0.04429836 -0.00466259
0.04758647 -0.00472862
0.05098621 -0.00478563
0.05449674 -0.00483376
0.05811718 -0.00487319
0.06184666 -0.00490414
0.06568424 -0.00492686
0.06962899 -0.00494168
0.07367992 -0.00494893
0.07783604 -0.00494901
0.08209632 -0.00494236
0.08645971 -0.00492944
0.09092514 -0.00491077
0.09549150 -0.00488690
0.10015767 -0.00485841
0.10492249 -0.00482592
0.10978480 -0.00479008
0.11474338 -0.00475157
0.11979702 -0.00471108
0.12494447 -0.00466934
0.13018445 -0.00462709
0.13551569 -0.00458509
0.14093685 -0.00454410
0.14644661 -0.00450490
0.15204360 -0.00446828
0.15772645 -0.00443499
0.16349374 -0.00440583
0.16934407 -0.00438155
0.17527598 -0.00436289
0.18128801 -0.00435058
0.18737867 -0.00434534
0.19354647 -0.00434783
0.19978989 -0.00435871
0.20610737 -0.00437857
0.21249737 -0.00440798
0.21895831 -0.00444747
0.22548859 -0.00449751
0.23208660 -0.00455851
0.23875072 -0.00463083
0.24547929 -0.00471478
0.25227067 -0.00481059
0.25912316 -0.00491843
0.26603509 -0.00503842
0.27300475 -0.00517058
0.28003042 -0.00531487
0.28711035 -0.00547118
0.29424282 -0.00563933
0.30142605 -0.00581906
0.30865828 -0.00601003
0.31593772 -0.00621184
0.32326258 -0.00642400
0.33063104 -0.00664596
0.33804129 -0.00687711
0.34549150 -0.00711675
0.35297984 -0.00736412
0.36050445 -0.00761841
0.36806348 -0.00787876
0.37565506 -0.00814422
0.38327732 -0.00841382
0.39092838 -0.00868654
0.39860635 -0.00896130
0.40630934 -0.00923702
0.41403545 -0.00951257
0.42178277 -0.00978678
0.42954938 -0.01005849
0.43733338 -0.01032651
0.44513284 -0.01058966
0.45294584 -0.01084675
0.46077045 -0.01109659
0.46860474 -0.01133802
0.47644677 -0.01156989
0.48429462 -0.01179107
0.49214634 -0.01200048
0.50000000 -0.01219706
0.50785366 -0.01237980
0.51570538 -0.01254774
0.52355323 -0.01269998
0.53139526 -0.01283568
0.53922955 -0.01295405
0.54705416 -0.01305439
0.55486716 -0.01313606
0.56266662 -0.01319848
0.57045062 -0.01324120
0.57821723 -0.01326379
0.58596455 -0.01326596
0.59369066 -0.01324748
0.60139365 -0.01320819
0.60907162 -0.01314806
0.61672268 -0.01306713
0.62434494 -0.01296551
0.63193652 -0.01284343
0.63949555 -0.01270118
0.64702016 -0.01253916
0.65450850 -0.01235783
0.66195871 -0.01215775
0.66936896 -0.01193955
0.67673742 -0.01170393
0.68406228 -0.01145165
0.69134172 -0.01118357
0.69857395 -0.01090059
0.70575718 -0.01060365
0.71288965 -0.01029378
0.71996958 -0.00997203
0.72699525 -0.00963949
0.73396491 -0.00929731
0.74087684 -0.00894664
0.74772933 -0.00858866
0.75452071 -0.00822459
0.76124928 -0.00785563
0.76791340 -0.00748301
0.77451141 -0.00710793
0.78104169 -0.00673163
0.78750263 -0.00635528
0.79389263 -0.00598008
0.80021011 -0.00560718
0.80645353 -0.00523770
0.81262133 -0.00487275
0.81871199 -0.00451337
0.82472402 -0.00416058
0.83065593 -0.00381534
0.83650626 -0.00347855
0.84227355 -0.00315108
0.84795640 -0.00283371
0.85355339 -0.00252719
0.85906315 -0.00223217
0.86448431 -0.00194928
0.86981555 -0.00167903
0.87505553 -0.00142190
0.88020298 -0.00117828
0.88525662 -0.00094849
0.89021520 -0.00073280
0.89507751 -0.00053137
0.89984233 -0.00034432
0.90450850 -0.00017169
0.90907486 -0.00001345
0.91354029 0.00013048
0.91790368 0.00026028
0.92216396 0.00037615
0.92632008 0.00047838
0.93037101 0.00056732
0.93431576 0.00064335
0.93815334 0.00070691
0.94188282 0.00075851
0.94550326 0.00079867
0.94901379 0.00082797
0.95241353 0.00084702
0.95570164 0.00085646
0.95887731 0.00085698
0.96193977 0.00084925
0.96488824 0.00083401
0.96772202 0.00081196
0.97044038 0.00078387
0.97304268 0.00075047
0.97552826 0.00071250
0.97789651 0.00067073
0.98014684 0.00062588
0.98227871 0.00057868
0.98429158 0.00052985
0.98618496 0.00048009
0.98795838 0.00043007
0.98961141 0.00038043
0.99114363 0.00033181
0.99255466 0.00028477
0.99384417 0.00023988
0.99501183 0.00019765
0.99605735 0.00015855
0.99698048 0.00012300
0.99778098 0.00009141
0.99845867 0.00006409
0.99901336 0.00004134
0.99944494 0.00002340
0.99975328 0.00001045
0.99993832 0.00000263
1.00000000 0.00000001
