sample_601
1.00000000 0.00000001
0.99993832 0.00001181
0.99975328 0.00004719
0.99944494 0.00010613
0.99901336 0.00018858
0.99845867 0.00029448
0.99778098 0.00042374
0.99698048 0.00057628
0.99605735 0.00075198
0.99501183 0.00095071
0.99384417 0.00117233
0.99255466 0.00141667
0.99114363 0.00168357
0.98961141 0.00197284
0.98795838 0.00228428
0.98618496 0.00261769
0.98429158 0.00297285
0.98227871 0.00334952
0.98014684 0.00374747
0.97789651 0.00416646
0.97552826 0.00460624
0.97304268 0.00506653
0.97044038 0.00554709
0.96772202 0.00604763
0.96488824 0.00656789
0.96193977 0.00710757
0.95887731 0.00766639
0.95570164 0.00824406
0.95241353 0.00884029
0.94901379 0.00945477
0.94550326 0.01008719
0.94188282 0.01073724
0.93815334 0.01140460
0.93431576 0.01208895
0.93037101 0.01278994
0.92632008 0.01350724
0.92216396 0.01424049
0.91790368 0.01498932
0.91354029 0.01575336
0.90907486 0.01653223
0.90450850 0.01732550
0.89984233 0.01813277
0.89507751 0.01895360
0.89021520 0.01978752
0.88525662 0.02063407
0.88020298 0.02149274
0.87505553 0.02236302
0.86981555 0.02324437
0.86448431 0.02413622
0.85906315 0.02503798
0.85355339 0.02594903
0.84795640 0.02686873
0.84227355 0.02779641
0.83650626 0.02873137
0.83065593 0.02967288
0.82472402 0.03062020
0.81871199 0.03157254
0.81262133 0.03252911
0.80645353 0.03348906
0.80021011 0.03445154
0.79389263 0.03541568
0.78750263 0.03638058
0.78104169 0.03734530
0.77451141 0.03830892
0.76791340 0.03927047
0.76124928 0.04022898
0.75452071 0.04118348
0.74772933 0.04213297
0.74087684 0.04307645
0.73396491 0.04401293
0.72699525 0.04494140
0.71996958 0.04586086
0.71288965 0.04677032
0.70575718 0.04766881
0.69857395 0.04855534
0.69134172 0.04942898
0.68406228 0.05028879
0.67673742 0.05113385
0.66936896 0.05196330
0.66195871 0.05277626
0.65450850 0.05357193
0.64702016 0.05434953
0.63949555 0.05510829
0.63193652 0.05584753
0.62434494 0.05656658
0.61672268 0.05726482
0.60907162 0.05794170
0.60139365 0.05859668
0.59369066 0.05922930
0.58596455 0.05983916
0.57821723 0.06042587
0.57045062 0.06098915
0.56266662 0.06152871
0.55486716 0.06204437
0.54705416 0.06253597
0.53922955 0.06300340
0.53139526 0.06344662
0.52355323 0.06386562
0.51570538 0.06426045
0.50785366 0.06463120
0.50000000 0.06497799
0.49214634 0.06530100
0.48429462 0.06560044
0.47644677 0.06587655
0.46860474 0.06612960
0.46077045 0.06635989
0.45294584 0.06656774
0.44513284 0.06675350
0.43733338 0.06691753
0.42954938 0.06706020
0.42178277 0.06718189
0.41403545 0.06728298
0.40630934 0.06736386
0.39860635 0.06742491
0.39092838 0.06746652
0.38327732 0.06748903
0.37565506 0.06749282
0.36806348 0.06747821
0.36050445 0.06744552
0.35297984 0.06739504
0.34549150 0.06732704
0.33804129 0.06724177
0.33063104 0.06713943
0.32326258 0.06702020
0.31593772 0.06688424
0.30865828 0.06673165
0.30142605 0.06656251
0.29424282 0.06637687
0.28711035 0.06617473
0.28003042 0.06595607
0.27300475 0.06572082
0.26603509 0.06546890
0.25912316 0.06520016
0.25227067 0.06491445
0.24547929 0.06461157
0.23875072 0.06429132
0.23208660 0.06395343
0.22548859 0.06359764
0.21895831 0.06322366
0.21249737 0.06283118
0.20610737 0.06241988
0.19978989 0.06198941
0.19354647 0.06153942
0.18737867 0.06106957
0.18128801 0.06057949
0.17527598 0.06006882
0.16934407 0.05953721
0.16349374 0.05898431
0.15772645 0.05840979
0.15204360 0.05781330
0.14644661 0.05719455
0.14093685 0.05655323
0.13551569 0.05588908
0.13018445 0.05520185
0.12494447 0.05449132
0.11979702 0.05375729
0.11474338 0.05299960
0.10978480 0.05221812
0.10492249 0.05141276
0.10015767 0.05058346
0.09549150 0.04973019
0.09092514 0.04885297
0.08645971 0.04795185
0.08209632 0.04702692
0.07783604 0.04607832
0.07367992 0.04510621
0.06962899 0.04411081
0.06568424 0.04309236
0.06184666 0.04205115
0.05811718 0.04098751
0.05449674 0.03990180
0.05098621 0.03879442
0.04758647 0.03766579
0.04429836 0.03651639
0.04112269 0.03534672
0.03806023 0.03415730
0.03511176 0.03294870
0.03227798 0.03172149
0.02955962 0.03047630
0.02695732 0.02921376
0.02447174 0.02793453
0.02210349 0.02663929
0.01985316 0.02532873
0.01772129 0.02400359
0.01570842 0.02266460
0.01381504 0.02131250
0.01204162 0.01994806
0.01038859 0.01857206
0.00885637 0.01718527
0.00744534 0.01578851
0.00615583 0.01438257
0.00498817 0.01296827
0.00394265 0.01154643
0.00301952 0.01011787
0.00221902 0.00868342
0.00154133 0.00724392
0.00098664 0.00580020
0.00055506 0.00435311
0.00024672 0.00290348
0.00006168 0.00145216
0.00000000 0.00000000
0.00006168 -0.00059994
0.00024672 -0.00119861
0.00055506 -0.00179475
0.00098664 -0.00238713
0.00154133 -0.00297450
0.00221902 -0.00355567
0.00301952 -0.00412945
0.00394265 -0.00469471
0.00498817 -0.00525033
0.00615583 -0.00579526
0.00744534 -0.00632849
0.00885637 -0.00684905
0.01038859 -0.00735606
0.01204162 -0.00784866
0.01381504 -0.00832610
0.01570842 -0.00878766
0.01772129 -0.00923271
0.01985316 -0.00966069
0.02210349 -0.01007112
0.02447174 -0.01046358
0.02695732 -0.01083775
0.02955962 -0.01119338
0.03227798 -0.01153028
0.03511176 -0.01184837
0.03806023 -0.01214763
0.04112269 -0.01242812
0.04429836 -0.01268997
0.04758647 -0.01293339
0.05098621 -0.01315867
0.05449674 -0.01336615
0.05811718 -0.01355625
0.06184666 -0.01372944
0.06568424 -0.01388625
0.06962899 -0.01402728
0.07367992 -0.01415315
0.07783604 -0.01426456
0.08209632 -0.01436223
0.08645971 -0.01444690
0.09092514 -0.01451938
0.09549150 -0.01458048
0.10015767 -0.01463102
0.10492249 -0.01467186
0.10978480 -0.01470384
0.11474338 -0.01472783
0.11979702 -0.01474467
0.12494447 -0.01475521
0.13018445 -0.01476029
0.13551569 -0.01476071
0.14093685 -0.01475726
0.14644661 -0.01475070
0.15204360 -0.01474175
0.15772645 -0.01473111
0.16349374 -0.01471941
0.16934407 -0.01470725
0.17527598 -0.01469519
0.18128801 -0.01468371
0.18737867 -0.01467326
0.19354647 -0.01466423
0.19978989 -0.01465692
0.20610737 -0.01465161
0.21249737 -0.01464849
0.21895831 -0.01464770
0.22548859 -0.01464931
0.23208660 -0.01465332
0.23875072 -0.01465970
0.24547929 -0.01466830
0.25227067 -0.01467897
0.25912316 -0.01469147
0.26603509 -0.01470551
0.27300475 -0.01472073
0.28003042 -0.01473676
0.28711035 -0.01475314
0.29424282 -0.01476940
0.30142605 -0.01478500
0.30865828 -0.01479939
0.31593772 -0.01481197
0.32326258 -0.01482214
0.33063104 -0.01482925
0.33804129 -0.01483265
0.34549150 -0.01483168
0.35297984 -0.01482566
0.36050445 -0.01481393
0.36806348 -0.01479582
0.37565506 -0.01477067
0.38327732 -0.01473784
0.39092838 -0.01469671
0.39860635 -0.01464668
0.40630934 -0.01458719
0.41403545 -0.01451771
0.42178277 -0.01443774
0.42954938 -0.01434682
0.43733338 -0.01424456
0.44513284 -0.01413061
0.45294584 -0.01400465
0.46077045 -0.01386644
0.46860474 -0.01371579
0.47644677 -0.01355257
0.48429462 -0.01337672
0.49214634 -0.01318823
0.50000000 -0.01298716
0.50785366 -0.01277363
0.51570538 -0.01254783
0.52355323 -0.01231000
0.53139526 -0.01206045
0.53922955 -0.01179956
0.54705416 -0.01152776
0.55486716 -0.01124554
0.56266662 -0.01095342
0.57045062 -0.01065202
0.57821723 -0.01034196
0.58596455 -0.01002394
0.59369066 -0.00969867
0.60139365 -0.00936693
0.60907162 -0.00902951
0.61672268 -0.00868723
0.62434494 -0.00834093
0.63193652 -0.00799149
0.63949555 -0.00763979
0.64702016 -0.00728672
0.65450850 -0.00693316
0.66195871 -0.00658001
0.66936896 -0.00622816
0.67673742 -0.00587849
0.68406228 -0.00553186
0.69134172 -0.00518911
0.69857395 -0.00485105
0.70575718 -0.00451849
0.71288965 -0.00419218
0.71996958 -0.00387283
0.72699525 -0.00356115
0.73396491 -0.00325776
0.74087684 -0.00296327
0.74772933 -0.00267822
0.75452071 -0.00240311
0.76124928 -0.00213839
0.76791340 -0.00188446
0.77451141 -0.00164166
0.78104169 -0.00141027
0.78750263 -0.00119053
0.79389263 -0.00098261
0.80021011 -0.00078663
0.80645353 -0.00060267
0.81262133 -0.00043073
0.81871199 -0.00027078
0.82472402 -0.00012273
0.83065593 0.00001356
0.83650626 0.00013825
0.84227355 0.00025159
0.84795640 0.00035383
0.85355339 0.00044527
0.85906315 0.00052626
0.86448431 0.00059716
0.86981555 0.00065837
0.87505553 0.00071031
0.88020298 0.00075343
0.88525662 0.00078819
0.89021520 0.00081506
0.89507751 0.00083454
0.89984233 0.00084711
0.90450850 0.00085329
0.90907486 0.00085357
0.91354029 0.00084846
0.91790368 0.00083844
0.92216396 0.00082401
0.92632008 0.00080564
0.93037101 0.00078381
0.93431576 0.00075895
0.93815334 0.00073151
0.94188282 0.00070191
0.94550326 0.00067053
0.94901379 0.00063775
0.95241353 0.00060393
0.95570164 0.00056940
0.95887731 0.00053445
0.96193977 0.00049939
0.96488824 0.00046446
0.96772202 0.00042990
0.97044038 0.00039593
0.97304268 0.00036274
0.97552826 0.00033048
0.97789651 0.00029932
0.98014684 0.00026937
0.98227871 0.00024075
0.98429158 0.00021355
0.98618496 0.00018784
0.98795838 0.00016368
0.98961141 0.00014112
0.99114363 0.00012019
0.99255466 0.00010093
0.99384417 0.00008334
0.99501183 0.00006744
0.99605735 0.00005324
0.99698048 0.00004072
0.99778098 0.00002989
0.99845867 0.00002074
0.99901336 0.00001327
0.99944494 0.00000746
0.99975328 0.00000332
0.99993832 0.00000084
1.00000000 0.00000001
