sample_201
1.00000000 0.00000001
0.99993832 0.00001361
0.99975328 0.00005439
0.99944494 0.00012229
0.99901336 0.00021724
0.99845867 0.00033910
0.99778098 0.00048772
0.99698048 0.00066292
0.99605735 0.00086448
0.99501183 0.00109214
0.99384417 0.00134562
0.99255466 0.00162462
0.99114363 0.00192880
0.98961141 0.00225779
0.98795838 0.00261122
0.98618496 0.00298867
0.98429158 0.00338971
0.98227871 0.00381390
0.98014684 0.00426078
0.97789651 0.00472985
0.97552826 0.00522064
0.97304268 0.00573263
0.97044038 0.00626530
0.96772202 0.00681814
0.96488824 0.00739061
0.96193977 0.00798218
0.95887731 0.00859230
0.95570164 0.00922043
0.95241353 0.00986603
0.94901379 0.01052854
0.94550326 0.01120742
0.94188282 0.01190214
0.93815334 0.01261213
0.93431576 0.01333687
0.93037101 0.01407581
0.92632008 0.01482841
0.92216396 0.01559414
0.91790368 0.01637247
0.91354029 0.01716287
0.90907486 0.01796480
0.90450850 0.01877775
0.89984233 0.01960117
0.89507751 0.02043455
0.89021520 0.02127735
0.88525662 0.02212904
0.88020298 0.02298909
0.87505553 0.02385696
0.86981555 0.02473211
0.86448431 0.02561397
0.85906315 0.02650201
0.85355339 0.02739564
0.84795640 0.02829430
0.84227355 0.02919739
0.83650626 0.03010432
0.83065593 0.03101449
0.82472402 0.03192726
0.81871199 0.03284200
0.81262133 0.03375807
0.80645353 0.03467479
0.80021011 0.03559149
0.79389263 0.03650747
0.78750263 0.03742202
0.78104169 0.03833443
0.77451141 0.03924395
0.76791340 0.04014984
0.76124928 0.04105133
0.75452071 0.04194765
0.74772933 0.04283802
0.74087684 0.04372164
0.73396491 0.04459772
0.72699525 0.04546544
0.71996958 0.04632401
0.71288965 0.04717261
0.70575718 0.04801043
0.69857395 0.04883666
0.69134172 0.04965049
0.68406228 0.05045115
0.67673742 0.05123782
0.66936896 0.05200975
0.66195871 0.05276618
0.65450850 0.05350635
0.64702016 0.05422956
0.63949555 0.05493510
0.63193652 0.05562229
0.62434494 0.05629049
0.61672268 0.05693909
0.60907162 0.05756749
0.60139365 0.05817514
0.59369066 0.05876153
0.58596455 0.05932618
0.57821723 0.05986866
0.57045062 0.06038855
0.56266662 0.06088551
0.55486716 0.06135922
0.54705416 0.06180942
0.53922955 0.06223587
0.53139526 0.06263839
0.52355323 0.06301686
0.51570538 0.06337116
0.50785366 0.06370126
0.50000000 0.06400716
0.49214634 0.06428887
0.48429462 0.06454649
0.47644677 0.06478013
0.46860474 0.06498995
0.46077045 0.06517613
0.45294584 0.06533890
0.44513284 0.06547851
0.43733338 0.06559526
0.42954938 0.06568944
0.42178277 0.06576141
0.41403545 0.06581152
0.40630934 0.06584013
0.39860635 0.06584765
0.39092838 0.06583447
0.38327732 0.06580100
0.37565506 0.06574767
0.36806348 0.06567488
0.36050445 0.06558306
0.35297984 0.06547262
0.34549150 0.06534397
0.33804129 0.06519751
0.33063104 0.06503361
0.32326258 0.06485265
0.31593772 0.06465499
0.30865828 0.06444094
0.30142605 0.06421082
0.29424282 0.06396491
0.28711035 0.06370347
0.28003042 0.06342672
0.27300475 0.06313487
0.26603509 0.06282809
0.25912316 0.06250650
0.25227067 0.06217022
0.24547929 0.06181931
0.23875072 0.06145381
0.23208660 0.06107373
0.22548859 0.06067904
0.21895831 0.06026969
0.21249737 0.05984557
0.20610737 0.05940657
0.19978989 0.05895254
0.19354647 0.05848330
0.18737867 0.05799865
0.18128801 0.05749836
0.17527598 0.05698218
0.16934407 0.05644984
0.16349374 0.05590106
0.15772645 0.05533553
0.15204360 0.05475295
0.14644661 0.05415299
0.14093685 0.05353531
0.13551569 0.05289960
0.13018445 0.05224550
0.12494447 0.05157270
0.11979702 0.05088086
0.11474338 0.05016967
0.10978480 0.04943881
0.10492249 0.04868799
0.10015767 0.04791694
0.09549150 0.04712540
0.09092514 0.04631313
0.08645971 0.04547991
0.08209632 0.04462558
0.07783604 0.04374996
0.07367992 0.04285295
0.06962899 0.04193444
0.06568424 0.04099439
0.06184666 0.04003279
0.05811718 0.03904965
0.05449674 0.03804504
0.05098621 0.03701907
0.04758647 0.03597189
0.04429836 0.03490369
0.04112269 0.03381471
0.03806023 0.03270523
0.03511176 0.03157557
0.03227798 0.03042612
0.02955962 0.02925729
0.02695732 0.02806955
0.02447174 0.02686339
0.02210349 0.02563938
0.01985316 0.02439810
0.01772129 0.02314020
0.01570842 0.02186635
0.01381504 0.02057727
0.01204162 0.01927370
0.01038859 0.01795645
0.00885637 0.01662634
0.00744534 0.01528422
0.00615583 0.01393099
0.00498817 0.01256755
0.00394265 0.01119486
0.00301952 0.00981388
0.00221902 0.00842560
0.00154133 0.00703103
0.00098664 0.00563118
0.00055506 0.00422710
0.00024672 0.00281984
0.00006168 0.00141045
0.00000000 0.00000000
0.00006168 -0.00030209
0.00024672 -0.00060461
0.00055506 -0.00090800
0.00098664 -0.00121268
0.00154133 -0.00151907
0.00221902 -0.00182759
0.00301952 -0.00213864
0.00394265 -0.00245263
0.00498817 -0.00276992
0.00615583 -0.00309088
0.00744534 -0.00341588
0.00885637 -0.00374523
0.01038859 -0.00407925
0.01204162 -0.00441823
0.01381504 -0.00476245
0.01570842 -0.00511213
0.01772129 -0.00546750
0.01985316 -0.00582875
0.02210349 -0.00619602
0.02447174 -0.00656946
0.02695732 -0.00694916
0.02955962 -0.00733518
0.03227798 -0.00772754
0.03511176 -0.00812624
0.03806023 -0.00853123
0.04112269 -0.00894244
0.04429836 -0.00935974
0.04758647 -0.00978297
0.05098621 -0.01021194
0.05449674 -0.01064642
0.05811718 -0.01108613
0.06184666 -0.01153075
0.06568424 -0.01197994
0.06962899 -0.01243330
0.07367992 -0.01289041
0.07783604 -0.01335080
0.08209632 -0.01381398
0.08645971 -0.01427941
0.09092514 -0.01474654
0.09549150 -0.01521475
0.10015767 -0.01568342
0.10492249 -0.01615191
0.10978480 -0.01661954
0.11474338 -0.01708559
0.11979702 -0.01754937
0.12494447 -0.01801012
0.13018445 -0.01846710
0.13551569 -0.01891954
0.14093685 -0.01936668
0.14644661 -0.01980773
0.15204360 -0.02024192
0.15772645 -0.02066848
0.16349374 -0.02108662
0.16934407 -0.02149560
0.17527598 -0.02189465
0.18128801 -0.02228305
0.18737867 -0.02266007
0.19354647 -0.02302503
0.19978989 -0.02337725
0.20610737 -0.02371609
0.21249737 -0.02404095
0.21895831 -0.02435125
0.22548859 -0.02464645
0.23208660 -0.02492605
0.23875072 -0.02518961
0.24547929 -0.02543671
0.25227067 -0.02566698
0.25912316 -0.02588011
0.26603509 -0.02607583
0.27300475 -0.02625394
0.28003042 -0.02641425
0.28711035 -0.02655666
0.29424282 -0.02668110
0.30142605 -0.02678758
0.30865828 -0.02687613
0.31593772 -0.02694684
0.32326258 -0.02699987
0.33063104 -0.02703540
0.33804129 -0.02705368
0.34549150 -0.02705499
0.35297984 -0.02703968
0.36050445 -0.02700810
0.36806348 -0.02696068
0.37565506 -0.02689787
0.38327732 -0.02682014
0.39092838 -0.02672801
0.39860635 -0.02662202
0.40630934 -0.02650275
0.41403545 -0.02637076
0.42178277 -0.02622667
0.42954938 -0.02607108
0.43733338 -0.02590464
0.44513284 -0.02572796
0.45294584 -0.02554168
0.46077045 -0.02534643
0.46860474 -0.02514285
0.47644677 -0.02493156
0.48429462 -0.02471315
0.49214634 -0.02448823
0.50000000 -0.02425738
0.50785366 -0.02402115
0.51570538 -0.02378008
0.52355323 -0.02353468
0.53139526 -0.02328542
0.53922955 -0.02303277
0.54705416 -0.02277715
0.55486716 -0.02251895
0.56266662 -0.02225853
0.57045062 -0.02199621
0.57821723 -0.02173229
0.58596455 -0.02146702
0.59369066 -0.02120063
0.60139365 -0.02093329
0.60907162 -0.02066518
0.61672268 -0.02039642
0.62434494 -0.02012708
0.63193652 -0.01985725
0.63949555 -0.01958695
0.64702016 -0.01931619
0.65450850 -0.01904495
0.66195871 -0.01877320
0.66936896 -0.01850088
0.67673742 -0.01822790
0.68406228 -0.01795419
0.69134172 -0.01767963
0.69857395 -0.01740411
0.70575718 -0.01712751
0.71288965 -0.01684971
0.71996958 -0.01657058
0.72699525 -0.01628999
0.73396491 -0.01600782
0.74087684 -0.01572395
0.74772933 -0.01543827
0.75452071 -0.01515068
0.76124928 -0.01486111
0.76791340 -0.01456946
0.77451141 -0.01427570
0.78104169 -0.01397978
0.78750263 -0.01368169
0.79389263 -0.01338142
0.80021011 -0.01307901
0.80645353 -0.01277449
0.81262133 -0.01246793
0.81871199 -0.01215943
0.82472402 -0.01184911
0.83065593 -0.01153710
0.83650626 -0.01122356
0.84227355 -0.01090868
0.84795640 -0.01059266
0.85355339 -0.01027574
0.85906315 -0.00995816
0.86448431 -0.00964018
0.86981555 -0.00932210
0.87505553 -0.00900421
0.88020298 -0.00868682
0.88525662 -0.00837027
0.89021520 -0.00805490
0.89507751 -0.00774105
0.89984233 -0.00742908
0.90450850 -0.00711936
0.90907486 -0.00681224
0.91354029 -0.00650811
0.91790368 -0.00620733
0.92216396 -0.00591027
0.92632008 -0.00561729
0.93037101 -0.00532876
0.93431576 -0.00504503
0.93815334 -0.00476644
0.94188282 -0.00449335
0.94550326 -0.00422607
0.94901379 -0.00396492
0.95241353 -0.00371021
0.95570164 -0.00346224
0.95887731 -0.00322127
0.96193977 -0.00298758
0.96488824 -0.00276142
0.96772202 -0.00254302
0.97044038 -0.00233260
0.97304268 -0.00213036
0.97552826 -0.00193651
0.97789651 -0.00175121
0.98014684 -0.00157463
0.98227871 -0.00140691
0.98429158 -0.00124819
0.98618496 -0.00109859
0.98795838 -0.00095822
0.98961141 -0.00082717
0.99114363 -0.00070554
0.99255466 -0.00059340
0.99384417 -0.00049082
0.99501183 -0.00039785
0.99605735 -0.00031455
0.99698048 -0.00024096
0.99778098 -0.00017711
0.99845867 -0.00012304
0.99901336 -0.00007876
0.99944494 -0.00004431
0.99975328 -0.00001969
0.99993832 -0.00000491
1.00000000 0.00000001
