sample_902
1.00000000 0.00000001
0.99993832 0.00001265
0.99975328 0.00005052
0.99944494 0.00011355
0.99901336 0.00020160
0.99845867 0.00031449
0.99778098 0.00045199
0.99698048 0.00061380
0.99605735 0.00079958
0.99501183 0.00100897
0.99384417 0.00124152
0.99255466 0.00149677
0.99114363 0.00177420
0.98961141 0.00207328
0.98795838 0.00239342
0.98618496 0.00273400
0.98429158 0.00309438
0.98227871 0.00347390
0.98014684 0.00387187
0.97789651 0.00428758
0.97552826 0.00472032
0.97304268 0.00516936
0.97044038 0.00563395
0.96772202 0.00611337
0.96488824 0.00660689
0.96193977 0.00711376
0.95887731 0.00763327
0.95570164 0.00816472
0.95241353 0.00870741
0.94901379 0.00926068
0.94550326 0.00982389
0.94188282 0.01039641
0.93815334 0.01097767
0.93431576 0.01156710
0.93037101 0.01216421
0.92632008 0.01276851
0.92216396 0.01337957
0.91790368 0.01399700
0.91354029 0.01462045
0.90907486 0.01524963
0.90450850 0.01588429
0.89984233 0.01652423
0.89507751 0.01716929
0.89021520 0.01781938
0.88525662 0.01847444
0.88020298 0.01913447
0.87505553 0.01979951
0.86981555 0.02046965
0.86448431 0.02114502
0.85906315 0.02182581
0.85355339 0.02251222
0.84795640 0.02320452
0.84227355 0.02390299
0.83650626 0.02460795
0.83065593 0.02531976
0.82472402 0.02603878
0.81871199 0.02676541
0.81262133 0.02750005
0.80645353 0.02824311
0.80021011 0.02899504
0.79389263 0.02975624
0.78750263 0.03052713
0.78104169 0.03130814
0.77451141 0.03209965
0.76791340 0.03290204
0.76124928 0.03371566
0.75452071 0.03454084
0.74772933 0.03537786
0.74087684 0.03622695
0.73396491 0.03708834
0.72699525 0.03796215
0.71996958 0.03884850
0.71288965 0.03974741
0.70575718 0.04065886
0.69857395 0.04158276
0.69134172 0.04251894
0.68406228 0.04346717
0.67673742 0.04442714
0.66936896 0.04539845
0.66195871 0.04638065
0.65450850 0.04737318
0.64702016 0.04837541
0.63949555 0.04938663
0.63193652 0.05040604
0.62434494 0.05143276
0.61672268 0.05246585
0.60907162 0.05350425
0.60139365 0.05454687
0.59369066 0.05559250
0.58596455 0.05663990
0.57821723 0.05768773
0.57045062 0.05873460
0.56266662 0.05977906
0.55486716 0.06081960
0.54705416 0.06185466
0.53922955 0.06288264
0.53139526 0.06390189
0.52355323 0.06491074
0.51570538 0.06590748
0.50785366 0.06689038
0.50000000 0.06785771
0.49214634 0.06880771
0.48429462 0.06973864
0.47644677 0.07064875
0.46860474 0.07153631
0.46077045 0.07239960
0.45294584 0.07323694
0.44513284 0.07404668
0.43733338 0.07482719
0.42954938 0.07557691
0.42178277 0.07629431
0.41403545 0.07697794
0.40630934 0.07762638
0.39860635 0.07823831
0.39092838 0.07881245
0.38327732 0.07934763
0.37565506 0.07984274
0.36806348 0.08029674
0.36050445 0.08070871
0.35297984 0.08107779
0.34549150 0.08140322
0.33804129 0.08168434
0.33063104 0.08192058
0.32326258 0.08211145
0.31593772 0.08225658
0.30865828 0.08235566
0.30142605 0.08240850
0.29424282 0.08241499
0.28711035 0.08237511
0.28003042 0.08228894
0.27300475 0.08215662
0.26603509 0.08197840
0.25912316 0.08175457
0.25227067 0.08148555
0.24547929 0.08117177
0.23875072 0.08081378
0.23208660 0.08041215
0.22548859 0.07996753
0.21895831 0.07948061
0.21249737 0.07895216
0.20610737 0.07838294
0.19978989 0.07777379
0.19354647 0.07712558
0.18737867 0.07643917
0.18128801 0.07571549
0.17527598 0.07495546
0.16934407 0.07416002
0.16349374 0.07333013
0.15772645 0.07246674
0.15204360 0.07157080
0.14644661 0.07064327
0.14093685 0.06968509
0.13551569 0.06869719
0.13018445 0.06768051
0.12494447 0.06663595
0.11979702 0.06556438
0.11474338 0.06446670
0.10978480 0.06334372
0.10492249 0.06219629
0.10015767 0.06102520
0.09549150 0.05983122
0.09092514 0.05861510
0.08645971 0.05737756
0.08209632 0.05611930
0.07783604 0.05484098
0.07367992 0.05354326
0.06962899 0.05222675
0.06568424 0.05089206
0.06184666 0.04953976
0.05811718 0.04817042
0.05449674 0.04678458
0.05098621 0.04538277
0.04758647 0.04396549
0.04429836 0.04253325
0.04112269 0.04108653
0.03806023 0.03962583
0.03511176 0.03815162
0.03227798 0.03666436
0.02955962 0.03516453
0.02695732 0.03365260
0.02447174 0.03212903
0.02210349 0.03059431
0.01985316 0.02904890
0.01772129 0.02749331
0.01570842 0.02592800
0.01381504 0.02435350
0.01204162 0.02277029
0.01038859 0.02117891
0.00885637 0.01957987
0.00744534 0.01797372
0.00615583 0.01636101
0.00498817 0.01474228
0.00394265 0.01311812
0.00301952 0.01148910
0.00221902 0.00985580
0.00154133 0.00821883
0.00098664 0.00657877
0.00055506 0.00493625
0.00024672 0.00329187
0.00006168 0.00164624
0.00000000 0.00000000
0.00006168 -0.00097606
0.00024672 -0.00195028
0.00055506 -0.00292082
0.00098664 -0.00388584
0.00154133 -0.00484355
0.00221902 -0.00579215
0.00301952 -0.00672988
0.00394265 -0.00765502
0.00498817 -0.00856589
0.00615583 -0.00946085
0.00744534 -0.01033831
0.00885637 -0.01119673
0.01038859 -0.01203463
0.01204162 -0.01285061
0.01381504 -0.01364330
0.01570842 -0.01441144
0.01772129 -0.01515382
0.01985316 -0.01586930
0.02210349 -0.01655685
0.02447174 -0.01721549
0.02695732 -0.01784434
0.02955962 -0.01844259
0.03227798 -0.01900953
0.03511176 -0.01954453
0.03806023 -0.02004705
0.04112269 -0.02051663
0.04429836 -0.02095291
0.04758647 -0.02135561
0.05098621 -0.02172453
0.05449674 -0.02205957
0.05811718 -0.02236069
0.06184666 -0.02262796
0.06568424 -0.02286151
0.06962899 -0.02306155
0.07367992 -0.02322838
0.07783604 -0.02336236
0.08209632 -0.02346392
0.08645971 -0.02353357
0.09092514 -0.02357187
0.09549150 -0.02357946
0.10015767 -0.02355701
0.10492249 -0.02350527
0.10978480 -0.02342504
0.11474338 -0.02331716
0.11979702 -0.02318252
0.12494447 -0.02302204
0.13018445 -0.02283670
0.13551569 -0.02262750
0.14093685 -0.02239546
0.14644661 -0.02214167
0.15204360 -0.02186719
0.15772645 -0.02157315
0.16349374 -0.02126066
0.16934407 -0.02093086
0.17527598 -0.02058492
0.18128801 -0.02022399
0.18737867 -0.01984924
0.19354647 -0.01946184
0.19978989 -0.01906297
0.20610737 -0.01865379
0.21249737 -0.01823547
0.21895831 -0.01780918
0.22548859 -0.01737605
0.23208660 -0.01693722
0.23875072 -0.01649383
0.24547929 -0.01604697
0.25227067 -0.01559773
0.25912316 -0.01514720
0.26603509 -0.01469641
0.27300475 -0.01424638
0.28003042 -0.01379812
0.28711035 -0.01335260
0.29424282 -0.01291076
0.30142605 -0.01247351
0.30865828 -0.01204173
0.31593772 -0.01161628
0.32326258 -0.01119795
0.33063104 -0.01078754
0.33804129 -0.01038576
0.34549150 -0.00999334
0.35297984 -0.00961091
0.36050445 -0.00923911
0.36806348 -0.00887850
0.37565506 -0.00852963
0.38327732 -0.00819297
0.39092838 -0.00786898
0.39860635 -0.00755804
0.40630934 -0.00726051
0.41403545 -0.00697670
0.42178277 -0.00670685
0.42954938 -0.00645117
0.43733338 -0.00620983
0.44513284 -0.00598293
0.45294584 -0.00577054
0.46077045 -0.00557267
0.46860474 -0.00538928
0.47644677 -0.00522029
0.48429462 -0.00506557
0.49214634 -0.00492495
0.50000000 -0.00479820
0.50785366 -0.00468507
0.51570538 -0.00458523
0.52355323 -0.00449834
0.53139526 -0.00442400
0.53922955 -0.00436179
0.54705416 -0.00431124
0.55486716 -0.00427185
0.56266662 -0.00424309
0.57045062 -0.00422438
0.57821723 -0.00421515
0.58596455 -0.00421477
0.59369066 -0.00422261
0.60139365 -0.00423800
0.60907162 -0.00426028
0.61672268 -0.00428876
0.62434494 -0.00432274
0.63193652 -0.00436152
0.63949555 -0.00440438
0.64702016 -0.00445062
0.65450850 -0.00449953
0.66195871 -0.00455041
0.66936896 -0.00460257
0.67673742 -0.00465533
0.68406228 -0.00470802
0.69134172 -0.00476000
0.69857395 -0.00481063
0.70575718 -0.00485932
0.71288965 -0.00490548
0.71996958 -0.00494858
0.72699525 -0.00498808
0.73396491 -0.00502350
0.74087684 -0.00505440
0.74772933 -0.00508035
0.75452071 -0.00510098
0.76124928 -0.00511595
0.76791340 -0.00512496
0.77451141 -0.00512775
0.78104169 -0.00512410
0.78750263 -0.00511384
0.79389263 -0.00509683
0.80021011 -0.00507298
0.80645353 -0.00504224
0.81262133 -0.00500459
0.81871199 -0.00496006
0.82472402 -0.00490871
0.83065593 -0.00485065
0.83650626 -0.00478600
0.84227355 -0.00471495
0.84795640 -0.00463769
0.85355339 -0.00455445
0.85906315 -0.00446550
0.86448431 -0.00437111
0.86981555 -0.00427159
0.87505553 -0.00416729
0.88020298 -0.00405853
0.88525662 -0.00394569
0.89021520 -0.00382913
0.89507751 -0.00370926
0.89984233 -0.00358646
0.90450850 -0.00346113
0.90907486 -0.00333369
0.91354029 -0.00320454
0.91790368 -0.00307407
0.92216396 -0.00294271
0.92632008 -0.00281084
0.93037101 -0.00267885
0.93431576 -0.00254712
0.93815334 -0.00241604
0.94188282 -0.00228595
0.94550326 -0.00215720
0.94901379 -0.00203014
0.95241353 -0.00190506
0.95570164 -0.00178228
0.95887731 -0.00166208
0.96193977 -0.00154472
0.96488824 -0.00143047
0.96772202 -0.00131954
0.97044038 -0.00121217
0.97304268 -0.00110854
0.97552826 -0.00100884
0.97789651 -0.00091323
0.98014684 -0.00082187
0.98227871 -0.00073489
0.98429158 -0.00065240
0.98618496 -0.00057452
0.98795838 -0.00050134
0.98961141 -0.00043294
0.99114363 -0.00036939
0.99255466 -0.00031076
0.99384417 -0.00025709
0.99501183 -0.00020842
0.99605735 -0.00016480
0.99698048 -0.00012625
0.99778098 -0.00009280
0.99845867 -0.00006447
0.99901336 -0.00004127
0.99944494 -0.00002321
0.99975328 -0.00001031
0.99993832 -0.00000257
1.00000000 0.00000001
