sample_377
1.00000000 0.00000001
0.99993832 0.00000954
0.99975328 0.00003810
0.99944494 0.00008573
0.99901336 0.00015244
0.99845867 0.00023827
0.99778098 0.00034326
0.99698048 0.00046746
0.99605735 0.00061092
0.99501183 0.00077372
0.99384417 0.00095592
0.99255466 0.00115760
0.99114363 0.00137885
0.98961141 0.00161974
0.98795838 0.00188036
0.98618496 0.00216081
0.98429158 0.00246118
0.98227871 0.00278155
0.98014684 0.00312202
0.97789651 0.00348267
0.97552826 0.00386357
0.97304268 0.00426480
0.97044038 0.00468643
0.96772202 0.00512853
0.96488824 0.00559113
0.96193977 0.00607428
0.95887731 0.00657800
0.95570164 0.00710231
0.95241353 0.00764720
0.94901379 0.00821266
0.94550326 0.00879866
0.94188282 0.00940514
0.93815334 0.01003203
0.93431576 0.01067924
0.93037101 0.01134666
0.92632008 0.01203415
0.92216396 0.01274155
0.91790368 0.01346869
0.91354029 0.01421536
0.90907486 0.01498133
0.90450850 0.01576633
0.89984233 0.01657010
0.89507751 0.01739232
0.89021520 0.01823265
0.88525662 0.01909072
0.88020298 0.01996615
0.87505553 0.02085850
0.86981555 0.02176733
0.86448431 0.02269216
0.85906315 0.02363247
0.85355339 0.02458773
0.84795640 0.02555737
0.84227355 0.02654077
0.83650626 0.02753733
0.83065593 0.02854636
0.82472402 0.02956719
0.81871199 0.03059909
0.81262133 0.03164132
0.80645353 0.03269310
0.80021011 0.03375361
0.79389263 0.03482202
0.78750263 0.03589747
0.78104169 0.03697907
0.77451141 0.03806589
0.76791340 0.03915699
0.76124928 0.04025141
0.75452071 0.04134813
0.74772933 0.04244615
0.74087684 0.04354443
0.73396491 0.04464189
0.72699525 0.04573746
0.71996958 0.04683003
0.71288965 0.04791849
0.70575718 0.04900170
0.69857395 0.05007851
0.69134172 0.05114776
0.68406228 0.05220828
0.67673742 0.05325890
0.66936896 0.05429844
0.66195871 0.05532570
0.65450850 0.05633951
0.64702016 0.05733869
0.63949555 0.05832205
0.63193652 0.05928842
0.62434494 0.06023666
0.61672268 0.06116562
0.60907162 0.06207417
0.60139365 0.06296121
0.59369066 0.06382565
0.58596455 0.06466645
0.57821723 0.06548258
0.57045062 0.06627305
0.56266662 0.06703691
0.55486716 0.06777324
0.54705416 0.06848117
0.53922955 0.06915989
0.53139526 0.06980861
0.52355323 0.07042662
0.51570538 0.07101324
0.50785366 0.07156787
0.50000000 0.07208995
0.49214634 0.07257899
0.48429462 0.07303457
0.47644677 0.07345632
0.46860474 0.07384394
0.46077045 0.07419722
0.45294584 0.07451597
0.44513284 0.07480012
0.43733338 0.07504963
0.42954938 0.07526455
0.42178277 0.07544499
0.41403545 0.07559113
0.40630934 0.07570319
0.39860635 0.07578150
0.39092838 0.07582641
0.38327732 0.07583836
0.37565506 0.07581781
0.36806348 0.07576530
0.36050445 0.07568142
0.35297984 0.07556680
0.34549150 0.07542210
0.33804129 0.07524804
0.33063104 0.07504536
0.32326258 0.07481482
0.31593772 0.07455722
0.30865828 0.07427338
0.30142605 0.07396412
0.29424282 0.07363027
0.28711035 0.07327266
0.28003042 0.07289214
0.27300475 0.07248952
0.26603509 0.07206562
0.25912316 0.07162123
0.25227067 0.07115712
0.24547929 0.07067403
0.23875072 0.07017266
0.23208660 0.06965368
0.22548859 0.06911772
0.21895831 0.06856536
0.21249737 0.06799712
0.20610737 0.06741348
0.19978989 0.06681487
0.19354647 0.06620163
0.18737867 0.06557408
0.18128801 0.06493245
0.17527598 0.06427692
0.16934407 0.06360760
0.16349374 0.06292454
0.15772645 0.06222772
0.15204360 0.06151707
0.14644661 0.06079245
0.14093685 0.06005366
0.13551569 0.05930046
0.13018445 0.05853253
0.12494447 0.05774953
0.11979702 0.05695106
0.11474338 0.05613667
0.10978480 0.05530589
0.10492249 0.05445820
0.10015767 0.05359308
0.09549150 0.05270996
0.09092514 0.05180829
0.08645971 0.05088747
0.08209632 0.04994694
0.07783604 0.04898612
0.07367992 0.04800444
0.06962899 0.04700136
0.06568424 0.04597637
0.06184666 0.04492896
0.05811718 0.04385869
0.05449674 0.04276515
0.05098621 0.04164798
0.04758647 0.04050688
0.04429836 0.03934159
0.04112269 0.03815195
0.03806023 0.03693785
0.03511176 0.03569925
0.03227798 0.03443619
0.02955962 0.03314880
0.02695732 0.03183730
0.02447174 0.03050197
0.02210349 0.02914321
0.01985316 0.02776147
0.01772129 0.02635734
0.01570842 0.02493145
0.01381504 0.02348454
0.01204162 0.02201745
0.01038859 0.02053108
0.00885637 0.01902642
0.00744534 0.01750455
0.00615583 0.01596661
0.00498817 0.01441383
0.00394265 0.01284748
0.00301952 0.01126892
0.00221902 0.00967954
0.00154133 0.00808080
0.00098664 0.00647418
0.00055506 0.00486122
0.00024672 0.00324348
0.00006168 0.00162254
0.00000000 0.00000000
0.00006168 -0.00067641
0.00024672 -0.00135206
0.00055506 -0.00202620
0.00098664 -0.00269809
0.00154133 -0.00336697
0.00221902 -0.00403212
0.00301952 -0.00469279
0.00394265 -0.00534828
0.00498817 -0.00599787
0.00615583 -0.00664087
0.00744534 -0.00727660
0.00885637 -0.00790440
0.01038859 -0.00852361
0.01204162 -0.00913361
0.01381504 -0.00973380
0.01570842 -0.01032357
0.01772129 -0.01090236
0.01985316 -0.01146964
0.02210349 -0.01202487
0.02447174 -0.01256757
0.02695732 -0.01309725
0.02955962 -0.01361347
0.03227798 -0.01411580
0.03511176 -0.01460386
0.03806023 -0.01507727
0.04112269 -0.01553568
0.04429836 -0.01597878
0.04758647 -0.01640627
0.05098621 -0.01681789
0.05449674 -0.01721339
0.05811718 -0.01759257
0.06184666 -0.01795523
0.06568424 -0.01830121
0.06962899 -0.01863036
0.07367992 -0.01894257
0.07783604 -0.01923775
0.08209632 -0.01951582
0.08645971 -0.01977673
0.09092514 -0.02002046
0.09549150 -0.02024700
0.10015767 -0.02045636
0.10492249 -0.02064858
0.10978480 -0.02082370
0.11474338 -0.02098179
0.11979702 -0.02112295
0.12494447 -0.02124727
0.13018445 -0.02135487
0.13551569 -0.02144589
0.14093685 -0.02152048
0.14644661 -0.02157879
0.15204360 -0.02162101
0.15772645 -0.02164733
0.16349374 -0.02165796
0.16934407 -0.02165310
0.17527598 -0.02163298
0.18128801 -0.02159786
0.18737867 -0.02154797
0.19354647 -0.02148358
0.19978989 -0.02140497
0.20610737 -0.02131243
0.21249737 -0.02120624
0.21895831 -0.02108672
0.22548859 -0.02095419
0.23208660 -0.02080897
0.23875072 -0.02065141
0.24547929 -0.02048185
0.25227067 -0.02030067
0.25912316 -0.02010822
0.26603509 -0.01990490
0.27300475 -0.01969111
0.28003042 -0.01946723
0.28711035 -0.01923370
0.29424282 -0.01899094
0.30142605 -0.01873939
0.30865828 -0.01847949
0.31593772 -0.01821170
0.32326258 -0.01793650
0.33063104 -0.01765435
0.33804129 -0.01736575
0.34549150 -0.01707120
0.35297984 -0.01677120
0.36050445 -0.01646626
0.36806348 -0.01615690
0.37565506 -0.01584365
0.38327732 -0.01552705
0.39092838 -0.01520763
0.39860635 -0.01488593
0.40630934 -0.01456250
0.41403545 -0.01423788
0.42178277 -0.01391263
0.42954938 -0.01358729
0.43733338 -0.01326240
0.44513284 -0.01293850
0.45294584 -0.01261614
0.46077045 -0.01229584
0.46860474 -0.01197813
0.47644677 -0.01166353
0.48429462 -0.01135252
0.49214634 -0.01104561
0.50000000 -0.01074328
0.50785366 -0.01044597
0.51570538 -0.01015414
0.52355323 -0.00986821
0.53139526 -0.00958859
0.53922955 -0.00931564
0.54705416 -0.00904974
0.55486716 -0.00879122
0.56266662 -0.00854037
0.57045062 -0.00829748
0.57821723 -0.00806280
0.58596455 -0.00783655
0.59369066 -0.00761890
0.60139365 -0.00741002
0.60907162 -0.00721004
0.61672268 -0.00701903
0.62434494 -0.00683705
0.63193652 -0.00666413
0.63949555 -0.00650024
0.64702016 -0.00634534
0.65450850 -0.00619935
0.66195871 -0.00606214
0.66936896 -0.00593357
0.67673742 -0.00581344
0.68406228 -0.00570155
0.69134172 -0.00559764
0.69857395 -0.00550144
0.70575718 -0.00541263
0.71288965 -0.00533089
0.71996958 -0.00525584
0.72699525 -0.00518711
0.73396491 -0.00512429
0.74087684 -0.00506694
0.74772933 -0.00501463
0.75452071 -0.00496689
0.76124928 -0.00492325
0.76791340 -0.00488322
0.77451141 -0.00484631
0.78104169 -0.00481202
0.78750263 -0.00477985
0.79389263 -0.00474929
0.80021011 -0.00471984
0.80645353 -0.00469101
0.81262133 -0.00466232
0.81871199 -0.00463327
0.82472402 -0.00460342
0.83065593 -0.00457231
0.83650626 -0.00453952
0.84227355 -0.00450462
0.84795640 -0.00446725
0.85355339 -0.00442703
0.85906315 -0.00438364
0.86448431 -0.00433677
0.86981555 -0.00428615
0.87505553 -0.00423153
0.88020298 -0.00417271
0.88525662 -0.00410953
0.89021520 -0.00404184
0.89507751 -0.00396954
0.89984233 -0.00389259
0.90450850 -0.00381095
0.90907486 -0.00372464
0.91354029 -0.00363372
0.91790368 -0.00353829
0.92216396 -0.00343847
0.92632008 -0.00333443
0.93037101 -0.00322637
0.93431576 -0.00311454
0.93815334 -0.00299921
0.94188282 -0.00288068
0.94550326 -0.00275929
0.94901379 -0.00263539
0.95241353 -0.00250939
0.95570164 -0.00238169
0.95887731 -0.00225273
0.96193977 -0.00212297
0.96488824 -0.00199287
0.96772202 -0.00186291
0.97044038 -0.00173361
0.97304268 -0.00160545
0.97552826 -0.00147894
0.97789651 -0.00135460
0.98014684 -0.00123294
0.98227871 -0.00111446
0.98429158 -0.00099966
0.98618496 -0.00088902
0.98795838 -0.00078303
0.98961141 -0.00068214
0.99114363 -0.00058680
0.99255466 -0.00049741
0.99384417 -0.00041439
0.99501183 -0.00033810
0.99605735 -0.00026888
0.99698048 -0.00020704
0.99778098 -0.00015286
0.99845867 -0.00010660
0.99901336 -0.00006845
0.99944494 -0.00003860
0.99975328 -0.00001718
0.99993832 -0.00000429
1.00000000 0.00000001
