sample_1021
1.00000000 0.00000001
0.99993832 0.00000963
0.99975328 0.00003848
0.99944494 0.00008655
0.99901336 0.00015386
0.99845867 0.00024041
0.99778098 0.00034620
0.99698048 0.00047123
0.99605735 0.00061550
0.99501183 0.00077902
0.99384417 0.00096180
0.99255466 0.00116384
0.99114363 0.00138515
0.98961141 0.00162572
0.98795838 0.00188557
0.98618496 0.00216469
0.98429158 0.00246309
0.98227871 0.00278077
0.98014684 0.00311773
0.97789651 0.00347396
0.97552826 0.00384946
0.97304268 0.00424421
0.97044038 0.00465820
0.96772202 0.00509141
0.96488824 0.00554381
0.96193977 0.00601538
0.95887731 0.00650606
0.95570164 0.00701580
0.95241353 0.00754455
0.94901379 0.00809223
0.94550326 0.00865876
0.94188282 0.00924404
0.93815334 0.00984795
0.93431576 0.01047036
0.93037101 0.01111112
0.92632008 0.01177006
0.92216396 0.01244700
0.91790368 0.01314172
0.91354029 0.01385398
0.90907486 0.01458353
0.90450850 0.01533007
0.89984233 0.01609330
0.89507751 0.01687287
0.89021520 0.01766840
0.88525662 0.01847950
0.88020298 0.01930572
0.87505553 0.02014661
0.86981555 0.02100165
0.86448431 0.02187033
0.85906315 0.02275206
0.85355339 0.02364624
0.84795640 0.02455226
0.84227355 0.02546942
0.83650626 0.02639705
0.83065593 0.02733439
0.82472402 0.02828068
0.81871199 0.02923514
0.81262133 0.03019693
0.80645353 0.03116520
0.80021011 0.03213907
0.79389263 0.03311764
0.78750263 0.03409998
0.78104169 0.03508514
0.77451141 0.03607217
0.76791340 0.03706006
0.76124928 0.03804784
0.75452071 0.03903449
0.74772933 0.04001901
0.74087684 0.04100037
0.73396491 0.04197754
0.72699525 0.04294952
0.71996958 0.04391528
0.71288965 0.04487382
0.70575718 0.04582412
0.69857395 0.04676521
0.69134172 0.04769610
0.68406228 0.04861584
0.67673742 0.04952349
0.66936896 0.05041815
0.66195871 0.05129891
0.65450850 0.05216493
0.64702016 0.05301536
0.63949555 0.05384940
0.63193652 0.05466629
0.62434494 0.05546529
0.61672268 0.05624570
0.60907162 0.05700685
0.60139365 0.05774813
0.59369066 0.05846892
0.58596455 0.05916869
0.57821723 0.05984692
0.57045062 0.06050312
0.56266662 0.06113685
0.55486716 0.06174771
0.54705416 0.06233531
0.53922955 0.06289932
0.53139526 0.06343942
0.52355323 0.06395535
0.51570538 0.06444684
0.50785366 0.06491367
0.50000000 0.06535564
0.49214634 0.06577258
0.48429462 0.06616433
0.47644677 0.06653075
0.46860474 0.06687172
0.46077045 0.06718713
0.45294584 0.06747688
0.44513284 0.06774089
0.43733338 0.06797908
0.42954938 0.06819137
0.42178277 0.06837769
0.41403545 0.06853798
0.40630934 0.06867216
0.39860635 0.06878018
0.39092838 0.06886196
0.38327732 0.06891742
0.37565506 0.06894650
0.36806348 0.06894912
0.36050445 0.06892519
0.35297984 0.06887463
0.34549150 0.06879734
0.33804129 0.06869323
0.33063104 0.06856221
0.32326258 0.06840419
0.31593772 0.06821906
0.30865828 0.06800674
0.30142605 0.06776713
0.29424282 0.06750014
0.28711035 0.06720571
0.28003042 0.06688376
0.27300475 0.06653425
0.26603509 0.06615712
0.25912316 0.06575236
0.25227067 0.06531996
0.24547929 0.06485995
0.23875072 0.06437236
0.23208660 0.06385728
0.22548859 0.06331481
0.21895831 0.06274508
0.21249737 0.06214827
0.20610737 0.06152458
0.19978989 0.06087426
0.19354647 0.06019761
0.18737867 0.05949496
0.18128801 0.05876668
0.17527598 0.05801320
0.16934407 0.05723498
0.16349374 0.05643254
0.15772645 0.05560644
0.15204360 0.05475729
0.14644661 0.05388573
0.14093685 0.05299247
0.13551569 0.05207824
0.13018445 0.05114382
0.12494447 0.05019003
0.11979702 0.04921773
0.11474338 0.04822781
0.10978480 0.04722118
0.10492249 0.04619881
0.10015767 0.04516165
0.09549150 0.04411071
0.09092514 0.04304698
0.08645971 0.04197150
0.08209632 0.04088528
0.07783604 0.03978936
0.07367992 0.03868475
0.06962899 0.03757249
0.06568424 0.03645357
0.06184666 0.03532898
0.05811718 0.03419970
0.05449674 0.03306666
0.05098621 0.03193078
0.04758647 0.03079292
0.04429836 0.02965392
0.04112269 0.02851457
0.03806023 0.02737561
0.03511176 0.02623773
0.03227798 0.02510156
0.02955962 0.02396770
0.02695732 0.02283665
0.02447174 0.02170887
0.02210349 0.02058477
0.01985316 0.01946467
0.01772129 0.01834883
0.01570842 0.01723747
0.01381504 0.01613071
0.01204162 0.01502864
0.01038859 0.01393126
0.00885637 0.01283852
0.00744534 0.01175032
0.00615583 0.01066650
0.00498817 0.00958683
0.00394265 0.00851105
0.00301952 0.00743885
0.00221902 0.00636988
0.00154133 0.00530375
0.00098664 0.00424003
0.00055506 0.00317827
0.00024672 0.00211801
0.00006168 0.00105875
0.00000000 0.00000000
0.00006168 -0.00069746
0.00024672 -0.00139489
0.00055506 -0.00209225
0.00098664 -0.00278949
0.00154133 -0.00348656
0.00221902 -0.00418337
0.00301952 -0.00487984
0.00394265 -0.00557585
0.00498817 -0.00627124
0.00615583 -0.00696586
0.00744534 -0.00765948
0.00885637 -0.00835187
0.01038859 -0.00904274
0.01204162 -0.00973177
0.01381504 -0.01041859
0.01570842 -0.01110279
0.01772129 -0.01178392
0.01985316 -0.01246148
0.02210349 -0.01313493
0.02447174 -0.01380367
0.02695732 -0.01446707
0.02955962 -0.01512445
0.03227798 -0.01577507
0.03511176 -0.01641819
0.03806023 -0.01705299
0.04112269 -0.01767864
0.04429836 -0.01829424
0.04758647 -0.01889891
0.05098621 -0.01949170
0.05449674 -0.02007164
0.05811718 -0.02063777
0.06184666 -0.02118908
0.06568424 -0.02172457
0.06962899 -0.02224322
0.07367992 -0.02274400
0.07783604 -0.02322592
0.08209632 -0.02368795
0.08645971 -0.02412911
0.09092514 -0.02454841
0.09549150 -0.02494490
0.10015767 -0.02531766
0.10492249 -0.02566580
0.10978480 -0.02598846
0.11474338 -0.02628484
0.11979702 -0.02655416
0.12494447 -0.02679573
0.13018445 -0.02700889
0.13551569 -0.02719306
0.14093685 -0.02734770
0.14644661 -0.02747237
0.15204360 -0.02756668
0.15772645 -0.02763032
0.16349374 -0.02766307
0.16934407 -0.02766477
0.17527598 -0.02763536
0.18128801 -0.02757486
0.18737867 -0.02748337
0.19354647 -0.02736107
0.19978989 -0.02720825
0.20610737 -0.02702526
0.21249737 -0.02681254
0.21895831 -0.02657062
0.22548859 -0.02630013
0.23208660 -0.02600174
0.23875072 -0.02567623
0.24547929 -0.02532446
0.25227067 -0.02494735
0.25912316 -0.02454589
0.26603509 -0.02412114
0.27300475 -0.02367422
0.28003042 -0.02320633
0.28711035 -0.02271870
0.29424282 -0.02221262
0.30142605 -0.02168942
0.30865828 -0.02115047
0.31593772 -0.02059720
0.32326258 -0.02003102
0.33063104 -0.01945342
0.33804129 -0.01886587
0.34549150 -0.01826987
0.35297984 -0.01766692
0.36050445 -0.01705852
0.36806348 -0.01644618
0.37565506 -0.01583139
0.38327732 -0.01521563
0.39092838 -0.01460036
0.39860635 -0.01398701
0.40630934 -0.01337698
0.41403545 -0.01277164
0.42178277 -0.01217233
0.42954938 -0.01158032
0.43733338 -0.01099687
0.44513284 -0.01042315
0.45294584 -0.00986029
0.46077045 -0.00930937
0.46860474 -0.00877140
0.47644677 -0.00824733
0.48429462 -0.00773803
0.49214634 -0.00724432
0.50000000 -0.00676693
0.50785366 -0.00630653
0.51570538 -0.00586373
0.52355323 -0.00543903
0.53139526 -0.00503289
0.53922955 -0.00464568
0.54705416 -0.00427769
0.55486716 -0.00392915
0.56266662 -0.00360021
0.57045062 -0.00329095
0.57821723 -0.00300137
0.58596455 -0.00273141
0.59369066 -0.00248095
0.60139365 -0.00224979
0.60907162 -0.00203768
0.61672268 -0.00184430
0.62434494 -0.00166927
0.63193652 -0.00151217
0.63949555 -0.00137252
0.64702016 -0.00124980
0.65450850 -0.00114343
0.66195871 -0.00105279
0.66936896 -0.00097725
0.67673742 -0.00091611
0.68406228 -0.00086866
0.69134172 -0.00083416
0.69857395 -0.00081184
0.70575718 -0.00080093
0.71288965 -0.00080063
0.71996958 -0.00081012
0.72699525 -0.00082860
0.73396491 -0.00085523
0.74087684 -0.00088920
0.74772933 -0.00092969
0.75452071 -0.00097589
0.76124928 -0.00102699
0.76791340 -0.00108220
0.77451141 -0.00114075
0.78104169 -0.00120188
0.78750263 -0.00126485
0.79389263 -0.00132896
0.80021011 -0.00139352
0.80645353 -0.00145787
0.81262133 -0.00152138
0.81871199 -0.00158346
0.82472402 -0.00164355
0.83065593 -0.00170113
0.83650626 -0.00175570
0.84227355 -0.00180682
0.84795640 -0.00185407
0.85355339 -0.00189709
0.85906315 -0.00193553
0.86448431 -0.00196911
0.86981555 -0.00199758
0.87505553 -0.00202074
0.88020298 -0.00203840
0.88525662 -0.00205044
0.89021520 -0.00205678
0.89507751 -0.00205736
0.89984233 -0.00205217
0.90450850 -0.00204124
0.90907486 -0.00202464
0.91354029 -0.00200245
0.91790368 -0.00197481
0.92216396 -0.00194189
0.92632008 -0.00190387
0.93037101 -0.00186099
0.93431576 -0.00181350
0.93815334 -0.00176166
0.94188282 -0.00170578
0.94550326 -0.00164619
0.94901379 -0.00158321
0.95241353 -0.00151721
0.95570164 -0.00144857
0.95887731 -0.00137766
0.96193977 -0.00130488
0.96488824 -0.00123064
0.96772202 -0.00115535
0.97044038 -0.00107943
0.97304268 -0.00100328
0.97552826 -0.00092732
0.97789651 -0.00085198
0.98014684 -0.00077765
0.98227871 -0.00070473
0.98429158 -0.00063363
0.98618496 -0.00056471
0.98795838 -0.00049835
0.98961141 -0.00043491
0.99114363 -0.00037472
0.99255466 -0.00031809
0.99384417 -0.00026534
0.99501183 -0.00021673
0.99605735 -0.00017253
0.99698048 -0.00013296
0.99778098 -0.00009824
0.99845867 -0.00006855
0.99901336 -0.00004404
0.99944494 -0.00002484
0.99975328 -0.00001106
0.99993832 -0.00000276
1.00000000 0.00000001
