sample_788
1.00000000 0.00000001
0.99993832 0.00001257
0.99975328 0.00005022
0.99944494 0.00011287
0.99901336 0.00020036
0.99845867 0.00031248
0.99778098 0.00044898
0.99698048 0.00060951
0.99605735 0.00079371
0.99501183 0.00100113
0.99384417 0.00123130
0.99255466 0.00148369
0.99114363 0.00175771
0.98961141 0.00205277
0.98795838 0.00236820
0.98618496 0.00270331
0.98429158 0.00305740
0.98227871 0.00342971
0.98014684 0.00381948
0.97789651 0.00422593
0.97552826 0.00464825
0.97304268 0.00508566
0.97044038 0.00553732
0.96772202 0.00600243
0.96488824 0.00648019
0.96193977 0.00696977
0.95887731 0.00747041
0.95570164 0.00798131
0.95241353 0.00850173
0.94901379 0.00903093
0.94550326 0.00956820
0.94188282 0.01011286
0.93815334 0.01066427
0.93431576 0.01122181
0.93037101 0.01178491
0.92632008 0.01235303
0.92216396 0.01292568
0.91790368 0.01350241
0.91354029 0.01408282
0.90907486 0.01466653
0.90450850 0.01525323
0.89984233 0.01584267
0.89507751 0.01643460
0.89021520 0.01702886
0.88525662 0.01762531
0.88020298 0.01822387
0.87505553 0.01882449
0.86981555 0.01942718
0.86448431 0.02003198
0.85906315 0.02063896
0.85355339 0.02124825
0.84795640 0.02186000
0.84227355 0.02247439
0.83650626 0.02309163
0.83065593 0.02371197
0.82472402 0.02433567
0.81871199 0.02496301
0.81262133 0.02559431
0.80645353 0.02622988
0.80021011 0.02687006
0.79389263 0.02751517
0.78750263 0.02816556
0.78104169 0.02882157
0.77451141 0.02948355
0.76791340 0.03015183
0.76124928 0.03082674
0.75452071 0.03150860
0.74772933 0.03219769
0.74087684 0.03289431
0.73396491 0.03359870
0.72699525 0.03431112
0.71996958 0.03503176
0.71288965 0.03576081
0.70575718 0.03649840
0.69857395 0.03724466
0.69134172 0.03799965
0.68406228 0.03876342
0.67673742 0.03953595
0.66936896 0.04031719
0.66195871 0.04110707
0.65450850 0.04190544
0.64702016 0.04271211
0.63949555 0.04352686
0.63193652 0.04434940
0.62434494 0.04517941
0.61672268 0.04601651
0.60907162 0.04686027
0.60139365 0.04771021
0.59369066 0.04856579
0.58596455 0.04942645
0.57821723 0.05029156
0.57045062 0.05116042
0.56266662 0.05203233
0.55486716 0.05290649
0.54705416 0.05378210
0.53922955 0.05465828
0.53139526 0.05553413
0.52355323 0.05640868
0.51570538 0.05728095
0.50785366 0.05814989
0.50000000 0.05901443
0.49214634 0.05987347
0.48429462 0.06072585
0.47644677 0.06157041
0.46860474 0.06240594
0.46077045 0.06323120
0.45294584 0.06404495
0.44513284 0.06484589
0.43733338 0.06563274
0.42954938 0.06640419
0.42178277 0.06715890
0.41403545 0.06789555
0.40630934 0.06861279
0.39860635 0.06930928
0.39092838 0.06998366
0.38327732 0.07063461
0.37565506 0.07126078
0.36806348 0.07186085
0.36050445 0.07243351
0.35297984 0.07297747
0.34549150 0.07349145
0.33804129 0.07397421
0.33063104 0.07442454
0.32326258 0.07484123
0.31593772 0.07522315
0.30865828 0.07556918
0.30142605 0.07587825
0.29424282 0.07614935
0.28711035 0.07638148
0.28003042 0.07657374
0.27300475 0.07672526
0.26603509 0.07683522
0.25912316 0.07690289
0.25227067 0.07692758
0.24547929 0.07690867
0.23875072 0.07684561
0.23208660 0.07673793
0.22548859 0.07658522
0.21895831 0.07638714
0.21249737 0.07614344
0.20610737 0.07585393
0.19978989 0.07551852
0.19354647 0.07513717
0.18737867 0.07470992
0.18128801 0.07423691
0.17527598 0.07371834
0.16934407 0.07315448
0.16349374 0.07254568
0.15772645 0.07189238
0.15204360 0.07119507
0.14644661 0.07045431
0.14093685 0.06967074
0.13551569 0.06884506
0.13018445 0.06797803
0.12494447 0.06707047
0.11979702 0.06612326
0.11474338 0.06513733
0.10978480 0.06411366
0.10492249 0.06305326
0.10015767 0.06195720
0.09549150 0.06082658
0.09092514 0.05966253
0.08645971 0.05846622
0.08209632 0.05723882
0.07783604 0.05598154
0.07367992 0.05469559
0.06962899 0.05338219
0.06568424 0.05204259
0.06184666 0.05067800
0.05811718 0.04928967
0.05449674 0.04787880
0.05098621 0.04644660
0.04758647 0.04499427
0.04429836 0.04352299
0.04112269 0.04203389
0.03806023 0.04052810
0.03511176 0.03900672
0.03227798 0.03747081
0.02955962 0.03592139
0.02695732 0.03435945
0.02447174 0.03278596
0.02210349 0.03120181
0.01985316 0.02960789
0.01772129 0.02800501
0.01570842 0.02639398
0.01381504 0.02477554
0.01204162 0.02315038
0.01038859 0.02151918
0.00885637 0.01988255
0.00744534 0.01824108
0.00615583 0.01659532
0.00498817 0.01494578
0.00394265 0.01329294
0.00301952 0.01163724
0.00221902 0.00997910
0.00154133 0.00831893
0.00098664 0.00665709
0.00055506 0.00499395
0.00024672 0.00332983
0.00006168 0.00166507
0.00000000 0.00000000
0.00006168 -0.00060153
0.00024672 -0.00120156
0.00055506 -0.00179860
0.00098664 -0.00239118
0.00154133 -0.00297783
0.00221902 -0.00355715
0.00301952 -0.00412773
0.00394265 -0.00468824
0.00498817 -0.00523738
0.00615583 -0.00577392
0.00744534 -0.00629667
0.00885637 -0.00680452
0.01038859 -0.00729645
0.01204162 -0.00777148
0.01381504 -0.00822874
0.01570842 -0.00866743
0.01772129 -0.00908684
0.01985316 -0.00948635
0.02210349 -0.00986542
0.02447174 -0.01022362
0.02695732 -0.01056060
0.02955962 -0.01087610
0.03227798 -0.01116998
0.03511176 -0.01144214
0.03806023 -0.01169262
0.04112269 -0.01192152
0.04429836 -0.01212902
0.04758647 -0.01231541
0.05098621 -0.01248103
0.05449674 -0.01262630
0.05811718 -0.01275173
0.06184666 -0.01285787
0.06568424 -0.01294534
0.06962899 -0.01301482
0.07367992 -0.01306705
0.07783604 -0.01310278
0.08209632 -0.01312284
0.08645971 -0.01312806
0.09092514 -0.01311933
0.09549150 -0.01309754
0.10015767 -0.01306360
0.10492249 -0.01301843
0.10978480 -0.01296298
0.11474338 -0.01289817
0.11979702 -0.01282492
0.12494447 -0.01274416
0.13018445 -0.01265679
0.13551569 -0.01256369
0.14093685 -0.01246574
0.14644661 -0.01236378
0.15204360 -0.01225860
0.15772645 -0.01215100
0.16349374 -0.01204172
0.16934407 -0.01193146
0.17527598 -0.01182090
0.18128801 -0.01171067
0.18737867 -0.01160134
0.19354647 -0.01149348
0.19978989 -0.01138758
0.20610737 -0.01128410
0.21249737 -0.01118347
0.21895831 -0.01108605
0.22548859 -0.01099217
0.23208660 -0.01090214
0.23875072 -0.01081620
0.24547929 -0.01073456
0.25227067 -0.01065741
0.25912316 -0.01058487
0.26603509 -0.01051706
0.27300475 -0.01045406
0.28003042 -0.01039589
0.28711035 -0.01034259
0.29424282 -0.01029413
0.30142605 -0.01025049
0.30865828 -0.01021160
0.31593772 -0.01017738
0.32326258 -0.01014774
0.33063104 -0.01012256
0.33804129 -0.01010170
0.34549150 -0.01008502
0.35297984 -0.01007236
0.36050445 -0.01006354
0.36806348 -0.01005839
0.37565506 -0.01005672
0.38327732 -0.01005831
0.39092838 -0.01006297
0.39860635 -0.01007048
0.40630934 -0.01008061
0.41403545 -0.01009314
0.42178277 -0.01010782
0.42954938 -0.01012442
0.43733338 -0.01014269
0.44513284 -0.01016237
0.45294584 -0.01018321
0.46077045 -0.01020494
0.46860474 -0.01022728
0.47644677 -0.01024996
0.48429462 -0.01027269
0.49214634 -0.01029519
0.50000000 -0.01031716
0.50785366 -0.01033829
0.51570538 -0.01035829
0.52355323 -0.01037683
0.53139526 -0.01039360
0.53922955 -0.01040827
0.54705416 -0.01042053
0.55486716 -0.01043004
0.56266662 -0.01043647
0.57045062 -0.01043949
0.57821723 -0.01043876
0.58596455 -0.01043396
0.59369066 -0.01042476
0.60139365 -0.01041083
0.60907162 -0.01039185
0.61672268 -0.01036752
0.62434494 -0.01033752
0.63193652 -0.01030158
0.63949555 -0.01025941
0.64702016 -0.01021075
0.65450850 -0.01015536
0.66195871 -0.01009302
0.66936896 -0.01002350
0.67673742 -0.00994664
0.68406228 -0.00986229
0.69134172 -0.00977030
0.69857395 -0.00967058
0.70575718 -0.00956306
0.71288965 -0.00944771
0.71996958 -0.00932450
0.72699525 -0.00919349
0.73396491 -0.00905472
0.74087684 -0.00890830
0.74772933 -0.00875437
0.75452071 -0.00859309
0.76124928 -0.00842468
0.76791340 -0.00824937
0.77451141 -0.00806746
0.78104169 -0.00787926
0.78750263 -0.00768511
0.79389263 -0.00748540
0.80021011 -0.00728054
0.80645353 -0.00707096
0.81262133 -0.00685715
0.81871199 -0.00663958
0.82472402 -0.00641877
0.83065593 -0.00619526
0.83650626 -0.00596959
0.84227355 -0.00574233
0.84795640 -0.00551404
0.85355339 -0.00528530
0.85906315 -0.00505669
0.86448431 -0.00482880
0.86981555 -0.00460219
0.87505553 -0.00437743
0.88020298 -0.00415508
0.88525662 -0.00393568
0.89021520 -0.00371976
0.89507751 -0.00350781
0.89984233 -0.00330031
0.90450850 -0.00309772
0.90907486 -0.00290046
0.91354029 -0.00270891
0.91790368 -0.00252343
0.92216396 -0.00234435
0.92632008 -0.00217193
0.93037101 -0.00200643
0.93431576 -0.00184804
0.93815334 -0.00169693
0.94188282 -0.00155322
0.94550326 -0.00141698
0.94901379 -0.00128826
0.95241353 -0.00116705
0.95570164 -0.00105332
0.95887731 -0.00094698
0.96193977 -0.00084793
0.96488824 -0.00075601
0.96772202 -0.00067104
0.97044038 -0.00059283
0.97304268 -0.00052113
0.97552826 -0.00045569
0.97789651 -0.00039622
0.98014684 -0.00034244
0.98227871 -0.00029403
0.98429158 -0.00025068
0.98618496 -0.00021207
0.98795838 -0.00017785
0.98961141 -0.00014772
0.99114363 -0.00012133
0.99255466 -0.00009839
0.99384417 -0.00007858
0.99501183 -0.00006162
0.99605735 -0.00004723
0.99698048 -0.00003517
0.99778098 -0.00002519
0.99845867 -0.00001711
0.99901336 -0.00001075
0.99944494 -0.00000595
0.99975328 -0.00000261
0.99993832 -0.00000064
1.00000000 0.00000001
