sample_741
1.00000000 0.00000001
0.99993832 0.00000997
0.99975328 0.00003981
0.99944494 0.00008950
0.99901336 0.00015896
0.99845867 0.00024810
0.99778098 0.00035677
0.99698048 0.00048483
0.99605735 0.00063210
0.99501183 0.00079837
0.99384417 0.00098341
0.99255466 0.00118700
0.99114363 0.00140886
0.98961141 0.00164872
0.98795838 0.00190631
0.98618496 0.00218132
0.98429158 0.00247347
0.98227871 0.00278245
0.98014684 0.00310796
0.97789651 0.00344971
0.97552826 0.00380741
0.97304268 0.00418076
0.97044038 0.00456950
0.96772202 0.00497338
0.96488824 0.00539214
0.96193977 0.00582557
0.95887731 0.00627344
0.95570164 0.00673559
0.95241353 0.00721184
0.94901379 0.00770205
0.94550326 0.00820610
0.94188282 0.00872389
0.93815334 0.00925536
0.93431576 0.00980046
0.93037101 0.01035915
0.92632008 0.01093143
0.92216396 0.01151732
0.91790368 0.01211685
0.91354029 0.01273007
0.90907486 0.01335703
0.90450850 0.01399782
0.89984233 0.01465252
0.89507751 0.01532121
0.89021520 0.01600398
0.88525662 0.01670092
0.88020298 0.01741212
0.87505553 0.01813764
0.86981555 0.01887755
0.86448431 0.01963189
0.85906315 0.02040070
0.85355339 0.02118396
0.84795640 0.02198166
0.84227355 0.02279373
0.83650626 0.02362008
0.83065593 0.02446057
0.82472402 0.02531503
0.81871199 0.02618324
0.81262133 0.02706494
0.80645353 0.02795979
0.80021011 0.02886744
0.79389263 0.02978745
0.78750263 0.03071935
0.78104169 0.03166259
0.77451141 0.03261658
0.76791340 0.03358068
0.76124928 0.03455415
0.75452071 0.03553625
0.74772933 0.03652613
0.74087684 0.03752292
0.73396491 0.03852569
0.72699525 0.03953344
0.71996958 0.04054514
0.71288965 0.04155972
0.70575718 0.04257603
0.69857395 0.04359292
0.69134172 0.04460919
0.68406228 0.04562361
0.67673742 0.04663490
0.66936896 0.04764180
0.66195871 0.04864299
0.65450850 0.04963716
0.64702016 0.05062298
0.63949555 0.05159914
0.63193652 0.05256429
0.62434494 0.05351712
0.61672268 0.05445633
0.60907162 0.05538061
0.60139365 0.05628870
0.59369066 0.05717936
0.58596455 0.05805137
0.57821723 0.05890354
0.57045062 0.05973474
0.56266662 0.06054388
0.55486716 0.06132990
0.54705416 0.06209180
0.53922955 0.06282864
0.53139526 0.06353951
0.52355323 0.06422360
0.51570538 0.06488012
0.50785366 0.06550835
0.50000000 0.06610765
0.49214634 0.06667744
0.48429462 0.06721717
0.47644677 0.06772640
0.46860474 0.06820472
0.46077045 0.06865180
0.45294584 0.06906737
0.44513284 0.06945120
0.43733338 0.06980315
0.42954938 0.07012312
0.42178277 0.07041105
0.41403545 0.07066696
0.40630934 0.07089090
0.39860635 0.07108297
0.39092838 0.07124332
0.38327732 0.07137214
0.37565506 0.07146963
0.36806348 0.07153606
0.36050445 0.07157172
0.35297984 0.07157690
0.34549150 0.07155195
0.33804129 0.07149722
0.33063104 0.07141307
0.32326258 0.07129990
0.31593772 0.07115808
0.30865828 0.07098803
0.30142605 0.07079014
0.29424282 0.07056482
0.28711035 0.07031247
0.28003042 0.07003348
0.27300475 0.06972826
0.26603509 0.06939719
0.25912316 0.06904065
0.25227067 0.06865900
0.24547929 0.06825259
0.23875072 0.06782178
0.23208660 0.06736689
0.22548859 0.06688822
0.21895831 0.06638610
0.21249737 0.06586079
0.20610737 0.06531258
0.19978989 0.06474172
0.19354647 0.06414847
0.18737867 0.06353304
0.18128801 0.06289567
0.17527598 0.06223657
0.16934407 0.06155594
0.16349374 0.06085398
0.15772645 0.06013087
0.15204360 0.05938679
0.14644661 0.05862193
0.14093685 0.05783647
0.13551569 0.05703057
0.13018445 0.05620441
0.12494447 0.05535818
0.11979702 0.05449205
0.11474338 0.05360621
0.10978480 0.05270086
0.10492249 0.05177619
0.10015767 0.05083242
0.09549150 0.04986976
0.09092514 0.04888844
0.08645971 0.04788871
0.08209632 0.04687082
0.07783604 0.04583504
0.07367992 0.04478165
0.06962899 0.04371094
0.06568424 0.04262324
0.06184666 0.04151885
0.05811718 0.04039813
0.05449674 0.03926143
0.05098621 0.03810912
0.04758647 0.03694159
0.04429836 0.03575923
0.04112269 0.03456246
0.03806023 0.03335171
0.03511176 0.03212741
0.03227798 0.03089003
0.02955962 0.02964003
0.02695732 0.02837788
0.02447174 0.02710407
0.02210349 0.02581911
0.01985316 0.02452349
0.01772129 0.02321774
0.01570842 0.02190238
0.01381504 0.02057795
0.01204162 0.01924497
0.01038859 0.01790401
0.00885637 0.01655560
0.00744534 0.01520030
0.00615583 0.01383868
0.00498817 0.01247130
0.00394265 0.01109873
0.00301952 0.00972153
0.00221902 0.00834028
0.00154133 0.00695555
0.00098664 0.00556792
0.00055506 0.00417797
0.00024672 0.00278628
0.00006168 0.00139343
0.00000000 0.00000000
0.00006168 -0.00068608
0.00024672 -0.00137113
0.00055506 -0.00205410
0.00098664 -0.00273398
0.00154133 -0.00340974
0.00221902 -0.00408037
0.00301952 -0.00474489
0.00394265 -0.00540233
0.00498817 -0.00605172
0.00615583 -0.00669214
0.00744534 -0.00732268
0.00885637 -0.00794248
0.01038859 -0.00855068
0.01204162 -0.00914648
0.01381504 -0.00972909
0.01570842 -0.01029777
0.01772129 -0.01085183
0.01985316 -0.01139060
0.02210349 -0.01191346
0.02447174 -0.01241982
0.02695732 -0.01290916
0.02955962 -0.01338099
0.03227798 -0.01383484
0.03511176 -0.01427033
0.03806023 -0.01468709
0.04112269 -0.01508481
0.04429836 -0.01546323
0.04758647 -0.01582211
0.05098621 -0.01616129
0.05449674 -0.01648063
0.05811718 -0.01678003
0.06184666 -0.01705945
0.06568424 -0.01731887
0.06962899 -0.01755832
0.07367992 -0.01777788
0.07783604 -0.01797763
0.08209632 -0.01815772
0.08645971 -0.01831831
0.09092514 -0.01845962
0.09549150 -0.01858186
0.10015767 -0.01868530
0.10492249 -0.01877022
0.10978480 -0.01883693
0.11474338 -0.01888575
0.11979702 -0.01891703
0.12494447 -0.01893114
0.13018445 -0.01892846
0.13551569 -0.01890937
0.14093685 -0.01887429
0.14644661 -0.01882364
0.15204360 -0.01875783
0.15772645 -0.01867730
0.16349374 -0.01858248
0.16934407 -0.01847380
0.17527598 -0.01835172
0.18128801 -0.01821666
0.18737867 -0.01806908
0.19354647 -0.01790940
0.19978989 -0.01773806
0.20610737 -0.01755550
0.21249737 -0.01736214
0.21895831 -0.01715840
0.22548859 -0.01694469
0.23208660 -0.01672143
0.23875072 -0.01648903
0.24547929 -0.01624787
0.25227067 -0.01599835
0.25912316 -0.01574085
0.26603509 -0.01547574
0.27300475 -0.01520341
0.28003042 -0.01492420
0.28711035 -0.01463849
0.29424282 -0.01434662
0.30142605 -0.01404893
0.30865828 -0.01374579
0.31593772 -0.01343751
0.32326258 -0.01312445
0.33063104 -0.01280693
0.33804129 -0.01248529
0.34549150 -0.01215985
0.35297984 -0.01183095
0.36050445 -0.01149892
0.36806348 -0.01116408
0.37565506 -0.01082677
0.38327732 -0.01048732
0.39092838 -0.01014607
0.39860635 -0.00980335
0.40630934 -0.00945951
0.41403545 -0.00911488
0.42178277 -0.00876981
0.42954938 -0.00842465
0.43733338 -0.00807976
0.44513284 -0.00773549
0.45294584 -0.00739220
0.46077045 -0.00705025
0.46860474 -0.00671001
0.47644677 -0.00637184
0.48429462 -0.00603612
0.49214634 -0.00570321
0.50000000 -0.00537349
0.50785366 -0.00504732
0.51570538 -0.00472507
0.52355323 -0.00440712
0.53139526 -0.00409382
0.53922955 -0.00378553
0.54705416 -0.00348262
0.55486716 -0.00318542
0.56266662 -0.00289428
0.57045062 -0.00260954
0.57821723 -0.00233151
0.58596455 -0.00206050
0.59369066 -0.00179683
0.60139365 -0.00154076
0.60907162 -0.00129258
0.61672268 -0.00105254
0.62434494 -0.00082087
0.63193652 -0.00059781
0.63949555 -0.00038354
0.64702016 -0.00017825
0.65450850 0.00001790
0.66195871 0.00020477
0.66936896 0.00038225
0.67673742 0.00055024
0.68406228 0.00070868
0.69134172 0.00085752
0.69857395 0.00099673
0.70575718 0.00112633
0.71288965 0.00124635
0.71996958 0.00135683
0.72699525 0.00145786
0.73396491 0.00154954
0.74087684 0.00163200
0.74772933 0.00170538
0.75452071 0.00176986
0.76124928 0.00182563
0.76791340 0.00187292
0.77451141 0.00191195
0.78104169 0.00194298
0.78750263 0.00196628
0.79389263 0.00198215
0.80021011 0.00199089
0.80645353 0.00199281
0.81262133 0.00198826
0.81871199 0.00197756
0.82472402 0.00196107
0.83065593 0.00193916
0.83650626 0.00191218
0.84227355 0.00188050
0.84795640 0.00184450
0.85355339 0.00180454
0.85906315 0.00176101
0.86448431 0.00171426
0.86981555 0.00166467
0.87505553 0.00161259
0.88020298 0.00155839
0.88525662 0.00150239
0.89021520 0.00144495
0.89507751 0.00138638
0.89984233 0.00132699
0.90450850 0.00126709
0.90907486 0.00120696
0.91354029 0.00114688
0.91790368 0.00108708
0.92216396 0.00102782
0.92632008 0.00096932
0.93037101 0.00091177
0.93431576 0.00085537
0.93815334 0.00080028
0.94188282 0.00074666
0.94550326 0.00069464
0.94901379 0.00064433
0.95241353 0.00059584
0.95570164 0.00054925
0.95887731 0.00050461
0.96193977 0.00046200
0.96488824 0.00042143
0.96772202 0.00038294
0.97044038 0.00034654
0.97304268 0.00031221
0.97552826 0.00027996
0.97789651 0.00024975
0.98014684 0.00022156
0.98227871 0.00019534
0.98429158 0.00017105
0.98618496 0.00014864
0.98795838 0.00012805
0.98961141 0.00010923
0.99114363 0.00009211
0.99255466 0.00007664
0.99384417 0.00006276
0.99501183 0.00005040
0.99605735 0.00003950
0.99698048 0.00003003
0.99778098 0.00002193
0.99845867 0.00001515
0.99901336 0.00000966
0.99944494 0.00000542
0.99975328 0.00000241
0.99993832 0.00000061
1.00000000 0.00000001
