sample_479
1.00000000 0.00000001
0.99993832 0.00001026
0.99975328 0.00004100
0.99944494 0.00009222
0.99901336 0.00016393
0.99845867 0.00025613
0.99778098 0.00036880
0.99698048 0.00050194
0.99605735 0.00065555
0.99501183 0.00082961
0.99384417 0.00102412
0.99255466 0.00123905
0.99114363 0.00147441
0.98961141 0.00173016
0.98795838 0.00200630
0.98618496 0.00230279
0.98429158 0.00261961
0.98227871 0.00295673
0.98014684 0.00331413
0.97789651 0.00369175
0.97552826 0.00408957
0.97304268 0.00450752
0.97044038 0.00494555
0.96772202 0.00540361
0.96488824 0.00588162
0.96193977 0.00637951
0.95887731 0.00689718
0.95570164 0.00743454
0.95241353 0.00799149
0.94901379 0.00856791
0.94550326 0.00916366
0.94188282 0.00977861
0.93815334 0.01041258
0.93431576 0.01106542
0.93037101 0.01173693
0.92632008 0.01242690
0.92216396 0.01313511
0.91790368 0.01386131
0.91354029 0.01460525
0.90907486 0.01536664
0.90450850 0.01614518
0.89984233 0.01694055
0.89507751 0.01775238
0.89021520 0.01858032
0.88525662 0.01942397
0.88020298 0.02028291
0.87505553 0.02115670
0.86981555 0.02204486
0.86448431 0.02294692
0.85906315 0.02386234
0.85355339 0.02479060
0.84795640 0.02573112
0.84227355 0.02668331
0.83650626 0.02764657
0.83065593 0.02862026
0.82472402 0.02960371
0.81871199 0.03059625
0.81262133 0.03159717
0.80645353 0.03260577
0.80021011 0.03362129
0.79389263 0.03464298
0.78750263 0.03567007
0.78104169 0.03670178
0.77451141 0.03773730
0.76791340 0.03877582
0.76124928 0.03981653
0.75452071 0.04085858
0.74772933 0.04190115
0.74087684 0.04294340
0.73396491 0.04398447
0.72699525 0.04502353
0.71996958 0.04605973
0.71288965 0.04709221
0.70575718 0.04812015
0.69857395 0.04914269
0.69134172 0.05015902
0.68406228 0.05116830
0.67673742 0.05216972
0.66936896 0.05316248
0.66195871 0.05414578
0.65450850 0.05511884
0.64702016 0.05608088
0.63949555 0.05703115
0.63193652 0.05796890
0.62434494 0.05889341
0.61672268 0.05980395
0.60907162 0.06069982
0.60139365 0.06158034
0.59369066 0.06244484
0.58596455 0.06329264
0.57821723 0.06412312
0.57045062 0.06493562
0.56266662 0.06572953
0.55486716 0.06650424
0.54705416 0.06725914
0.53922955 0.06799365
0.53139526 0.06870718
0.52355323 0.06939916
0.51570538 0.07006903
0.50785366 0.07071620
0.50000000 0.07134014
0.49214634 0.07194029
0.48429462 0.07251609
0.47644677 0.07306700
0.46860474 0.07359247
0.46077045 0.07409195
0.45294584 0.07456490
0.44513284 0.07501077
0.43733338 0.07542902
0.42954938 0.07581909
0.42178277 0.07618045
0.41403545 0.07651255
0.40630934 0.07681484
0.39860635 0.07708678
0.39092838 0.07732782
0.38327732 0.07753744
0.37565506 0.07771510
0.36806348 0.07786028
0.36050445 0.07797247
0.35297984 0.07805115
0.34549150 0.07809584
0.33804129 0.07810607
0.33063104 0.07808137
0.32326258 0.07802130
0.31593772 0.07792547
0.30865828 0.07779347
0.30142605 0.07762496
0.29424282 0.07741961
0.28711035 0.07717713
0.28003042 0.07689728
0.27300475 0.07657985
0.26603509 0.07622468
0.25912316 0.07583166
0.25227067 0.07540073
0.24547929 0.07493189
0.23875072 0.07442518
0.23208660 0.07388072
0.22548859 0.07329869
0.21895831 0.07267932
0.21249737 0.07202292
0.20610737 0.07132985
0.19978989 0.07060056
0.19354647 0.06983555
0.18737867 0.06903541
0.18128801 0.06820077
0.17527598 0.06733236
0.16934407 0.06643096
0.16349374 0.06549743
0.15772645 0.06453267
0.15204360 0.06353767
0.14644661 0.06251348
0.14093685 0.06146119
0.13551569 0.06038195
0.13018445 0.05927698
0.12494447 0.05814753
0.11979702 0.05699489
0.11474338 0.05582040
0.10978480 0.05462542
0.10492249 0.05341135
0.10015767 0.05217960
0.09549150 0.05093161
0.09092514 0.04966881
0.08645971 0.04839265
0.08209632 0.04710458
0.07783604 0.04580603
0.07367992 0.04449841
0.06962899 0.04318312
0.06568424 0.04186153
0.06184666 0.04053497
0.05811718 0.03920473
0.05449674 0.03787207
0.05098621 0.03653816
0.04758647 0.03520416
0.04429836 0.03387113
0.04112269 0.03254007
0.03806023 0.03121193
0.03511176 0.02988755
0.03227798 0.02856772
0.02955962 0.02725314
0.02695732 0.02594442
0.02447174 0.02464208
0.02210349 0.02334656
0.01985316 0.02205821
0.01772129 0.02077730
0.01570842 0.01950400
0.01381504 0.01823838
0.01204162 0.01698045
0.01038859 0.01573014
0.00885637 0.01448726
0.00744534 0.01325158
0.00615583 0.01202277
0.00498817 0.01080046
0.00394265 0.00958419
0.00301952 0.00837344
0.00221902 0.00716766
0.00154133 0.00596621
0.00098664 0.00476845
0.00055506 0.00357368
0.00024672 0.00238118
0.00006168 0.00119021
0.00000000 0.00000000
0.00006168 -0.00072213
0.00024672 -0.00144408
0.00055506 -0.00216570
0.00098664 -0.00288679
0.00154133 -0.00360718
0.00221902 -0.00432667
0.00301952 -0.00504502
0.00394265 -0.00576203
0.00498817 -0.00647743
0.00615583 -0.00719094
0.00744534 -0.00790227
0.00885637 -0.00861109
0.01038859 -0.00931704
0.01204162 -0.01001975
0.01381504 -0.01071881
0.01570842 -0.01141377
0.01772129 -0.01210416
0.01985316 -0.01278949
0.02210349 -0.01346922
0.02447174 -0.01414279
0.02695732 -0.01480963
0.02955962 -0.01546912
0.03227798 -0.01612063
0.03511176 -0.01676352
0.03806023 -0.01739710
0.04112269 -0.01802070
0.04429836 -0.01863361
0.04758647 -0.01923513
0.05098621 -0.01982455
0.05449674 -0.02040116
0.05811718 -0.02096423
0.06184666 -0.02151307
0.06568424 -0.02204697
0.06962899 -0.02256526
0.07367992 -0.02306726
0.07783604 -0.02355234
0.08209632 -0.02401987
0.08645971 -0.02446926
0.09092514 -0.02489995
0.09549150 -0.02531142
0.10015767 -0.02570318
0.10492249 -0.02607480
0.10978480 -0.02642586
0.11474338 -0.02675601
0.11979702 -0.02706495
0.12494447 -0.02735243
0.13018445 -0.02761823
0.13551569 -0.02786221
0.14093685 -0.02808426
0.14644661 -0.02828433
0.15204360 -0.02846243
0.15772645 -0.02861862
0.16349374 -0.02875301
0.16934407 -0.02886575
0.17527598 -0.02895706
0.18128801 -0.02902718
0.18737867 -0.02907642
0.19354647 -0.02910511
0.19978989 -0.02911365
0.20610737 -0.02910244
0.21249737 -0.02907195
0.21895831 -0.02902264
0.22548859 -0.02895505
0.23208660 -0.02886968
0.23875072 -0.02876711
0.24547929 -0.02864790
0.25227067 -0.02851263
0.25912316 -0.02836189
0.26603509 -0.02819629
0.27300475 -0.02801642
0.28003042 -0.02782288
0.28711035 -0.02761628
0.29424282 -0.02739718
0.30142605 -0.02716618
0.30865828 -0.02692384
0.31593772 -0.02667070
0.32326258 -0.02640730
0.33063104 -0.02613416
0.33804129 -0.02585176
0.34549150 -0.02556058
0.35297984 -0.02526106
0.36050445 -0.02495363
0.36806348 -0.02463870
0.37565506 -0.02431664
0.38327732 -0.02398780
0.39092838 -0.02365252
0.39860635 -0.02331110
0.40630934 -0.02296383
0.41403545 -0.02261099
0.42178277 -0.02225281
0.42954938 -0.02188954
0.43733338 -0.02152139
0.44513284 -0.02114857
0.45294584 -0.02077127
0.46077045 -0.02038968
0.46860474 -0.02000398
0.47644677 -0.01961435
0.48429462 -0.01922096
0.49214634 -0.01882400
0.50000000 -0.01842364
0.50785366 -0.01802007
0.51570538 -0.01761348
0.52355323 -0.01720409
0.53139526 -0.01679209
0.53922955 -0.01637773
0.54705416 -0.01596125
0.55486716 -0.01554290
0.56266662 -0.01512297
0.57045062 -0.01470174
0.57821723 -0.01427953
0.58596455 -0.01385667
0.59369066 -0.01343352
0.60139365 -0.01301043
0.60907162 -0.01258780
0.61672268 -0.01216603
0.62434494 -0.01174553
0.63193652 -0.01132675
0.63949555 -0.01091012
0.64702016 -0.01049612
0.65450850 -0.01008520
0.66195871 -0.00967785
0.66936896 -0.00927455
0.67673742 -0.00887577
0.68406228 -0.00848202
0.69134172 -0.00809376
0.69857395 -0.00771148
0.70575718 -0.00733565
0.71288965 -0.00696673
0.71996958 -0.00660517
0.72699525 -0.00625140
0.73396491 -0.00590583
0.74087684 -0.00556886
0.74772933 -0.00524086
0.75452071 -0.00492216
0.76124928 -0.00461310
0.76791340 -0.00431396
0.77451141 -0.00402499
0.78104169 -0.00374642
0.78750263 -0.00347843
0.79389263 -0.00322119
0.80021011 -0.00297482
0.80645353 -0.00273939
0.81262133 -0.00251496
0.81871199 -0.00230154
0.82472402 -0.00209909
0.83065593 -0.00190756
0.83650626 -0.00172686
0.84227355 -0.00155685
0.84795640 -0.00139736
0.85355339 -0.00124822
0.85906315 -0.00110918
0.86448431 -0.00098000
0.86981555 -0.00086040
0.87505553 -0.00075008
0.88020298 -0.00064872
0.88525662 -0.00055598
0.89021520 -0.00047149
0.89507751 -0.00039489
0.89984233 -0.00032579
0.90450850 -0.00026380
0.90907486 -0.00020852
0.91354029 -0.00015955
0.91790368 -0.00011649
0.92216396 -0.00007893
0.92632008 -0.00004647
0.93037101 -0.00001873
0.93431576 0.00000469
0.93815334 0.00002416
0.94188282 0.00004004
0.94550326 0.00005269
0.94901379 0.00006245
0.95241353 0.00006963
0.95570164 0.00007454
0.95887731 0.00007748
0.96193977 0.00007870
0.96488824 0.00007846
0.96772202 0.00007699
0.97044038 0.00007452
0.97304268 0.00007122
0.97552826 0.00006729
0.97789651 0.00006288
0.98014684 0.00005814
0.98227871 0.00005318
0.98429158 0.00004812
0.98618496 0.00004306
0.98795838 0.00003808
0.98961141 0.00003325
0.99114363 0.00002863
0.99255466 0.00002426
0.99384417 0.00002019
0.99501183 0.00001645
0.99605735 0.00001305
0.99698048 0.00001003
0.99778098 0.00000739
0.99845867 0.00000515
0.99901336 0.00000330
0.99944494 0.00000187
0.99975328 0.00000084
0.99993832 0.00000022
1.00000000 0.00000001
