sample_047
1.00000000 0.00000001
0.99993832 0.00000632
0.99975328 0.00002525
0.99944494 0.00005689
0.99901336 0.00010134
0.99845867 0.00015879
0.99778098 0.00022943
0.99698048 0.00031353
0.99605735 0.00041138
0.99501183 0.00052332
0.99384417 0.00064972
0.99255466 0.00079098
0.99114363 0.00094755
0.98961141 0.00111989
0.98795838 0.00130848
0.98618496 0.00151384
0.98429158 0.00173648
0.98227871 0.00197695
0.98014684 0.00223579
0.97789651 0.00251355
0.97552826 0.00281076
0.97304268 0.00312798
0.97044038 0.00346573
0.96772202 0.00382453
0.96488824 0.00420489
0.96193977 0.00460729
0.95887731 0.00503217
0.95570164 0.00547997
0.95241353 0.00595107
0.94901379 0.00644585
0.94550326 0.00696460
0.94188282 0.00750762
0.93815334 0.00807514
0.93431576 0.00866735
0.93037101 0.00928438
0.92632008 0.00992634
0.92216396 0.01059325
0.91790368 0.01128512
0.91354029 0.01200188
0.90907486 0.01274341
0.90450850 0.01350956
0.89984233 0.01430009
0.89507751 0.01511474
0.89021520 0.01595319
0.88525662 0.01681506
0.88020298 0.01769994
0.87505553 0.01860736
0.86981555 0.01953681
0.86448431 0.02048773
0.85906315 0.02145953
0.85355339 0.02245156
0.84795640 0.02346316
0.84227355 0.02449363
0.83650626 0.02554221
0.83065593 0.02660815
0.82472402 0.02769064
0.81871199 0.02878887
0.81262133 0.02990199
0.80645353 0.03102914
0.80021011 0.03216944
0.79389263 0.03332200
0.78750263 0.03448590
0.78104169 0.03566023
0.77451141 0.03684406
0.76791340 0.03803644
0.76124928 0.03923644
0.75452071 0.04044311
0.74772933 0.04165550
0.74087684 0.04287265
0.73396491 0.04409360
0.72699525 0.04531740
0.71996958 0.04654308
0.71288965 0.04776970
0.70575718 0.04899629
0.69857395 0.05022189
0.69134172 0.05144554
0.68406228 0.05266629
0.67673742 0.05388316
0.66936896 0.05509521
0.66195871 0.05630145
0.65450850 0.05750094
0.64702016 0.05869269
0.63949555 0.05987573
0.63193652 0.06104910
0.62434494 0.06221179
0.61672268 0.06336283
0.60907162 0.06450121
0.60139365 0.06562595
0.59369066 0.06673603
0.58596455 0.06783043
0.57821723 0.06890814
0.57045062 0.06996812
0.56266662 0.07100935
0.55486716 0.07203077
0.54705416 0.07303134
0.53922955 0.07401001
0.53139526 0.07496571
0.52355323 0.07589739
0.51570538 0.07680399
0.50785366 0.07768444
0.50000000 0.07853769
0.49214634 0.07936266
0.48429462 0.08015831
0.47644677 0.08092360
0.46860474 0.08165749
0.46077045 0.08235895
0.45294584 0.08302699
0.44513284 0.08366060
0.43733338 0.08425883
0.42954938 0.08482073
0.42178277 0.08534538
0.41403545 0.08583190
0.40630934 0.08627943
0.39860635 0.08668716
0.39092838 0.08705431
0.38327732 0.08738015
0.37565506 0.08766399
0.36806348 0.08790520
0.36050445 0.08810318
0.35297984 0.08825741
0.34549150 0.08836741
0.33804129 0.08843276
0.33063104 0.08845310
0.32326258 0.08842815
0.31593772 0.08835769
0.30865828 0.08824154
0.30142605 0.08807962
0.29424282 0.08787190
0.28711035 0.08761843
0.28003042 0.08731933
0.27300475 0.08697478
0.26603509 0.08658504
0.25912316 0.08615042
0.25227067 0.08567133
0.24547929 0.08514822
0.23875072 0.08458162
0.23208660 0.08397212
0.22548859 0.08332037
0.21895831 0.08262708
0.21249737 0.08189302
0.20610737 0.08111903
0.19978989 0.08030596
0.19354647 0.07945476
0.18737867 0.07856639
0.18128801 0.07764187
0.17527598 0.07668226
0.16934407 0.07568863
0.16349374 0.07466211
0.15772645 0.07360385
0.15204360 0.07251502
0.14644661 0.07139681
0.14093685 0.07025041
0.13551569 0.06907706
0.13018445 0.06787797
0.12494447 0.06665436
0.11979702 0.06540748
0.11474338 0.06413853
0.10978480 0.06284873
0.10492249 0.06153929
0.10015767 0.06021140
0.09549150 0.05886621
0.09092514 0.05750488
0.08645971 0.05612854
0.08209632 0.05473827
0.07783604 0.05333514
0.07367992 0.05192019
0.06962899 0.05049442
0.06568424 0.04905878
0.06184666 0.04761420
0.05811718 0.04616157
0.05449674 0.04470172
0.05098621 0.04323545
0.04758647 0.04176353
0.04429836 0.04028666
0.04112269 0.03880552
0.03806023 0.03732073
0.03511176 0.03583286
0.03227798 0.03434246
0.02955962 0.03285000
0.02695732 0.03135595
0.02447174 0.02986070
0.02210349 0.02836461
0.01985316 0.02686800
0.01772129 0.02537116
0.01570842 0.02387432
0.01381504 0.02237770
0.01204162 0.02088145
0.01038859 0.01938572
0.00885637 0.01789061
0.00744534 0.01639619
0.00615583 0.01490250
0.00498817 0.01340956
0.00394265 0.01191737
0.00301952 0.01042590
0.00221902 0.00893511
0.00154133 0.00744492
0.00098664 0.00595527
0.00055506 0.00446605
0.00024672 0.00297718
0.00006168 0.00148853
0.00000000 0.00000000
0.00006168 -0.00098122
0.00024672 -0.00196160
0.00055506 -0.00294033
0.00098664 -0.00391657
0.00154133 -0.00488949
0.00221902 -0.00585827
0.00301952 -0.00682207
0.00394265 -0.00778006
0.00498817 -0.00873142
0.00615583 -0.00967532
0.00744534 -0.01061093
0.00885637 -0.01153744
0.01038859 -0.01245401
0.01204162 -0.01335982
0.01381504 -0.01425407
0.01570842 -0.01513594
0.01772129 -0.01600461
0.01985316 -0.01685930
0.02210349 -0.01769920
0.02447174 -0.01852352
0.02695732 -0.01933149
0.02955962 -0.02012235
0.03227798 -0.02089532
0.03511176 -0.02164968
0.03806023 -0.02238468
0.04112269 -0.02309962
0.04429836 -0.02379381
0.04758647 -0.02446656
0.05098621 -0.02511722
0.05449674 -0.02574516
0.05811718 -0.02634978
0.06184666 -0.02693048
0.06568424 -0.02748672
0.06962899 -0.02801796
0.07367992 -0.02852373
0.07783604 -0.02900355
0.08209632 -0.02945701
0.08645971 -0.02988370
0.09092514 -0.03028329
0.09549150 -0.03065545
0.10015767 -0.03099991
0.10492249 -0.03131644
0.10978480 -0.03160485
0.11474338 -0.03186499
0.11979702 -0.03209676
0.12494447 -0.03230010
0.13018445 -0.03247501
0.13551569 -0.03262150
0.14093685 -0.03273966
0.14644661 -0.03282961
0.15204360 -0.03289153
0.15772645 -0.03292563
0.16349374 -0.03293218
0.16934407 -0.03291147
0.17527598 -0.03286385
0.18128801 -0.03278973
0.18737867 -0.03268953
0.19354647 -0.03256374
0.19978989 -0.03241286
0.20610737 -0.03223745
0.21249737 -0.03203810
0.21895831 -0.03181544
0.22548859 -0.03157013
0.23208660 -0.03130285
0.23875072 -0.03101432
0.24547929 -0.03070529
0.25227067 -0.03037654
0.25912316 -0.03002885
0.26603509 -0.02966305
0.27300475 -0.02927996
0.28003042 -0.02888043
0.28711035 -0.02846534
0.29424282 -0.02803555
0.30142605 -0.02759195
0.30865828 -0.02713544
0.31593772 -0.02666690
0.32326258 -0.02618723
0.33063104 -0.02569734
0.33804129 -0.02519813
0.34549150 -0.02469048
0.35297984 -0.02417528
0.36050445 -0.02365341
0.36806348 -0.02312574
0.37565506 -0.02259313
0.38327732 -0.02205643
0.39092838 -0.02151646
0.39860635 -0.02097404
0.40630934 -0.02042996
0.41403545 -0.01988500
0.42178277 -0.01933992
0.42954938 -0.01879546
0.43733338 -0.01825233
0.44513284 -0.01771121
0.45294584 -0.01717279
0.46077045 -0.01663769
0.46860474 -0.01610654
0.47644677 -0.01557994
0.48429462 -0.01505844
0.49214634 -0.01454259
0.50000000 -0.01403290
0.50785366 -0.01352986
0.51570538 -0.01303393
0.52355323 -0.01254554
0.53139526 -0.01206510
0.53922955 -0.01159300
0.54705416 -0.01112957
0.55486716 -0.01067516
0.56266662 -0.01023006
0.57045062 -0.00979455
0.57821723 -0.00936888
0.58596455 -0.00895327
0.59369066 -0.00854793
0.60139365 -0.00815303
0.60907162 -0.00776872
0.61672268 -0.00739513
0.62434494 -0.00703237
0.63193652 -0.00668051
0.63949555 -0.00633963
0.64702016 -0.00600976
0.65450850 -0.00569091
0.66195871 -0.00538309
0.66936896 -0.00508627
0.67673742 -0.00480042
0.68406228 -0.00452547
0.69134172 -0.00426134
0.69857395 -0.00400793
0.70575718 -0.00376514
0.71288965 -0.00353284
0.71996958 -0.00331087
0.72699525 -0.00309908
0.73396491 -0.00289730
0.74087684 -0.00270534
0.74772933 -0.00252299
0.75452071 -0.00235004
0.76124928 -0.00218627
0.76791340 -0.00203145
0.77451141 -0.00188532
0.78104169 -0.00174764
0.78750263 -0.00161814
0.79389263 -0.00149656
0.80021011 -0.00138261
0.80645353 -0.00127602
0.81262133 -0.00117651
0.81871199 -0.00108377
0.82472402 -0.00099753
0.83065593 -0.00091748
0.83650626 -0.00084333
0.84227355 -0.00077480
0.84795640 -0.00071157
0.85355339 -0.00065337
0.85906315 -0.00059990
0.86448431 -0.00055088
0.86981555 -0.00050602
0.87505553 -0.00046506
0.88020298 -0.00042772
0.88525662 -0.00039373
0.89021520 -0.00036285
0.89507751 -0.00033482
0.89984233 -0.00030942
0.90450850 -0.00028640
0.90907486 -0.00026555
0.91354029 -0.00024667
0.91790368 -0.00022956
0.92216396 -0.00021402
0.92632008 -0.00019989
0.93037101 -0.00018700
0.93431576 -0.00017521
0.93815334 -0.00016436
0.94188282 -0.00015435
0.94550326 -0.00014504
0.94901379 -0.00013634
0.95241353 -0.00012815
0.95570164 -0.00012040
0.95887731 -0.00011301
0.96193977 -0.00010593
0.96488824 -0.00009910
0.96772202 -0.00009248
0.97044038 -0.00008605
0.97304268 -0.00007978
0.97552826 -0.00007366
0.97789651 -0.00006768
0.98014684 -0.00006184
0.98227871 -0.00005614
0.98429158 -0.00005060
0.98618496 -0.00004523
0.98795838 -0.00004004
0.98961141 -0.00003507
0.99114363 -0.00003032
0.99255466 -0.00002583
0.99384417 -0.00002162
0.99501183 -0.00001772
0.99605735 -0.00001415
0.99698048 -0.00001093
0.99778098 -0.00000810
0.99845867 -0.00000566
0.99901336 -0.00000364
0.99944494 -0.00000205
0.99975328 -0.00000091
0.99993832 -0.00000022
1.00000000 0.00000001
