sample_208
1.00000000 0.00000001
0.99993832 0.00000701
0.99975328 0.00002800
0.99944494 0.00006307
0.99901336 0.00011230
0.99845867 0.00017586
0.99778098 0.00025392
0.99698048 0.00034670
0.99605735 0.00045448
0.99501183 0.00057754
0.99384417 0.00071623
0.99255466 0.00087089
0.99114363 0.00104193
0.98961141 0.00122977
0.98795838 0.00143485
0.98618496 0.00165763
0.98429158 0.00189859
0.98227871 0.00215824
0.98014684 0.00243709
0.97789651 0.00273565
0.97552826 0.00305444
0.97304268 0.00339400
0.97044038 0.00375483
0.96772202 0.00413747
0.96488824 0.00454240
0.96193977 0.00497013
0.95887731 0.00542113
0.95570164 0.00589584
0.95241353 0.00639471
0.94901379 0.00691813
0.94550326 0.00746646
0.94188282 0.00804005
0.93815334 0.00863919
0.93431576 0.00926413
0.93037101 0.00991508
0.92632008 0.01059220
0.92216396 0.01129562
0.91790368 0.01202538
0.91354029 0.01278150
0.90907486 0.01356392
0.90450850 0.01437254
0.89984233 0.01520719
0.89507751 0.01606764
0.89021520 0.01695360
0.88525662 0.01786471
0.88020298 0.01880055
0.87505553 0.01976065
0.86981555 0.02074445
0.86448431 0.02175134
0.85906315 0.02278064
0.85355339 0.02383162
0.84795640 0.02490348
0.84227355 0.02599535
0.83650626 0.02710630
0.83065593 0.02823537
0.82472402 0.02938150
0.81871199 0.03054360
0.81262133 0.03172053
0.80645353 0.03291109
0.80021011 0.03411403
0.79389263 0.03532807
0.78750263 0.03655187
0.78104169 0.03778407
0.77451141 0.03902325
0.76791340 0.04026799
0.76124928 0.04151680
0.75452071 0.04276820
0.74772933 0.04402068
0.74087684 0.04527269
0.73396491 0.04652270
0.72699525 0.04776915
0.71996958 0.04901048
0.71288965 0.05024511
0.70575718 0.05147149
0.69857395 0.05268807
0.69134172 0.05389329
0.68406228 0.05508562
0.67673742 0.05626354
0.66936896 0.05742556
0.66195871 0.05857022
0.65450850 0.05969606
0.64702016 0.06080169
0.63949555 0.06188573
0.63193652 0.06294685
0.62434494 0.06398375
0.61672268 0.06499520
0.60907162 0.06598001
0.60139365 0.06693701
0.59369066 0.06786514
0.58596455 0.06876334
0.57821723 0.06963066
0.57045062 0.07046617
0.56266662 0.07126902
0.55486716 0.07203843
0.54705416 0.07277367
0.53922955 0.07347409
0.53139526 0.07413911
0.52355323 0.07476819
0.51570538 0.07536089
0.50785366 0.07591683
0.50000000 0.07643569
0.49214634 0.07691723
0.48429462 0.07736126
0.47644677 0.07776769
0.46860474 0.07813646
0.46077045 0.07846759
0.45294584 0.07876117
0.44513284 0.07901733
0.43733338 0.07923629
0.42954938 0.07941830
0.42178277 0.07956368
0.41403545 0.07967280
0.40630934 0.07974607
0.39860635 0.07978395
0.39092838 0.07978696
0.38327732 0.07975563
0.37565506 0.07969056
0.36806348 0.07959236
0.36050445 0.07946168
0.35297984 0.07929919
0.34549150 0.07910559
0.33804129 0.07888160
0.33063104 0.07862793
0.32326258 0.07834534
0.31593772 0.07803457
0.30865828 0.07769637
0.30142605 0.07733149
0.29424282 0.07694069
0.28711035 0.07652470
0.28003042 0.07608424
0.27300475 0.07562005
0.26603509 0.07513281
0.25912316 0.07462320
0.25227067 0.07409187
0.24547929 0.07353946
0.23875072 0.07296656
0.23208660 0.07237375
0.22548859 0.07176156
0.21895831 0.07113049
0.21249737 0.07048101
0.20610737 0.06981354
0.19978989 0.06912849
0.19354647 0.06842619
0.18737867 0.06770697
0.18128801 0.06697109
0.17527598 0.06621880
0.16934407 0.06545028
0.16349374 0.06466569
0.15772645 0.06386515
0.15204360 0.06304874
0.14644661 0.06221652
0.14093685 0.06136850
0.13551569 0.06050466
0.13018445 0.05962496
0.12494447 0.05872933
0.11979702 0.05781767
0.11474338 0.05688988
0.10978480 0.05594582
0.10492249 0.05498535
0.10015767 0.05400830
0.09549150 0.05301452
0.09092514 0.05200383
0.08645971 0.05097606
0.08209632 0.04993105
0.07783604 0.04886863
0.07367992 0.04778865
0.06962899 0.04669098
0.06568424 0.04557549
0.06184666 0.04444207
0.05811718 0.04329065
0.05449674 0.04212119
0.05098621 0.04093365
0.04758647 0.03972804
0.04429836 0.03850442
0.04112269 0.03726285
0.03806023 0.03600348
0.03511176 0.03472645
0.03227798 0.03343198
0.02955962 0.03212031
0.02695732 0.03079176
0.02447174 0.02944665
0.02210349 0.02808538
0.01985316 0.02670840
0.01772129 0.02531619
0.01570842 0.02390928
0.01381504 0.02248826
0.01204162 0.02105376
0.01038859 0.01960644
0.00885637 0.01814703
0.00744534 0.01667627
0.00615583 0.01519497
0.00498817 0.01370396
0.00394265 0.01220410
0.00301952 0.01069630
0.00221902 0.00918148
0.00154133 0.00766060
0.00098664 0.00613464
0.00055506 0.00460458
0.00024672 0.00307144
0.00006168 0.00153624
0.00000000 0.00000000
0.00006168 -0.00058745
0.00024672 -0.00117463
0.00055506 -0.00176127
0.00098664 -0.00234710
0.00154133 -0.00293184
0.00221902 -0.00351521
0.00301952 -0.00409693
0.00394265 -0.00467671
0.00498817 -0.00525425
0.00615583 -0.00582926
0.00744534 -0.00640142
0.00885637 -0.00697042
0.01038859 -0.00753594
0.01204162 -0.00809763
0.01381504 -0.00865516
0.01570842 -0.00920818
0.01772129 -0.00975633
0.01985316 -0.01029924
0.02210349 -0.01083654
0.02447174 -0.01136784
0.02695732 -0.01189275
0.02955962 -0.01241088
0.03227798 -0.01292182
0.03511176 -0.01342516
0.03806023 -0.01392049
0.04112269 -0.01440739
0.04429836 -0.01488545
0.04758647 -0.01535425
0.05098621 -0.01581336
0.05449674 -0.01626238
0.05811718 -0.01670089
0.06184666 -0.01712848
0.06568424 -0.01754475
0.06962899 -0.01794930
0.07367992 -0.01834176
0.07783604 -0.01872174
0.08209632 -0.01908888
0.08645971 -0.01944285
0.09092514 -0.01978330
0.09549150 -0.02010992
0.10015767 -0.02042242
0.10492249 -0.02072051
0.10978480 -0.02100396
0.11474338 -0.02127251
0.11979702 -0.02152597
0.12494447 -0.02176414
0.13018445 -0.02198688
0.13551569 -0.02219405
0.14093685 -0.02238554
0.14644661 -0.02256127
0.15204360 -0.02272120
0.15772645 -0.02286530
0.16349374 -0.02299358
0.16934407 -0.02310609
0.17527598 -0.02320287
0.18128801 -0.02328403
0.18737867 -0.02334969
0.19354647 -0.02340000
0.19978989 -0.02343512
0.20610737 -0.02345528
0.21249737 -0.02346068
0.21895831 -0.02345158
0.22548859 -0.02342827
0.23208660 -0.02339102
0.23875072 -0.02334017
0.24547929 -0.02327606
0.25227067 -0.02319902
0.25912316 -0.02310945
0.26603509 -0.02300772
0.27300475 -0.02289424
0.28003042 -0.02276942
0.28711035 -0.02263368
0.29424282 -0.02248745
0.30142605 -0.02233118
0.30865828 -0.02216529
0.31593772 -0.02199025
0.32326258 -0.02180649
0.33063104 -0.02161447
0.33804129 -0.02141463
0.34549150 -0.02120742
0.35297984 -0.02099328
0.36050445 -0.02077264
0.36806348 -0.02054593
0.37565506 -0.02031358
0.38327732 -0.02007598
0.39092838 -0.01983354
0.39860635 -0.01958664
0.40630934 -0.01933568
0.41403545 -0.01908100
0.42178277 -0.01882296
0.42954938 -0.01856190
0.43733338 -0.01829814
0.44513284 -0.01803198
0.45294584 -0.01776373
0.46077045 -0.01749365
0.46860474 -0.01722201
0.47644677 -0.01694906
0.48429462 -0.01667504
0.49214634 -0.01640015
0.50000000 -0.01612462
0.50785366 -0.01584862
0.51570538 -0.01557234
0.52355323 -0.01529594
0.53139526 -0.01501958
0.53922955 -0.01474339
0.54705416 -0.01446752
0.55486716 -0.01419209
0.56266662 -0.01391720
0.57045062 -0.01364296
0.57821723 -0.01336947
0.58596455 -0.01309682
0.59369066 -0.01282509
0.60139365 -0.01255436
0.60907162 -0.01228472
0.61672268 -0.01201623
0.62434494 -0.01174895
0.63193652 -0.01148296
0.63949555 -0.01121833
0.64702016 -0.01095511
0.65450850 -0.01069337
0.66195871 -0.01043317
0.66936896 -0.01017459
0.67673742 -0.00991768
0.68406228 -0.00966252
0.69134172 -0.00940917
0.69857395 -0.00915772
0.70575718 -0.00890822
0.71288965 -0.00866076
0.71996958 -0.00841543
0.72699525 -0.00817229
0.73396491 -0.00793144
0.74087684 -0.00769296
0.74772933 -0.00745694
0.75452071 -0.00722347
0.76124928 -0.00699265
0.76791340 -0.00676457
0.77451141 -0.00653932
0.78104169 -0.00631701
0.78750263 -0.00609773
0.79389263 -0.00588157
0.80021011 -0.00566864
0.80645353 -0.00545903
0.81262133 -0.00525284
0.81871199 -0.00505016
0.82472402 -0.00485107
0.83065593 -0.00465568
0.83650626 -0.00446406
0.84227355 -0.00427629
0.84795640 -0.00409246
0.85355339 -0.00391264
0.85906315 -0.00373689
0.86448431 -0.00356528
0.86981555 -0.00339787
0.87505553 -0.00323471
0.88020298 -0.00307585
0.88525662 -0.00292132
0.89021520 -0.00277116
0.89507751 -0.00262539
0.89984233 -0.00248404
0.90450850 -0.00234711
0.90907486 -0.00221462
0.91354029 -0.00208656
0.91790368 -0.00196292
0.92216396 -0.00184369
0.92632008 -0.00172885
0.93037101 -0.00161836
0.93431576 -0.00151220
0.93815334 -0.00141031
0.94188282 -0.00131267
0.94550326 -0.00121921
0.94901379 -0.00112987
0.95241353 -0.00104460
0.95570164 -0.00096333
0.95887731 -0.00088598
0.96193977 -0.00081249
0.96488824 -0.00074278
0.96772202 -0.00067676
0.97044038 -0.00061436
0.97304268 -0.00055549
0.97552826 -0.00050008
0.97789651 -0.00044803
0.98014684 -0.00039926
0.98227871 -0.00035369
0.98429158 -0.00031124
0.98618496 -0.00027182
0.98795838 -0.00023536
0.98961141 -0.00020178
0.99114363 -0.00017101
0.99255466 -0.00014297
0.99384417 -0.00011761
0.99501183 -0.00009486
0.99605735 -0.00007466
0.99698048 -0.00005696
0.99778098 -0.00004172
0.99845867 -0.00002889
0.99901336 -0.00001845
0.99944494 -0.00001035
0.99975328 -0.00000459
0.99993832 -0.00000114
1.00000000 0.00000001
