sample_1289
1.00000000 0.00000001
0.99993832 0.00000665
0.99975328 0.00002654
0.99944494 0.00005968
0.99901336 0.00010606
0.99845867 0.00016566
0.99778098 0.00023845
0.99698048 0.00032439
0.99605735 0.00042347
0.99501183 0.00053562
0.99384417 0.00066083
0.99255466 0.00079904
0.99114363 0.00095020
0.98961141 0.00111429
0.98795838 0.00129124
0.98618496 0.00148102
0.98429158 0.00168360
0.98227871 0.00189893
0.98014684 0.00212698
0.97789651 0.00236773
0.97552826 0.00262115
0.97304268 0.00288725
0.97044038 0.00316600
0.96772202 0.00345741
0.96488824 0.00376150
0.96193977 0.00407828
0.95887731 0.00440778
0.95570164 0.00475004
0.95241353 0.00510511
0.94901379 0.00547304
0.94550326 0.00585391
0.94188282 0.00624777
0.93815334 0.00665471
0.93431576 0.00707483
0.93037101 0.00750820
0.92632008 0.00795493
0.92216396 0.00841511
0.91790368 0.00888886
0.91354029 0.00937626
0.90907486 0.00987742
0.90450850 0.01039244
0.89984233 0.01092141
0.89507751 0.01146442
0.89021520 0.01202153
0.88525662 0.01259282
0.88020298 0.01317835
0.87505553 0.01377814
0.86981555 0.01439222
0.86448431 0.01502058
0.85906315 0.01566323
0.85355339 0.01632010
0.84795640 0.01699113
0.84227355 0.01767623
0.83650626 0.01837528
0.83065593 0.01908813
0.82472402 0.01981459
0.81871199 0.02055446
0.81262133 0.02130747
0.80645353 0.02207336
0.80021011 0.02285180
0.79389263 0.02364245
0.78750263 0.02444491
0.78104169 0.02525876
0.77451141 0.02608354
0.76791340 0.02691876
0.76124928 0.02776388
0.75452071 0.02861835
0.74772933 0.02948156
0.74087684 0.03035289
0.73396491 0.03123166
0.72699525 0.03211720
0.71996958 0.03300879
0.71288965 0.03390567
0.70575718 0.03480708
0.69857395 0.03571223
0.69134172 0.03662031
0.68406228 0.03753047
0.67673742 0.03844189
0.66936896 0.03935369
0.66195871 0.04026501
0.65450850 0.04117496
0.64702016 0.04208266
0.63949555 0.04298721
0.63193652 0.04388772
0.62434494 0.04478330
0.61672268 0.04567305
0.60907162 0.04655610
0.60139365 0.04743154
0.59369066 0.04829852
0.58596455 0.04915617
0.57821723 0.05000364
0.57045062 0.05084009
0.56266662 0.05166469
0.55486716 0.05247663
0.54705416 0.05327513
0.53922955 0.05405941
0.53139526 0.05482870
0.52355323 0.05558227
0.51570538 0.05631941
0.50785366 0.05703940
0.50000000 0.05774157
0.49214634 0.05842525
0.48429462 0.05908980
0.47644677 0.05973460
0.46860474 0.06035904
0.46077045 0.06096253
0.45294584 0.06154450
0.44513284 0.06210439
0.43733338 0.06264168
0.42954938 0.06315583
0.42178277 0.06364634
0.41403545 0.06411272
0.40630934 0.06455449
0.39860635 0.06497119
0.39092838 0.06536236
0.38327732 0.06572756
0.37565506 0.06606636
0.36806348 0.06637834
0.36050445 0.06666311
0.35297984 0.06692026
0.34549150 0.06714941
0.33804129 0.06735018
0.33063104 0.06752222
0.32326258 0.06766518
0.31593772 0.06777871
0.30865828 0.06786250
0.30142605 0.06791622
0.29424282 0.06793959
0.28711035 0.06793231
0.28003042 0.06789413
0.27300475 0.06782480
0.26603509 0.06772408
0.25912316 0.06759176
0.25227067 0.06742766
0.24547929 0.06723161
0.23875072 0.06700347
0.23208660 0.06674311
0.22548859 0.06645046
0.21895831 0.06612544
0.21249737 0.06576803
0.20610737 0.06537823
0.19978989 0.06495607
0.19354647 0.06450161
0.18737867 0.06401495
0.18128801 0.06349624
0.17527598 0.06294564
0.16934407 0.06236337
0.16349374 0.06174966
0.15772645 0.06110481
0.15204360 0.06042914
0.14644661 0.05972301
0.14093685 0.05898682
0.13551569 0.05822100
0.13018445 0.05742604
0.12494447 0.05660244
0.11979702 0.05575075
0.11474338 0.05487154
0.10978480 0.05396542
0.10492249 0.05303304
0.10015767 0.05207506
0.09549150 0.05109219
0.09092514 0.05008514
0.08645971 0.04905466
0.08209632 0.04800150
0.07783604 0.04692646
0.07367992 0.04583032
0.06962899 0.04471389
0.06568424 0.04357799
0.06184666 0.04242344
0.05811718 0.04125106
0.05449674 0.04006168
0.05098621 0.03885612
0.04758647 0.03763521
0.04429836 0.03639975
0.04112269 0.03515055
0.03806023 0.03388839
0.03511176 0.03261405
0.03227798 0.03132829
0.02955962 0.03003184
0.02695732 0.02872542
0.02447174 0.02740973
0.02210349 0.02608543
0.01985316 0.02475319
0.01772129 0.02341361
0.01570842 0.02206730
0.01381504 0.02071482
0.01204162 0.01935672
0.01038859 0.01799352
0.00885637 0.01662570
0.00744534 0.01525373
0.00615583 0.01387806
0.00498817 0.01249910
0.00394265 0.01111724
0.00301952 0.00973287
0.00221902 0.00834634
0.00154133 0.00695799
0.00098664 0.00556815
0.00055506 0.00417713
0.00024672 0.00278524
0.00006168 0.00139276
0.00000000 0.00000000
0.00006168 -0.00110094
0.00024672 -0.00219979
0.00055506 -0.00329450
0.00098664 -0.00438298
0.00154133 -0.00546320
0.00221902 -0.00653312
0.00301952 -0.00759075
0.00394265 -0.00863412
0.00498817 -0.00966129
0.00615583 -0.01067039
0.00744534 -0.01165955
0.00885637 -0.01262700
0.01038859 -0.01357100
0.01204162 -0.01448988
0.01381504 -0.01538204
0.01570842 -0.01624593
0.01772129 -0.01708010
0.01985316 -0.01788318
0.02210349 -0.01865386
0.02447174 -0.01939094
0.02695732 -0.02009331
0.02955962 -0.02075993
0.03227798 -0.02138989
0.03511176 -0.02198236
0.03806023 -0.02253663
0.04112269 -0.02305207
0.04429836 -0.02352819
0.04758647 -0.02396459
0.05098621 -0.02436098
0.05449674 -0.02471718
0.05811718 -0.02503314
0.06184666 -0.02530890
0.06568424 -0.02554463
0.06962899 -0.02574061
0.07367992 -0.02589720
0.07783604 -0.02601492
0.08209632 -0.02609435
0.08645971 -0.02613620
0.09092514 -0.02614127
0.09549150 -0.02611047
0.10015767 -0.02604479
0.10492249 -0.02594532
0.10978480 -0.02581323
0.11474338 -0.02564976
0.11979702 -0.02545625
0.12494447 -0.02523408
0.13018445 -0.02498472
0.13551569 -0.02470967
0.14093685 -0.02441050
0.14644661 -0.02408881
0.15204360 -0.02374624
0.15772645 -0.02338446
0.16349374 -0.02300515
0.16934407 -0.02261002
0.17527598 -0.02220077
0.18128801 -0.02177911
0.18737867 -0.02134671
0.19354647 -0.02090527
0.19978989 -0.02045643
0.20610737 -0.02000180
0.21249737 -0.01954296
0.21895831 -0.01908145
0.22548859 -0.01861873
0.23208660 -0.01815624
0.23875072 -0.01769532
0.24547929 -0.01723725
0.25227067 -0.01678324
0.25912316 -0.01633442
0.26603509 -0.01589184
0.27300475 -0.01545644
0.28003042 -0.01502911
0.28711035 -0.01461060
0.29424282 -0.01420161
0.30142605 -0.01380271
0.30865828 -0.01341441
0.31593772 -0.01303708
0.32326258 -0.01267103
0.33063104 -0.01231647
0.33804129 -0.01197351
0.34549150 -0.01164217
0.35297984 -0.01132239
0.36050445 -0.01101403
0.36806348 -0.01071687
0.37565506 -0.01043059
0.38327732 -0.01015485
0.39092838 -0.00988920
0.39860635 -0.00963316
0.40630934 -0.00938619
0.41403545 -0.00914769
0.42178277 -0.00891703
0.42954938 -0.00869357
0.43733338 -0.00847660
0.44513284 -0.00826542
0.45294584 -0.00805931
0.46077045 -0.00785754
0.46860474 -0.00765938
0.47644677 -0.00746413
0.48429462 -0.00727106
0.49214634 -0.00707949
0.50000000 -0.00688877
0.50785366 -0.00669826
0.51570538 -0.00650736
0.52355323 -0.00631554
0.53139526 -0.00612227
0.53922955 -0.00592709
0.54705416 -0.00572962
0.55486716 -0.00552948
0.56266662 -0.00532640
0.57045062 -0.00512014
0.57821723 -0.00491053
0.58596455 -0.00469746
0.59369066 -0.00448089
0.60139365 -0.00426083
0.60907162 -0.00403736
0.61672268 -0.00381063
0.62434494 -0.00358083
0.63193652 -0.00334821
0.63949555 -0.00311309
0.64702016 -0.00287582
0.65450850 -0.00263681
0.66195871 -0.00239651
0.66936896 -0.00215541
0.67673742 -0.00191404
0.68406228 -0.00167295
0.69134172 -0.00143272
0.69857395 -0.00119396
0.70575718 -0.00095728
0.71288965 -0.00072332
0.71996958 -0.00049270
0.72699525 -0.00026607
0.73396491 -0.00004405
0.74087684 0.00017273
0.74772933 0.00038368
0.75452071 0.00058819
0.76124928 0.00078571
0.76791340 0.00097570
0.77451141 0.00115766
0.78104169 0.00133110
0.78750263 0.00149560
0.79389263 0.00165077
0.80021011 0.00179625
0.80645353 0.00193175
0.81262133 0.00205700
0.81871199 0.00217179
0.82472402 0.00227597
0.83065593 0.00236944
0.83650626 0.00245212
0.84227355 0.00252400
0.84795640 0.00258514
0.85355339 0.00263562
0.85906315 0.00267556
0.86448431 0.00270516
0.86981555 0.00272464
0.87505553 0.00273425
0.88020298 0.00273431
0.88525662 0.00272515
0.89021520 0.00270715
0.89507751 0.00268071
0.89984233 0.00264626
0.90450850 0.00260425
0.90907486 0.00255517
0.91354029 0.00249950
0.91790368 0.00243775
0.92216396 0.00237044
0.92632008 0.00229810
0.93037101 0.00222125
0.93431576 0.00214043
0.93815334 0.00205618
0.94188282 0.00196901
0.94550326 0.00187945
0.94901379 0.00178801
0.95241353 0.00169519
0.95570164 0.00160148
0.95887731 0.00150735
0.96193977 0.00141326
0.96488824 0.00131964
0.96772202 0.00122691
0.97044038 0.00113548
0.97304268 0.00104571
0.97552826 0.00095798
0.97789651 0.00087261
0.98014684 0.00078992
0.98227871 0.00071020
0.98429158 0.00063373
0.98618496 0.00056075
0.98795838 0.00049151
0.98961141 0.00042620
0.99114363 0.00036502
0.99255466 0.00030814
0.99384417 0.00025573
0.99501183 0.00020791
0.99605735 0.00016482
0.99698048 0.00012655
0.99778098 0.00009321
0.99845867 0.00006486
0.99901336 0.00004159
0.99944494 0.00002343
0.99975328 0.00001043
0.99993832 0.00000262
1.00000000 0.00000001
