sample_543
1.00000000 0.00000001
0.99993832 0.00001346
0.99975328 0.00005377
0.99944494 0.00012083
0.99901336 0.00021451
0.99845867 0.00033457
0.99778098 0.00048075
0.99698048 0.00065269
0.99605735 0.00085002
0.99501183 0.00107228
0.99384417 0.00131898
0.99255466 0.00158959
0.99114363 0.00188351
0.98961141 0.00220013
0.98795838 0.00253880
0.98618496 0.00289883
0.98429158 0.00327951
0.98227871 0.00368012
0.98014684 0.00409992
0.97789651 0.00453816
0.97552826 0.00499408
0.97304268 0.00546693
0.97044038 0.00595597
0.96772202 0.00646046
0.96488824 0.00697968
0.96193977 0.00751293
0.95887731 0.00805953
0.95570164 0.00861884
0.95241353 0.00919026
0.94901379 0.00977319
0.94550326 0.01036712
0.94188282 0.01097153
0.93815334 0.01158599
0.93431576 0.01221009
0.93037101 0.01284349
0.92632008 0.01348587
0.92216396 0.01413698
0.91790368 0.01479662
0.91354029 0.01546465
0.90907486 0.01614095
0.90450850 0.01682547
0.89984233 0.01751821
0.89507751 0.01821920
0.89021520 0.01892852
0.88525662 0.01964629
0.88020298 0.02037266
0.87505553 0.02110780
0.86981555 0.02185195
0.86448431 0.02260531
0.85906315 0.02336816
0.85355339 0.02414075
0.84795640 0.02492336
0.84227355 0.02571626
0.83650626 0.02651972
0.83065593 0.02733400
0.82472402 0.02815935
0.81871199 0.02899600
0.81262133 0.02984414
0.80645353 0.03070395
0.80021011 0.03157555
0.79389263 0.03245903
0.78750263 0.03335442
0.78104169 0.03426172
0.77451141 0.03518085
0.76791340 0.03611168
0.76124928 0.03705400
0.75452071 0.03800754
0.74772933 0.03897196
0.74087684 0.03994684
0.73396491 0.04093167
0.72699525 0.04192589
0.71996958 0.04292882
0.71288965 0.04393973
0.70575718 0.04495779
0.69857395 0.04598209
0.69134172 0.04701164
0.68406228 0.04804538
0.67673742 0.04908215
0.66936896 0.05012073
0.66195871 0.05115982
0.65450850 0.05219806
0.64702016 0.05323402
0.63949555 0.05426620
0.63193652 0.05529305
0.62434494 0.05631297
0.61672268 0.05732432
0.60907162 0.05832541
0.60139365 0.05931452
0.59369066 0.06028990
0.58596455 0.06124979
0.57821723 0.06219241
0.57045062 0.06311597
0.56266662 0.06401870
0.55486716 0.06489881
0.54705416 0.06575456
0.53922955 0.06658420
0.53139526 0.06738604
0.52355323 0.06815841
0.51570538 0.06889970
0.50785366 0.06960832
0.50000000 0.07028278
0.49214634 0.07092163
0.48429462 0.07152350
0.47644677 0.07208710
0.46860474 0.07261120
0.46077045 0.07309469
0.45294584 0.07353653
0.44513284 0.07393578
0.43733338 0.07429160
0.42954938 0.07460326
0.42178277 0.07487011
0.41403545 0.07509164
0.40630934 0.07526743
0.39860635 0.07539717
0.39092838 0.07548066
0.38327732 0.07551781
0.37565506 0.07550864
0.36806348 0.07545328
0.36050445 0.07535197
0.35297984 0.07520504
0.34549150 0.07501294
0.33804129 0.07477619
0.33063104 0.07449544
0.32326258 0.07417141
0.31593772 0.07380490
0.30865828 0.07339681
0.30142605 0.07294811
0.29424282 0.07245984
0.28711035 0.07193310
0.28003042 0.07136906
0.27300475 0.07076894
0.26603509 0.07013400
0.25912316 0.06946557
0.25227067 0.06876498
0.24547929 0.06803361
0.23875072 0.06727286
0.23208660 0.06648414
0.22548859 0.06566889
0.21895831 0.06482854
0.21249737 0.06396450
0.20610737 0.06307822
0.19978989 0.06217109
0.19354647 0.06124452
0.18737867 0.06029988
0.18128801 0.05933850
0.17527598 0.05836171
0.16934407 0.05737077
0.16349374 0.05636693
0.15772645 0.05535138
0.15204360 0.05432527
0.14644661 0.05328969
0.14093685 0.05224571
0.13551569 0.05119430
0.13018445 0.05013643
0.12494447 0.04907296
0.11979702 0.04800474
0.11474338 0.04693253
0.10978480 0.04585705
0.10492249 0.04477897
0.10015767 0.04369888
0.09549150 0.04261734
0.09092514 0.04153484
0.08645971 0.04045183
0.08209632 0.03936870
0.07783604 0.03828579
0.07367992 0.03720340
0.06962899 0.03612179
0.06568424 0.03504117
0.06184666 0.03396170
0.05811718 0.03288353
0.05449674 0.03180676
0.05098621 0.03073147
0.04758647 0.02965768
0.04429836 0.02858544
0.04112269 0.02751473
0.03806023 0.02644552
0.03511176 0.02537779
0.03227798 0.02431147
0.02955962 0.02324651
0.02695732 0.02218282
0.02447174 0.02112033
0.02210349 0.02005895
0.01985316 0.01899859
0.01772129 0.01793916
0.01570842 0.01688057
0.01381504 0.01582274
0.01204162 0.01476557
0.01038859 0.01370900
0.00885637 0.01265293
0.00744534 0.01159730
0.00615583 0.01054205
0.00498817 0.00948712
0.00394265 0.00843245
0.00301952 0.00737799
0.00221902 0.00632371
0.00154133 0.00526957
0.00098664 0.00421554
0.00055506 0.00316159
0.00024672 0.00210770
0.00006168 0.00105384
0.00000000 0.00000000
0.00006168 -0.00084919
0.00024672 -0.00169686
0.00055506 -0.00254149
0.00098664 -0.00338160
0.00154133 -0.00421567
0.00221902 -0.00504225
0.00301952 -0.00585989
0.00394265 -0.00666715
0.00498817 -0.00746265
0.00615583 -0.00824503
0.00744534 -0.00901298
0.00885637 -0.00976522
0.01038859 -0.01050053
0.01204162 -0.01121772
0.01381504 -0.01191568
0.01570842 -0.01259333
0.01772129 -0.01324967
0.01985316 -0.01388375
0.02210349 -0.01449469
0.02447174 -0.01508167
0.02695732 -0.01564395
0.02955962 -0.01618084
0.03227798 -0.01669175
0.03511176 -0.01717614
0.03806023 -0.01763354
0.04112269 -0.01806358
0.04429836 -0.01846594
0.04758647 -0.01884039
0.05098621 -0.01918676
0.05449674 -0.01950495
0.05811718 -0.01979497
0.06184666 -0.02005686
0.06568424 -0.02029076
0.06962899 -0.02049686
0.07367992 -0.02067544
0.07783604 -0.02082682
0.08209632 -0.02095141
0.08645971 -0.02104967
0.09092514 -0.02112213
0.09549150 -0.02116937
0.10015767 -0.02119203
0.10492249 -0.02119080
0.10978480 -0.02116642
0.11474338 -0.02111969
0.11979702 -0.02105143
0.12494447 -0.02096252
0.13018445 -0.02085387
0.13551569 -0.02072644
0.14093685 -0.02058120
0.14644661 -0.02041915
0.15204360 -0.02024133
0.15772645 -0.02004879
0.16349374 -0.01984259
0.16934407 -0.01962382
0.17527598 -0.01939357
0.18128801 -0.01915293
0.18737867 -0.01890300
0.19354647 -0.01864489
0.19978989 -0.01837969
0.20610737 -0.01810849
0.21249737 -0.01783236
0.21895831 -0.01755237
0.22548859 -0.01726957
0.23208660 -0.01698497
0.23875072 -0.01669958
0.24547929 -0.01641436
0.25227067 -0.01613028
0.25912316 -0.01584823
0.26603509 -0.01556909
0.27300475 -0.01529370
0.28003042 -0.01502287
0.28711035 -0.01475734
0.29424282 -0.01449783
0.30142605 -0.01424500
0.30865828 -0.01399948
0.31593772 -0.01376182
0.32326258 -0.01353255
0.33063104 -0.01331213
0.33804129 -0.01310097
0.34549150 -0.01289942
0.35297984 -0.01270779
0.36050445 -0.01252632
0.36806348 -0.01235519
0.37565506 -0.01219455
0.38327732 -0.01204446
0.39092838 -0.01190495
0.39860635 -0.01177598
0.40630934 -0.01165747
0.41403545 -0.01154926
0.42178277 -0.01145117
0.42954938 -0.01136294
0.43733338 -0.01128429
0.44513284 -0.01121486
0.45294584 -0.01115428
0.46077045 -0.01110210
0.46860474 -0.01105786
0.47644677 -0.01102104
0.48429462 -0.01099110
0.49214634 -0.01096746
0.50000000 -0.01094950
0.50785366 -0.01093660
0.51570538 -0.01092808
0.52355323 -0.01092328
0.53139526 -0.01092151
0.53922955 -0.01092204
0.54705416 -0.01092417
0.55486716 -0.01092718
0.56266662 -0.01093034
0.57045062 -0.01093294
0.57821723 -0.01093426
0.58596455 -0.01093359
0.59369066 -0.01093026
0.60139365 -0.01092359
0.60907162 -0.01091292
0.61672268 -0.01089764
0.62434494 -0.01087714
0.63193652 -0.01085087
0.63949555 -0.01081827
0.64702016 -0.01077887
0.65450850 -0.01073220
0.66195871 -0.01067786
0.66936896 -0.01061546
0.67673742 -0.01054469
0.68406228 -0.01046527
0.69134172 -0.01037698
0.69857395 -0.01027963
0.70575718 -0.01017311
0.71288965 -0.01005734
0.71996958 -0.00993230
0.72699525 -0.00979803
0.73396491 -0.00965459
0.74087684 -0.00950214
0.74772933 -0.00934085
0.75452071 -0.00917095
0.76124928 -0.00899273
0.76791340 -0.00880651
0.77451141 -0.00861266
0.78104169 -0.00841158
0.78750263 -0.00820374
0.79389263 -0.00798960
0.80021011 -0.00776969
0.80645353 -0.00754456
0.81262133 -0.00731476
0.81871199 -0.00708090
0.82472402 -0.00684360
0.83065593 -0.00660347
0.83650626 -0.00636115
0.84227355 -0.00611730
0.84795640 -0.00587256
0.85355339 -0.00562759
0.85906315 -0.00538302
0.86448431 -0.00513949
0.86981555 -0.00489763
0.87505553 -0.00465805
0.88020298 -0.00442134
0.88525662 -0.00418808
0.89021520 -0.00395880
0.89507751 -0.00373402
0.89984233 -0.00351422
0.90450850 -0.00329987
0.90907486 -0.00309138
0.91354029 -0.00288913
0.91790368 -0.00269346
0.92216396 -0.00250467
0.92632008 -0.00232304
0.93037101 -0.00214876
0.93431576 -0.00198204
0.93815334 -0.00182299
0.94188282 -0.00167172
0.94550326 -0.00152827
0.94901379 -0.00139267
0.95241353 -0.00126488
0.95570164 -0.00114485
0.95887731 -0.00103246
0.96193977 -0.00092760
0.96488824 -0.00083009
0.96772202 -0.00073974
0.97044038 -0.00065633
0.97304268 -0.00057961
0.97552826 -0.00050932
0.97789651 -0.00044518
0.98014684 -0.00038690
0.98227871 -0.00033415
0.98429158 -0.00028664
0.98618496 -0.00024403
0.98795838 -0.00020601
0.98961141 -0.00017226
0.99114363 -0.00014246
0.99255466 -0.00011632
0.99384417 -0.00009354
0.99501183 -0.00007384
0.99605735 -0.00005696
0.99698048 -0.00004267
0.99778098 -0.00003074
0.99845867 -0.00002099
0.99901336 -0.00001324
0.99944494 -0.00000736
0.99975328 -0.00000324
0.99993832 -0.00000080
1.00000000 0.00000001
