sample_1154
1.00000000 0.00000001
0.99993832 0.00001124
0.99975328 0.00004491
0.99944494 0.00010105
0.99901336 0.00017966
0.99845867 0.00028076
0.99778098 0.00040438
0.99698048 0.00055054
0.99605735 0.00071928
0.99501183 0.00091063
0.99384417 0.00112464
0.99255466 0.00136135
0.99114363 0.00162081
0.98961141 0.00190306
0.98795838 0.00220816
0.98618496 0.00253615
0.98429158 0.00288709
0.98227871 0.00326102
0.98014684 0.00365799
0.97789651 0.00407805
0.97552826 0.00452123
0.97304268 0.00498757
0.97044038 0.00547709
0.96772202 0.00598981
0.96488824 0.00652575
0.96193977 0.00708489
0.95887731 0.00766723
0.95570164 0.00827274
0.95241353 0.00890136
0.94901379 0.00955305
0.94550326 0.01022772
0.94188282 0.01092527
0.93815334 0.01164558
0.93431576 0.01238850
0.93037101 0.01315387
0.92632008 0.01394147
0.92216396 0.01475108
0.91790368 0.01558245
0.91354029 0.01643528
0.90907486 0.01730926
0.90450850 0.01820401
0.89984233 0.01911916
0.89507751 0.02005426
0.89021520 0.02100884
0.88525662 0.02198241
0.88020298 0.02297441
0.87505553 0.02398424
0.86981555 0.02501129
0.86448431 0.02605487
0.85906315 0.02711428
0.85355339 0.02818876
0.84795640 0.02927752
0.84227355 0.03037971
0.83650626 0.03149447
0.83065593 0.03262088
0.82472402 0.03375799
0.81871199 0.03490480
0.81262133 0.03606029
0.80645353 0.03722340
0.80021011 0.03839305
0.79389263 0.03956811
0.78750263 0.04074744
0.78104169 0.04192987
0.77451141 0.04311420
0.76791340 0.04429922
0.76124928 0.04548370
0.75452071 0.04666640
0.74772933 0.04784607
0.74087684 0.04902144
0.73396491 0.05019125
0.72699525 0.05135424
0.71996958 0.05250915
0.71288965 0.05365472
0.70575718 0.05478970
0.69857395 0.05591286
0.69134172 0.05702298
0.68406228 0.05811886
0.67673742 0.05919933
0.66936896 0.06026324
0.66195871 0.06130946
0.65450850 0.06233691
0.64702016 0.06334451
0.63949555 0.06433126
0.63193652 0.06529615
0.62434494 0.06623826
0.61672268 0.06715666
0.60907162 0.06805051
0.60139365 0.06891898
0.59369066 0.06976130
0.58596455 0.07057674
0.57821723 0.07136463
0.57045062 0.07212433
0.56266662 0.07285525
0.55486716 0.07355685
0.54705416 0.07422864
0.53922955 0.07487017
0.53139526 0.07548103
0.52355323 0.07606087
0.51570538 0.07660936
0.50785366 0.07712623
0.50000000 0.07761123
0.49214634 0.07806418
0.48429462 0.07848489
0.47644677 0.07887325
0.46860474 0.07922914
0.46077045 0.07955250
0.45294584 0.07984329
0.44513284 0.08010148
0.43733338 0.08032708
0.42954938 0.08052012
0.42178277 0.08068064
0.41403545 0.08080871
0.40630934 0.08090439
0.39860635 0.08096779
0.39092838 0.08099900
0.38327732 0.08099814
0.37565506 0.08096533
0.36806348 0.08090069
0.36050445 0.08080436
0.35297984 0.08067648
0.34549150 0.08051720
0.33804129 0.08032666
0.33063104 0.08010502
0.32326258 0.07985244
0.31593772 0.07956908
0.30865828 0.07925510
0.30142605 0.07891067
0.29424282 0.07853598
0.28711035 0.07813120
0.28003042 0.07769652
0.27300475 0.07723214
0.26603509 0.07673827
0.25912316 0.07621511
0.25227067 0.07566291
0.24547929 0.07508190
0.23875072 0.07447234
0.23208660 0.07383450
0.22548859 0.07316868
0.21895831 0.07247517
0.21249737 0.07175432
0.20610737 0.07100647
0.19978989 0.07023200
0.19354647 0.06943131
0.18737867 0.06860481
0.18128801 0.06775297
0.17527598 0.06687626
0.16934407 0.06597519
0.16349374 0.06505028
0.15772645 0.06410210
0.15204360 0.06313123
0.14644661 0.06213829
0.14093685 0.06112393
0.13551569 0.06008881
0.13018445 0.05903362
0.12494447 0.05795908
0.11979702 0.05686594
0.11474338 0.05575494
0.10978480 0.05462688
0.10492249 0.05348255
0.10015767 0.05232275
0.09549150 0.05114832
0.09092514 0.04996007
0.08645971 0.04875885
0.08209632 0.04754550
0.07783604 0.04632085
0.07367992 0.04508575
0.06962899 0.04384103
0.06568424 0.04258750
0.06184666 0.04132599
0.05811718 0.04005727
0.05449674 0.03878214
0.05098621 0.03750133
0.04758647 0.03621558
0.04429836 0.03492559
0.04112269 0.03363202
0.03806023 0.03233552
0.03511176 0.03103668
0.03227798 0.02973607
0.02955962 0.02843420
0.02695732 0.02713156
0.02447174 0.02582860
0.02210349 0.02452570
0.01985316 0.02322322
0.01772129 0.02192148
0.01570842 0.02062072
0.01381504 0.01932116
0.01204162 0.01802300
0.01038859 0.01672634
0.00885637 0.01543130
0.00744534 0.01413790
0.00615583 0.01284617
0.00498817 0.01155607
0.00394265 0.01026756
0.00301952 0.00898053
0.00221902 0.00769486
0.00154133 0.00641042
0.00098664 0.00512702
0.00055506 0.00384449
0.00024672 0.00256262
0.00006168 0.00128120
0.00000000 0.00000000
0.00006168 -0.00095741
0.00024672 -0.00191350
0.00055506 -0.00286700
0.00098664 -0.00381657
0.00154133 -0.00476094
0.00221902 -0.00569881
0.00301952 -0.00662888
0.00394265 -0.00754987
0.00498817 -0.00846052
0.00615583 -0.00935955
0.00744534 -0.01024572
0.00885637 -0.01111779
0.01038859 -0.01197454
0.01204162 -0.01281476
0.01381504 -0.01363726
0.01570842 -0.01444089
0.01772129 -0.01522450
0.01985316 -0.01598699
0.02210349 -0.01672728
0.02447174 -0.01744432
0.02695732 -0.01813709
0.02955962 -0.01880464
0.03227798 -0.01944604
0.03511176 -0.02006040
0.03806023 -0.02064690
0.04112269 -0.02120477
0.04429836 -0.02173327
0.04758647 -0.02223176
0.05098621 -0.02269964
0.05449674 -0.02313639
0.05811718 -0.02354155
0.06184666 -0.02391473
0.06568424 -0.02425563
0.06962899 -0.02456402
0.07367992 -0.02483976
0.07783604 -0.02508278
0.08209632 -0.02529310
0.08645971 -0.02547085
0.09092514 -0.02561620
0.09549150 -0.02572946
0.10015767 -0.02581100
0.10492249 -0.02586129
0.10978480 -0.02588088
0.11474338 -0.02587041
0.11979702 -0.02583062
0.12494447 -0.02576233
0.13018445 -0.02566643
0.13551569 -0.02554391
0.14093685 -0.02539582
0.14644661 -0.02522330
0.15204360 -0.02502755
0.15772645 -0.02480984
0.16349374 -0.02457149
0.16934407 -0.02431389
0.17527598 -0.02403847
0.18128801 -0.02374671
0.18737867 -0.02344013
0.19354647 -0.02312027
0.19978989 -0.02278870
0.20610737 -0.02244701
0.21249737 -0.02209680
0.21895831 -0.02173967
0.22548859 -0.02137721
0.23208660 -0.02101102
0.23875072 -0.02064266
0.24547929 -0.02027366
0.25227067 -0.01990554
0.25912316 -0.01953976
0.26603509 -0.01917773
0.27300475 -0.01882083
0.28003042 -0.01847035
0.28711035 -0.01812753
0.29424282 -0.01779354
0.30142605 -0.01746946
0.30865828 -0.01715630
0.31593772 -0.01685497
0.32326258 -0.01656630
0.33063104 -0.01629103
0.33804129 -0.01602979
0.34549150 -0.01578311
0.35297984 -0.01555144
0.36050445 -0.01533511
0.36806348 -0.01513434
0.37565506 -0.01494927
0.38327732 -0.01477993
0.39092838 -0.01462623
0.39860635 -0.01448802
0.40630934 -0.01436501
0.41403545 -0.01425685
0.42178277 -0.01416309
0.42954938 -0.01408318
0.43733338 -0.01401652
0.44513284 -0.01396239
0.45294584 -0.01392004
0.46077045 -0.01388863
0.46860474 -0.01386727
0.47644677 -0.01385500
0.48429462 -0.01385085
0.49214634 -0.01385377
0.50000000 -0.01386270
0.50785366 -0.01387655
0.51570538 -0.01389420
0.52355323 -0.01391453
0.53139526 -0.01393642
0.53922955 -0.01395874
0.54705416 -0.01398037
0.55486716 -0.01400021
0.56266662 -0.01401719
0.57045062 -0.01403027
0.57821723 -0.01403842
0.58596455 -0.01404068
0.59369066 -0.01403613
0.60139365 -0.01402388
0.60907162 -0.01400314
0.61672268 -0.01397313
0.62434494 -0.01393317
0.63193652 -0.01388264
0.63949555 -0.01382098
0.64702016 -0.01374771
0.65450850 -0.01366243
0.66195871 -0.01356482
0.66936896 -0.01345461
0.67673742 -0.01333164
0.68406228 -0.01319581
0.69134172 -0.01304710
0.69857395 -0.01288557
0.70575718 -0.01271134
0.71288965 -0.01252463
0.71996958 -0.01232570
0.72699525 -0.01211490
0.73396491 -0.01189263
0.74087684 -0.01165935
0.74772933 -0.01141558
0.75452071 -0.01116191
0.76124928 -0.01089894
0.76791340 -0.01062736
0.77451141 -0.01034787
0.78104169 -0.01006120
0.78750263 -0.00976813
0.79389263 -0.00946945
0.80021011 -0.00916597
0.80645353 -0.00885853
0.81262133 -0.00854795
0.81871199 -0.00823509
0.82472402 -0.00792079
0.83065593 -0.00760587
0.83650626 -0.00729116
0.84227355 -0.00697749
0.84795640 -0.00666562
0.85355339 -0.00635635
0.85906315 -0.00605041
0.86448431 -0.00574851
0.86981555 -0.00545133
0.87505553 -0.00515951
0.88020298 -0.00487367
0.88525662 -0.00459435
0.89021520 -0.00432209
0.89507751 -0.00405735
0.89984233 -0.00380056
0.90450850 -0.00355210
0.90907486 -0.00331231
0.91354029 -0.00308146
0.91790368 -0.00285979
0.92216396 -0.00264748
0.92632008 -0.00244467
0.93037101 -0.00225146
0.93431576 -0.00206788
0.93815334 -0.00189394
0.94188282 -0.00172960
0.94550326 -0.00157476
0.94901379 -0.00142931
0.95241353 -0.00129308
0.95570164 -0.00116589
0.95887731 -0.00104750
0.96193977 -0.00093766
0.96488824 -0.00083609
0.96772202 -0.00074248
0.97044038 -0.00065653
0.97304268 -0.00057787
0.97552826 -0.00050617
0.97789651 -0.00044106
0.98014684 -0.00038216
0.98227871 -0.00032911
0.98429158 -0.00028152
0.98618496 -0.00023903
0.98795838 -0.00020128
0.98961141 -0.00016789
0.99114363 -0.00013853
0.99255466 -0.00011287
0.99384417 -0.00009058
0.99501183 -0.00007137
0.99605735 -0.00005496
0.99698048 -0.00004111
0.99778098 -0.00002958
0.99845867 -0.00002017
0.99901336 -0.00001271
0.99944494 -0.00000706
0.99975328 -0.00000310
0.99993832 -0.00000076
1.00000000 0.00000001
