sample_1121
1.00000000 0.00000001
0.99993832 0.00000885
0.99975328 0.00003533
0.99944494 0.00007947
0.99901336 0.00014123
0.99845867 0.00022061
0.99778098 0.00031756
0.99698048 0.00043205
0.99605735 0.00056406
0.99501183 0.00071352
0.99384417 0.00088040
0.99255466 0.00106464
0.99114363 0.00126620
0.98961141 0.00148503
0.98795838 0.00172107
0.98618496 0.00197428
0.98429158 0.00224460
0.98227871 0.00253199
0.98014684 0.00283641
0.97789651 0.00315782
0.97552826 0.00349619
0.97304268 0.00385150
0.97044038 0.00422372
0.96772202 0.00461284
0.96488824 0.00501886
0.96193977 0.00544176
0.95887731 0.00588155
0.95570164 0.00633825
0.95241353 0.00681186
0.94901379 0.00730241
0.94550326 0.00780992
0.94188282 0.00833440
0.93815334 0.00887590
0.93431576 0.00943442
0.93037101 0.01000999
0.92632008 0.01060262
0.92216396 0.01121233
0.91790368 0.01183911
0.91354029 0.01248295
0.90907486 0.01314382
0.90450850 0.01382168
0.89984233 0.01451648
0.89507751 0.01522812
0.89021520 0.01595651
0.88525662 0.01670149
0.88020298 0.01746292
0.87505553 0.01824058
0.86981555 0.01903426
0.86448431 0.01984367
0.85906315 0.02066851
0.85355339 0.02150843
0.84795640 0.02236303
0.84227355 0.02323187
0.83650626 0.02411446
0.83065593 0.02501026
0.82472402 0.02591869
0.81871199 0.02683912
0.81262133 0.02777085
0.80645353 0.02871315
0.80021011 0.02966523
0.79389263 0.03062627
0.78750263 0.03159536
0.78104169 0.03257160
0.77451141 0.03355399
0.76791340 0.03454152
0.76124928 0.03553314
0.75452071 0.03652775
0.74772933 0.03752420
0.74087684 0.03852136
0.73396491 0.03951801
0.72699525 0.04051295
0.71996958 0.04150495
0.71288965 0.04249275
0.70575718 0.04347509
0.69857395 0.04445072
0.69134172 0.04541836
0.68406228 0.04637676
0.67673742 0.04732465
0.66936896 0.04826080
0.66195871 0.04918398
0.65450850 0.05009300
0.64702016 0.05098670
0.63949555 0.05186392
0.63193652 0.05272358
0.62434494 0.05356462
0.61672268 0.05438603
0.60907162 0.05518685
0.60139365 0.05596617
0.59369066 0.05672315
0.58596455 0.05745700
0.57821723 0.05816699
0.57045062 0.05885246
0.56266662 0.05951281
0.55486716 0.06014753
0.54705416 0.06075614
0.53922955 0.06133826
0.53139526 0.06189358
0.52355323 0.06242184
0.51570538 0.06292286
0.50785366 0.06339652
0.50000000 0.06384278
0.49214634 0.06426166
0.48429462 0.06465321
0.47644677 0.06501760
0.46860474 0.06535499
0.46077045 0.06566563
0.45294584 0.06594981
0.44513284 0.06620786
0.43733338 0.06644016
0.42954938 0.06664712
0.42178277 0.06682917
0.41403545 0.06698678
0.40630934 0.06712044
0.39860635 0.06723064
0.39092838 0.06731791
0.38327732 0.06738277
0.37565506 0.06742574
0.36806348 0.06744733
0.36050445 0.06744807
0.35297984 0.06742845
0.34549150 0.06738896
0.33804129 0.06733006
0.33063104 0.06725219
0.32326258 0.06715576
0.31593772 0.06704116
0.30865828 0.06690873
0.30142605 0.06675878
0.29424282 0.06659159
0.28711035 0.06640738
0.28003042 0.06620634
0.27300475 0.06598862
0.26603509 0.06575432
0.25912316 0.06550350
0.25227067 0.06523617
0.24547929 0.06495230
0.23875072 0.06465181
0.23208660 0.06433458
0.22548859 0.06400045
0.21895831 0.06364924
0.21249737 0.06328070
0.20610737 0.06289456
0.19978989 0.06249052
0.19354647 0.06206825
0.18737867 0.06162740
0.18128801 0.06116758
0.17527598 0.06068839
0.16934407 0.06018943
0.16349374 0.05967025
0.15772645 0.05913043
0.15204360 0.05856952
0.14644661 0.05798708
0.14093685 0.05738268
0.13551569 0.05675588
0.13018445 0.05610626
0.12494447 0.05543342
0.11979702 0.05473697
0.11474338 0.05401653
0.10978480 0.05327176
0.10492249 0.05250236
0.10015767 0.05170804
0.09549150 0.05088854
0.09092514 0.05004365
0.08645971 0.04917321
0.08209632 0.04827706
0.07783604 0.04735512
0.07367992 0.04640734
0.06962899 0.04543372
0.06568424 0.04443430
0.06184666 0.04340918
0.05811718 0.04235849
0.05449674 0.04128243
0.05098621 0.04018124
0.04758647 0.03905521
0.04429836 0.03790467
0.04112269 0.03673001
0.03806023 0.03553168
0.03511176 0.03431015
0.03227798 0.03306595
0.02955962 0.03179967
0.02695732 0.03051192
0.02447174 0.02920337
0.02210349 0.02787472
0.01985316 0.02652673
0.01772129 0.02516018
0.01570842 0.02377589
0.01381504 0.02237472
0.01204162 0.02095757
0.01038859 0.01952534
0.00885637 0.01807901
0.00744534 0.01661954
0.00615583 0.01514795
0.00498817 0.01366525
0.00394265 0.01217251
0.00301952 0.01067078
0.00221902 0.00916116
0.00154133 0.00764474
0.00098664 0.00612264
0.00055506 0.00459598
0.00024672 0.00306589
0.00006168 0.00153352
0.00000000 0.00000000
0.00006168 -0.00110310
0.00024672 -0.00220414
0.00055506 -0.00330106
0.00098664 -0.00439183
0.00154133 -0.00547444
0.00221902 -0.00654691
0.00301952 -0.00760730
0.00394265 -0.00865372
0.00498817 -0.00968434
0.00615583 -0.01069739
0.00744534 -0.01169116
0.00885637 -0.01266402
0.01038859 -0.01361443
0.01204162 -0.01454094
0.01381504 -0.01544216
0.01570842 -0.01631684
0.01772129 -0.01716378
0.01985316 -0.01798193
0.02210349 -0.01877031
0.02447174 -0.01952805
0.02695732 -0.02025441
0.02955962 -0.02094873
0.03227798 -0.02161048
0.03511176 -0.02223923
0.03806023 -0.02283464
0.04112269 -0.02339650
0.04429836 -0.02392470
0.04758647 -0.02441921
0.05098621 -0.02488012
0.05449674 -0.02530759
0.05811718 -0.02570188
0.06184666 -0.02606335
0.06568424 -0.02639242
0.06962899 -0.02668958
0.07367992 -0.02695541
0.07783604 -0.02719054
0.08209632 -0.02739565
0.08645971 -0.02757148
0.09092514 -0.02771883
0.09549150 -0.02783851
0.10015767 -0.02793139
0.10492249 -0.02799835
0.10978480 -0.02804028
0.11474338 -0.02805813
0.11979702 -0.02805280
0.12494447 -0.02802523
0.13018445 -0.02797636
0.13551569 -0.02790711
0.14093685 -0.02781838
0.14644661 -0.02771107
0.15204360 -0.02758606
0.15772645 -0.02744419
0.16349374 -0.02728629
0.16934407 -0.02711314
0.17527598 -0.02692551
0.18128801 -0.02672411
0.18737867 -0.02650963
0.19354647 -0.02628271
0.19978989 -0.02604397
0.20610737 -0.02579396
0.21249737 -0.02553322
0.21895831 -0.02526223
0.22548859 -0.02498143
0.23208660 -0.02469124
0.23875072 -0.02439203
0.24547929 -0.02408413
0.25227067 -0.02376785
0.25912316 -0.02344347
0.26603509 -0.02311124
0.27300475 -0.02277136
0.28003042 -0.02242405
0.28711035 -0.02206947
0.29424282 -0.02170780
0.30142605 -0.02133918
0.30865828 -0.02096376
0.31593772 -0.02058167
0.32326258 -0.02019303
0.33063104 -0.01979799
0.33804129 -0.01939667
0.34549150 -0.01898921
0.35297984 -0.01857578
0.36050445 -0.01815653
0.36806348 -0.01773163
0.37565506 -0.01730128
0.38327732 -0.01686570
0.39092838 -0.01642512
0.39860635 -0.01597980
0.40630934 -0.01553002
0.41403545 -0.01507609
0.42178277 -0.01461834
0.42954938 -0.01415712
0.43733338 -0.01369283
0.44513284 -0.01322588
0.45294584 -0.01275671
0.46077045 -0.01228578
0.46860474 -0.01181359
0.47644677 -0.01134064
0.48429462 -0.01086747
0.49214634 -0.01039464
0.50000000 -0.00992272
0.50785366 -0.00945230
0.51570538 -0.00898399
0.52355323 -0.00851840
0.53139526 -0.00805615
0.53922955 -0.00759789
0.54705416 -0.00714423
0.55486716 -0.00669582
0.56266662 -0.00625329
0.57045062 -0.00581726
0.57821723 -0.00538835
0.58596455 -0.00496717
0.59369066 -0.00455430
0.60139365 -0.00415032
0.60907162 -0.00375579
0.61672268 -0.00337123
0.62434494 -0.00299714
0.63193652 -0.00263400
0.63949555 -0.00228226
0.64702016 -0.00194232
0.65450850 -0.00161458
0.66195871 -0.00129936
0.66936896 -0.00099697
0.67673742 -0.00070768
0.68406228 -0.00043171
0.69134172 -0.00016926
0.69857395 0.00007955
0.70575718 0.00031461
0.71288965 0.00053585
0.71996958 0.00074326
0.72699525 0.00093687
0.73396491 0.00111674
0.74087684 0.00128296
0.74772933 0.00143569
0.75452071 0.00157511
0.76124928 0.00170143
0.76791340 0.00181490
0.77451141 0.00191581
0.78104169 0.00200447
0.78750263 0.00208123
0.79389263 0.00214646
0.80021011 0.00220055
0.80645353 0.00224394
0.81262133 0.00227704
0.81871199 0.00230033
0.82472402 0.00231426
0.83065593 0.00231934
0.83650626 0.00231604
0.84227355 0.00230488
0.84795640 0.00228636
0.85355339 0.00226098
0.85906315 0.00222927
0.86448431 0.00219173
0.86981555 0.00214886
0.87505553 0.00210117
0.88020298 0.00204914
0.88525662 0.00199327
0.89021520 0.00193400
0.89507751 0.00187182
0.89984233 0.00180714
0.90450850 0.00174041
0.90907486 0.00167204
0.91354029 0.00160240
0.91790368 0.00153188
0.92216396 0.00146083
0.92632008 0.00138957
0.93037101 0.00131843
0.93431576 0.00124769
0.93815334 0.00117762
0.94188282 0.00110847
0.94550326 0.00104047
0.94901379 0.00097382
0.95241353 0.00090871
0.95570164 0.00084530
0.95887731 0.00078376
0.96193977 0.00072420
0.96488824 0.00066673
0.96772202 0.00061146
0.97044038 0.00055846
0.97304268 0.00050779
0.97552826 0.00045951
0.97789651 0.00041366
0.98014684 0.00037025
0.98227871 0.00032932
0.98429158 0.00029086
0.98618496 0.00025488
0.98795838 0.00022136
0.98961141 0.00019031
0.99114363 0.00016168
0.99255466 0.00013548
0.99384417 0.00011167
0.99501183 0.00009023
0.99605735 0.00007113
0.99698048 0.00005434
0.99778098 0.00003985
0.99845867 0.00002763
0.99901336 0.00001767
0.99944494 0.00000993
0.99975328 0.00000442
0.99993832 0.00000111
1.00000000 0.00000001
