sample_742
1.00000000 0.00000001
0.99993832 0.00001273
0.99975328 0.00005087
0.99944494 0.00011439
0.99901336 0.00020324
0.99845867 0.00031734
0.99778098 0.00045659
0.99698048 0.00062086
0.99605735 0.00081000
0.99501183 0.00102386
0.99384417 0.00126225
0.99255466 0.00152497
0.99114363 0.00181180
0.98961141 0.00212252
0.98795838 0.00245687
0.98618496 0.00281460
0.98429158 0.00319544
0.98227871 0.00359912
0.98014684 0.00402534
0.97789651 0.00447383
0.97552826 0.00494427
0.97304268 0.00543639
0.97044038 0.00594987
0.96772202 0.00648442
0.96488824 0.00703974
0.96193977 0.00761553
0.95887731 0.00821151
0.95570164 0.00882739
0.95241353 0.00946289
0.94901379 0.01011773
0.94550326 0.01079165
0.94188282 0.01148440
0.93815334 0.01219571
0.93431576 0.01292536
0.93037101 0.01367310
0.92632008 0.01443872
0.92216396 0.01522199
0.91790368 0.01602270
0.91354029 0.01684066
0.90907486 0.01767566
0.90450850 0.01852751
0.89984233 0.01939601
0.89507751 0.02028098
0.89021520 0.02118223
0.88525662 0.02209955
0.88020298 0.02303276
0.87505553 0.02398164
0.86981555 0.02494598
0.86448431 0.02592556
0.85906315 0.02692014
0.85355339 0.02792945
0.84795640 0.02895323
0.84227355 0.02999118
0.83650626 0.03104297
0.83065593 0.03210825
0.82472402 0.03318665
0.81871199 0.03427775
0.81262133 0.03538110
0.80645353 0.03649623
0.80021011 0.03762259
0.79389263 0.03875963
0.78750263 0.03990673
0.78104169 0.04106323
0.77451141 0.04222844
0.76791340 0.04340159
0.76124928 0.04458189
0.75452071 0.04576847
0.74772933 0.04696044
0.74087684 0.04815683
0.73396491 0.04935664
0.72699525 0.05055881
0.71996958 0.05176222
0.71288965 0.05296572
0.70575718 0.05416811
0.69857395 0.05536813
0.69134172 0.05656448
0.68406228 0.05775584
0.67673742 0.05894082
0.66936896 0.06011803
0.66195871 0.06128601
0.65450850 0.06244331
0.64702016 0.06358842
0.63949555 0.06471986
0.63193652 0.06583608
0.62434494 0.06693557
0.61672268 0.06801678
0.60907162 0.06907818
0.60139365 0.07011824
0.59369066 0.07113546
0.58596455 0.07212833
0.57821723 0.07309538
0.57045062 0.07403518
0.56266662 0.07494631
0.55486716 0.07582742
0.54705416 0.07667719
0.53922955 0.07749434
0.53139526 0.07827768
0.52355323 0.07902606
0.51570538 0.07973841
0.50785366 0.08041372
0.50000000 0.08105107
0.49214634 0.08164961
0.48429462 0.08220858
0.47644677 0.08272731
0.46860474 0.08320521
0.46077045 0.08364179
0.45294584 0.08403665
0.44513284 0.08438950
0.43733338 0.08470013
0.42954938 0.08496843
0.42178277 0.08519439
0.41403545 0.08537809
0.40630934 0.08551971
0.39860635 0.08561953
0.39092838 0.08567790
0.38327732 0.08569527
0.37565506 0.08567217
0.36806348 0.08560921
0.36050445 0.08550708
0.35297984 0.08536654
0.34549150 0.08518841
0.33804129 0.08497357
0.33063104 0.08472296
0.32326258 0.08443756
0.31593772 0.08411840
0.30865828 0.08376653
0.30142605 0.08338305
0.29424282 0.08296906
0.28711035 0.08252567
0.28003042 0.08205403
0.27300475 0.08155524
0.26603509 0.08103043
0.25912316 0.08048070
0.25227067 0.07990712
0.24547929 0.07931075
0.23875072 0.07869260
0.23208660 0.07805365
0.22548859 0.07739481
0.21895831 0.07671696
0.21249737 0.07602092
0.20610737 0.07530743
0.19978989 0.07457720
0.19354647 0.07383082
0.18737867 0.07306886
0.18128801 0.07229178
0.17527598 0.07149996
0.16934407 0.07069374
0.16349374 0.06987334
0.15772645 0.06903893
0.15204360 0.06819060
0.14644661 0.06732833
0.14093685 0.06645208
0.13551569 0.06556170
0.13018445 0.06465699
0.12494447 0.06373767
0.11979702 0.06280341
0.11474338 0.06185384
0.10978480 0.06088851
0.10492249 0.05990694
0.10015767 0.05890862
0.09549150 0.05789300
0.09092514 0.05685950
0.08645971 0.05580753
0.08209632 0.05473648
0.07783604 0.05364576
0.07367992 0.05253476
0.06962899 0.05140289
0.06568424 0.05024958
0.06184666 0.04907429
0.05811718 0.04787650
0.05449674 0.04665574
0.05098621 0.04541160
0.04758647 0.04414371
0.04429836 0.04285176
0.04112269 0.04153551
0.03806023 0.04019479
0.03511176 0.03882952
0.03227798 0.03743967
0.02955962 0.03602533
0.02695732 0.03458665
0.02447174 0.03312389
0.02210349 0.03163740
0.01985316 0.03012761
0.01772129 0.02859506
0.01570842 0.02704037
0.01381504 0.02546428
0.01204162 0.02386759
0.01038859 0.02225121
0.00885637 0.02061614
0.00744534 0.01896345
0.00615583 0.01729430
0.00498817 0.01560993
0.00394265 0.01391165
0.00301952 0.01220082
0.00221902 0.01047889
0.00154133 0.00874733
0.00098664 0.00700768
0.00055506 0.00526151
0.00024672 0.00351042
0.00006168 0.00175603
0.00000000 0.00000000
0.00006168 -0.00031960
0.00024672 -0.00063949
0.00055506 -0.00095995
0.00098664 -0.00128127
0.00154133 -0.00160369
0.00221902 -0.00192748
0.00301952 -0.00225287
0.00394265 -0.00258007
0.00498817 -0.00290926
0.00615583 -0.00324062
0.00744534 -0.00357426
0.00885637 -0.00391029
0.01038859 -0.00424877
0.01204162 -0.00458972
0.01381504 -0.00493314
0.01570842 -0.00527898
0.01772129 -0.00562715
0.01985316 -0.00597751
0.02210349 -0.00632990
0.02447174 -0.00668410
0.02695732 -0.00703987
0.02955962 -0.00739691
0.03227798 -0.00775489
0.03511176 -0.00811345
0.03806023 -0.00847217
0.04112269 -0.00883063
0.04429836 -0.00918836
0.04758647 -0.00954487
0.05098621 -0.00989962
0.05449674 -0.01025207
0.05811718 -0.01060167
0.06184666 -0.01094781
0.06568424 -0.01128992
0.06962899 -0.01162737
0.07367992 -0.01195957
0.07783604 -0.01228588
0.08209632 -0.01260569
0.08645971 -0.01291840
0.09092514 -0.01322338
0.09549150 -0.01352006
0.10015767 -0.01380783
0.10492249 -0.01408615
0.10978480 -0.01435446
0.11474338 -0.01461224
0.11979702 -0.01485900
0.12494447 -0.01509426
0.13018445 -0.01531759
0.13551569 -0.01552858
0.14093685 -0.01572685
0.14644661 -0.01591207
0.15204360 -0.01608394
0.15772645 -0.01624218
0.16349374 -0.01638658
0.16934407 -0.01651695
0.17527598 -0.01663313
0.18128801 -0.01673502
0.18737867 -0.01682254
0.19354647 -0.01689566
0.19978989 -0.01695438
0.20610737 -0.01699873
0.21249737 -0.01702880
0.21895831 -0.01704468
0.22548859 -0.01704652
0.23208660 -0.01703447
0.23875072 -0.01700875
0.24547929 -0.01696955
0.25227067 -0.01691715
0.25912316 -0.01685179
0.26603509 -0.01677377
0.27300475 -0.01668340
0.28003042 -0.01658101
0.28711035 -0.01646691
0.29424282 -0.01634148
0.30142605 -0.01620506
0.30865828 -0.01605803
0.31593772 -0.01590075
0.32326258 -0.01573361
0.33063104 -0.01555699
0.33804129 -0.01537127
0.34549150 -0.01517684
0.35297984 -0.01497409
0.36050445 -0.01476339
0.36806348 -0.01454513
0.37565506 -0.01431968
0.38327732 -0.01408742
0.39092838 -0.01384872
0.39860635 -0.01360394
0.40630934 -0.01335345
0.41403545 -0.01309761
0.42178277 -0.01283676
0.42954938 -0.01257126
0.43733338 -0.01230145
0.44513284 -0.01202768
0.45294584 -0.01175029
0.46077045 -0.01146961
0.46860474 -0.01118597
0.47644677 -0.01089973
0.48429462 -0.01061120
0.49214634 -0.01032072
0.50000000 -0.01002863
0.50785366 -0.00973527
0.51570538 -0.00944096
0.52355323 -0.00914606
0.53139526 -0.00885089
0.53922955 -0.00855580
0.54705416 -0.00826115
0.55486716 -0.00796727
0.56266662 -0.00767451
0.57045062 -0.00738323
0.57821723 -0.00709379
0.58596455 -0.00680653
0.59369066 -0.00652180
0.60139365 -0.00623997
0.60907162 -0.00596139
0.61672268 -0.00568641
0.62434494 -0.00541537
0.63193652 -0.00514862
0.63949555 -0.00488650
0.64702016 -0.00462933
0.65450850 -0.00437744
0.66195871 -0.00413114
0.66936896 -0.00389074
0.67673742 -0.00365651
0.68406228 -0.00342874
0.69134172 -0.00320767
0.69857395 -0.00299355
0.70575718 -0.00278661
0.71288965 -0.00258703
0.71996958 -0.00239501
0.72699525 -0.00221069
0.73396491 -0.00203420
0.74087684 -0.00186567
0.74772933 -0.00170516
0.75452071 -0.00155274
0.76124928 -0.00140843
0.76791340 -0.00127224
0.77451141 -0.00114414
0.78104169 -0.00102408
0.78750263 -0.00091197
0.79389263 -0.00080772
0.80021011 -0.00071118
0.80645353 -0.00062220
0.81262133 -0.00054061
0.81871199 -0.00046618
0.82472402 -0.00039869
0.83065593 -0.00033790
0.83650626 -0.00028354
0.84227355 -0.00023531
0.84795640 -0.00019293
0.85355339 -0.00015606
0.85906315 -0.00012440
0.86448431 -0.00009760
0.86981555 -0.00007532
0.87505553 -0.00005722
0.88020298 -0.00004294
0.88525662 -0.00003213
0.89021520 -0.00002444
0.89507751 -0.00001954
0.89984233 -0.00001707
0.90450850 -0.00001672
0.90907486 -0.00001816
0.91354029 -0.00002108
0.91790368 -0.00002520
0.92216396 -0.00003023
0.92632008 -0.00003590
0.93037101 -0.00004199
0.93431576 -0.00004826
0.93815334 -0.00005451
0.94188282 -0.00006056
0.94550326 -0.00006625
0.94901379 -0.00007144
0.95241353 -0.00007600
0.95570164 -0.00007985
0.95887731 -0.00008291
0.96193977 -0.00008513
0.96488824 -0.00008648
0.96772202 -0.00008693
0.97044038 -0.00008651
0.97304268 -0.00008522
0.97552826 -0.00008311
0.97789651 -0.00008024
0.98014684 -0.00007666
0.98227871 -0.00007246
0.98429158 -0.00006772
0.98618496 -0.00006254
0.98795838 -0.00005702
0.98961141 -0.00005126
0.99114363 -0.00004538
0.99255466 -0.00003948
0.99384417 -0.00003367
0.99501183 -0.00002804
0.99605735 -0.00002272
0.99698048 -0.00001777
0.99778098 -0.00001330
0.99845867 -0.00000938
0.99901336 -0.00000608
0.99944494 -0.00000345
0.99975328 -0.00000154
0.99993832 -0.00000038
1.00000000 0.00000001
