sample_942
1.00000000 0.00000001
0.99993832 0.00001162
0.99975328 0.00004642
0.99944494 0.00010442
0.99901336 0.00018559
0.99845867 0.00028992
0.99778098 0.00041738
0.99698048 0.00056793
0.99605735 0.00074153
0.99501183 0.00093813
0.99384417 0.00115765
0.99255466 0.00140002
0.99114363 0.00166515
0.98961141 0.00195293
0.98795838 0.00226324
0.98618496 0.00259594
0.98429158 0.00295086
0.98227871 0.00332782
0.98014684 0.00372661
0.97789651 0.00414700
0.97552826 0.00458875
0.97304268 0.00505155
0.97044038 0.00553509
0.96772202 0.00603904
0.96488824 0.00656302
0.96193977 0.00710663
0.95887731 0.00766942
0.95570164 0.00825092
0.95241353 0.00885064
0.94901379 0.00946804
0.94550326 0.01010254
0.94188282 0.01075356
0.93815334 0.01142046
0.93431576 0.01210257
0.93037101 0.01279922
0.92632008 0.01350968
0.92216396 0.01423321
0.91790368 0.01496905
0.91354029 0.01571641
0.90907486 0.01647449
0.90450850 0.01724247
0.89984233 0.01801952
0.89507751 0.01880479
0.89021520 0.01959745
0.88525662 0.02039663
0.88020298 0.02120149
0.87505553 0.02201117
0.86981555 0.02282486
0.86448431 0.02364171
0.85906315 0.02446091
0.85355339 0.02528168
0.84795640 0.02610323
0.84227355 0.02692483
0.83650626 0.02774576
0.83065593 0.02856533
0.82472402 0.02938289
0.81871199 0.03019784
0.81262133 0.03100960
0.80645353 0.03181764
0.80021011 0.03262148
0.79389263 0.03342068
0.78750263 0.03421486
0.78104169 0.03500366
0.77451141 0.03578679
0.76791340 0.03656402
0.76124928 0.03733515
0.75452071 0.03810003
0.74772933 0.03885856
0.74087684 0.03961068
0.73396491 0.04035640
0.72699525 0.04109575
0.71996958 0.04182879
0.71288965 0.04255564
0.70575718 0.04327644
0.69857395 0.04399137
0.69134172 0.04470061
0.68406228 0.04540439
0.67673742 0.04610295
0.66936896 0.04679653
0.66195871 0.04748539
0.65450850 0.04816979
0.64702016 0.04884997
0.63949555 0.04952619
0.63193652 0.05019866
0.62434494 0.05086761
0.61672268 0.05153321
0.60907162 0.05219562
0.60139365 0.05285496
0.59369066 0.05351130
0.58596455 0.05416468
0.57821723 0.05481507
0.57045062 0.05546240
0.56266662 0.05610654
0.55486716 0.05674728
0.54705416 0.05738436
0.53922955 0.05801746
0.53139526 0.05864615
0.52355323 0.05926997
0.51570538 0.05988836
0.50785366 0.06050069
0.50000000 0.06110624
0.49214634 0.06170424
0.48429462 0.06229382
0.47644677 0.06287404
0.46860474 0.06344391
0.46077045 0.06400233
0.45294584 0.06454816
0.44513284 0.06508018
0.43733338 0.06559714
0.42954938 0.06609770
0.42178277 0.06658048
0.41403545 0.06704406
0.40630934 0.06748698
0.39860635 0.06790777
0.39092838 0.06830488
0.38327732 0.06867681
0.37565506 0.06902199
0.36806348 0.06933890
0.36050445 0.06962598
0.35297984 0.06988173
0.34549150 0.07010463
0.33804129 0.07029322
0.33063104 0.07044608
0.32326258 0.07056181
0.31593772 0.07063911
0.30865828 0.07067671
0.30142605 0.07067343
0.29424282 0.07062817
0.28711035 0.07053992
0.28003042 0.07040775
0.27300475 0.07023086
0.26603509 0.07000853
0.25912316 0.06974018
0.25227067 0.06942534
0.24547929 0.06906365
0.23875072 0.06865491
0.23208660 0.06819902
0.22548859 0.06769604
0.21895831 0.06714614
0.21249737 0.06654966
0.20610737 0.06590705
0.19978989 0.06521892
0.19354647 0.06448600
0.18737867 0.06370916
0.18128801 0.06288942
0.17527598 0.06202790
0.16934407 0.06112587
0.16349374 0.06018470
0.15772645 0.05920590
0.15204360 0.05819107
0.14644661 0.05714192
0.14093685 0.05606026
0.13551569 0.05494796
0.13018445 0.05380701
0.12494447 0.05263945
0.11979702 0.05144736
0.11474338 0.05023291
0.10978480 0.04899827
0.10492249 0.04774568
0.10015767 0.04647736
0.09549150 0.04519557
0.09092514 0.04390256
0.08645971 0.04260054
0.08209632 0.04129174
0.07783604 0.03997832
0.07367992 0.03866242
0.06962899 0.03734610
0.06568424 0.03603137
0.06184666 0.03472017
0.05811718 0.03341434
0.05449674 0.03211563
0.05098621 0.03082570
0.04758647 0.02954609
0.04429836 0.02827823
0.04112269 0.02702342
0.03806023 0.02578284
0.03511176 0.02455753
0.03227798 0.02334839
0.02955962 0.02215620
0.02695732 0.02098156
0.02447174 0.01982496
0.02210349 0.01868673
0.01985316 0.01756704
0.01772129 0.01646594
0.01570842 0.01538331
0.01381504 0.01431892
0.01204162 0.01327237
0.01038859 0.01224316
0.00885637 0.01123062
0.00744534 0.01023399
0.00615583 0.00925239
0.00498817 0.00828481
0.00394265 0.00733015
0.00301952 0.00638724
0.00221902 0.00545478
0.00154133 0.00453143
0.00098664 0.00361576
0.00055506 0.00270632
0.00024672 0.00180158
0.00006168 0.00090000
0.00000000 0.00000000
0.00006168 -0.00056015
0.00024672 -0.00112049
0.00055506 -0.00168123
0.00098664 -0.00224252
0.00154133 -0.00280454
0.00221902 -0.00336742
0.00301952 -0.00393126
0.00394265 -0.00449615
0.00498817 -0.00506210
0.00615583 -0.00562912
0.00744534 -0.00619715
0.00885637 -0.00676606
0.01038859 -0.00733571
0.01204162 -0.00790587
0.01381504 -0.00847626
0.01570842 -0.00904655
0.01772129 -0.00961633
0.01985316 -0.01018515
0.02210349 -0.01075248
0.02447174 -0.01131775
0.02695732 -0.01188033
0.02955962 -0.01243951
0.03227798 -0.01299457
0.03511176 -0.01354472
0.03806023 -0.01408912
0.04112269 -0.01462690
0.04429836 -0.01515716
0.04758647 -0.01567896
0.05098621 -0.01619135
0.05449674 -0.01669335
0.05811718 -0.01718399
0.06184666 -0.01766228
0.06568424 -0.01812723
0.06962899 -0.01857789
0.07367992 -0.01901328
0.07783604 -0.01943249
0.08209632 -0.01983462
0.08645971 -0.02021881
0.09092514 -0.02058423
0.09549150 -0.02093013
0.10015767 -0.02125580
0.10492249 -0.02156059
0.10978480 -0.02184392
0.11474338 -0.02210527
0.11979702 -0.02234422
0.12494447 -0.02256042
0.13018445 -0.02275358
0.13551569 -0.02292351
0.14093685 -0.02307013
0.14644661 -0.02319341
0.15204360 -0.02329342
0.15772645 -0.02337032
0.16349374 -0.02342436
0.16934407 -0.02345586
0.17527598 -0.02346525
0.18128801 -0.02345302
0.18737867 -0.02341974
0.19354647 -0.02336605
0.19978989 -0.02329266
0.20610737 -0.02320036
0.21249737 -0.02308998
0.21895831 -0.02296242
0.22548859 -0.02281860
0.23208660 -0.02265951
0.23875072 -0.02248615
0.24547929 -0.02229958
0.25227067 -0.02210085
0.25912316 -0.02189104
0.26603509 -0.02167122
0.27300475 -0.02144249
0.28003042 -0.02120593
0.28711035 -0.02096258
0.29424282 -0.02071350
0.30142605 -0.02045971
0.30865828 -0.02020220
0.31593772 -0.01994190
0.32326258 -0.01967974
0.33063104 -0.01941658
0.33804129 -0.01915321
0.34549150 -0.01889041
0.35297984 -0.01862886
0.36050445 -0.01836920
0.36806348 -0.01811201
0.37565506 -0.01785779
0.38327732 -0.01760699
0.39092838 -0.01735997
0.39860635 -0.01711706
0.40630934 -0.01687849
0.41403545 -0.01664445
0.42178277 -0.01641504
0.42954938 -0.01619033
0.43733338 -0.01597031
0.44513284 -0.01575491
0.45294584 -0.01554403
0.46077045 -0.01533751
0.46860474 -0.01513513
0.47644677 -0.01493665
0.48429462 -0.01474178
0.49214634 -0.01455022
0.50000000 -0.01436161
0.50785366 -0.01417559
0.51570538 -0.01399178
0.52355323 -0.01380979
0.53139526 -0.01362920
0.53922955 -0.01344963
0.54705416 -0.01327066
0.55486716 -0.01309190
0.56266662 -0.01291296
0.57045062 -0.01273348
0.57821723 -0.01255309
0.58596455 -0.01237146
0.59369066 -0.01218830
0.60139365 -0.01200332
0.60907162 -0.01181627
0.61672268 -0.01162694
0.62434494 -0.01143514
0.63193652 -0.01124073
0.63949555 -0.01104360
0.64702016 -0.01084368
0.65450850 -0.01064092
0.66195871 -0.01043533
0.66936896 -0.01022695
0.67673742 -0.01001584
0.68406228 -0.00980211
0.69134172 -0.00958591
0.69857395 -0.00936739
0.70575718 -0.00914676
0.71288965 -0.00892424
0.71996958 -0.00870007
0.72699525 -0.00847454
0.73396491 -0.00824792
0.74087684 -0.00802053
0.74772933 -0.00779267
0.75452071 -0.00756468
0.76124928 -0.00733688
0.76791340 -0.00710962
0.77451141 -0.00688324
0.78104169 -0.00665807
0.78750263 -0.00643445
0.79389263 -0.00621270
0.80021011 -0.00599314
0.80645353 -0.00577608
0.81262133 -0.00556181
0.81871199 -0.00535059
0.82472402 -0.00514271
0.83065593 -0.00493838
0.83650626 -0.00473785
0.84227355 -0.00454130
0.84795640 -0.00434892
0.85355339 -0.00416087
0.85906315 -0.00397729
0.86448431 -0.00379828
0.86981555 -0.00362395
0.87505553 -0.00345436
0.88020298 -0.00328957
0.88525662 -0.00312961
0.89021520 -0.00297449
0.89507751 -0.00282422
0.89984233 -0.00267877
0.90450850 -0.00253810
0.90907486 -0.00240217
0.91354029 -0.00227092
0.91790368 -0.00214427
0.92216396 -0.00202215
0.92632008 -0.00190447
0.93037101 -0.00179114
0.93431576 -0.00168206
0.93815334 -0.00157713
0.94188282 -0.00147625
0.94550326 -0.00137932
0.94901379 -0.00128624
0.95241353 -0.00119691
0.95570164 -0.00111125
0.95887731 -0.00102915
0.96193977 -0.00095055
0.96488824 -0.00087535
0.96772202 -0.00080349
0.97044038 -0.00073490
0.97304268 -0.00066953
0.97552826 -0.00060733
0.97789651 -0.00054824
0.98014684 -0.00049224
0.98227871 -0.00043929
0.98429158 -0.00038937
0.98618496 -0.00034246
0.98795838 -0.00029855
0.98961141 -0.00025763
0.99114363 -0.00021971
0.99255466 -0.00018477
0.99384417 -0.00015284
0.99501183 -0.00012390
0.99605735 -0.00009797
0.99698048 -0.00007506
0.99778098 -0.00005518
0.99845867 -0.00003834
0.99901336 -0.00002454
0.99944494 -0.00001381
0.99975328 -0.00000613
0.99993832 -0.00000152
1.00000000 0.00000001
