sample_1471
1.00000000 0.00000001
0.99993832 0.00001228
0.99975328 0.00004904
0.99944494 0.00011026
0.99901336 0.00019584
0.99845867 0.00030564
0.99778098 0.00043951
0.99698048 0.00059725
0.99605735 0.00077862
0.99501183 0.00098336
0.99384417 0.00121118
0.99255466 0.00146174
0.99114363 0.00173470
0.98961141 0.00202967
0.98795838 0.00234625
0.98618496 0.00268401
0.98429158 0.00304250
0.98227871 0.00342126
0.98014684 0.00381979
0.97789651 0.00423761
0.97552826 0.00467420
0.97304268 0.00512905
0.97044038 0.00560161
0.96772202 0.00609135
0.96488824 0.00659775
0.96193977 0.00712024
0.95887731 0.00765830
0.95570164 0.00821138
0.95241353 0.00877894
0.94901379 0.00936045
0.94550326 0.00995539
0.94188282 0.01056322
0.93815334 0.01118345
0.93431576 0.01181557
0.93037101 0.01245909
0.92632008 0.01311352
0.92216396 0.01377839
0.91790368 0.01445326
0.91354029 0.01513767
0.90907486 0.01583119
0.90450850 0.01653339
0.89984233 0.01724386
0.89507751 0.01796221
0.89021520 0.01868805
0.88525662 0.01942098
0.88020298 0.02016065
0.87505553 0.02090669
0.86981555 0.02165874
0.86448431 0.02241646
0.85906315 0.02317949
0.85355339 0.02394750
0.84795640 0.02472015
0.84227355 0.02549709
0.83650626 0.02627799
0.83065593 0.02706251
0.82472402 0.02785031
0.81871199 0.02864104
0.81262133 0.02943435
0.80645353 0.03022988
0.80021011 0.03102726
0.79389263 0.03182614
0.78750263 0.03262611
0.78104169 0.03342680
0.77451141 0.03422780
0.76791340 0.03502871
0.76124928 0.03582910
0.75452071 0.03662853
0.74772933 0.03742657
0.74087684 0.03822276
0.73396491 0.03901663
0.72699525 0.03980771
0.71996958 0.04059552
0.71288965 0.04137956
0.70575718 0.04215933
0.69857395 0.04293432
0.69134172 0.04370401
0.68406228 0.04446789
0.67673742 0.04522543
0.66936896 0.04597610
0.66195871 0.04671939
0.65450850 0.04745475
0.64702016 0.04818168
0.63949555 0.04889965
0.63193652 0.04960814
0.62434494 0.05030666
0.61672268 0.05099469
0.60907162 0.05167177
0.60139365 0.05233741
0.59369066 0.05299115
0.58596455 0.05363255
0.57821723 0.05426118
0.57045062 0.05487663
0.56266662 0.05547850
0.55486716 0.05606644
0.54705416 0.05664008
0.53922955 0.05719911
0.53139526 0.05774321
0.52355323 0.05827212
0.51570538 0.05878556
0.50785366 0.05928330
0.50000000 0.05976514
0.49214634 0.06023089
0.48429462 0.06068039
0.47644677 0.06111349
0.46860474 0.06153008
0.46077045 0.06193005
0.45294584 0.06231334
0.44513284 0.06267987
0.43733338 0.06302960
0.42954938 0.06336251
0.42178277 0.06367858
0.41403545 0.06397781
0.40630934 0.06426021
0.39860635 0.06452579
0.39092838 0.06477456
0.38327732 0.06500656
0.37565506 0.06522180
0.36806348 0.06542031
0.36050445 0.06560211
0.35297984 0.06576720
0.34549150 0.06591560
0.33804129 0.06604729
0.33063104 0.06616226
0.32326258 0.06626046
0.31593772 0.06634186
0.30865828 0.06640636
0.30142605 0.06645388
0.29424282 0.06648431
0.28711035 0.06649750
0.28003042 0.06649327
0.27300475 0.06647145
0.26603509 0.06643181
0.25912316 0.06637408
0.25227067 0.06629800
0.24547929 0.06620325
0.23875072 0.06608949
0.23208660 0.06595635
0.22548859 0.06580343
0.21895831 0.06563029
0.21249737 0.06543649
0.20610737 0.06522153
0.19978989 0.06498491
0.19354647 0.06472609
0.18737867 0.06444452
0.18128801 0.06413962
0.17527598 0.06381080
0.16934407 0.06345745
0.16349374 0.06307896
0.15772645 0.06267468
0.15204360 0.06224399
0.14644661 0.06178624
0.14093685 0.06130080
0.13551569 0.06078703
0.13018445 0.06024432
0.12494447 0.05967203
0.11979702 0.05906957
0.11474338 0.05843636
0.10978480 0.05777184
0.10492249 0.05707548
0.10015767 0.05634677
0.09549150 0.05558526
0.09092514 0.05479051
0.08645971 0.05396213
0.08209632 0.05309978
0.07783604 0.05220318
0.07367992 0.05127207
0.06962899 0.05030628
0.06568424 0.04930569
0.06184666 0.04827021
0.05811718 0.04719987
0.05449674 0.04609471
0.05098621 0.04495487
0.04758647 0.04378057
0.04429836 0.04257207
0.04112269 0.04132972
0.03806023 0.04005395
0.03511176 0.03874525
0.03227798 0.03740420
0.02955962 0.03603145
0.02695732 0.03462773
0.02447174 0.03319382
0.02210349 0.03173062
0.01985316 0.03023906
0.01772129 0.02872016
0.01570842 0.02717501
0.01381504 0.02560477
0.01204162 0.02401066
0.01038859 0.02239396
0.00885637 0.02075602
0.00744534 0.01909824
0.00615583 0.01742207
0.00498817 0.01572903
0.00394265 0.01402066
0.00301952 0.01229855
0.00221902 0.01056435
0.00154133 0.00881970
0.00098664 0.00706632
0.00055506 0.00530591
0.00024672 0.00354022
0.00006168 0.00177099
0.00000000 0.00000000
0.00006168 -0.00050206
0.00024672 -0.00100382
0.00055506 -0.00150498
0.00098664 -0.00200524
0.00154133 -0.00250430
0.00221902 -0.00300186
0.00301952 -0.00349762
0.00394265 -0.00399126
0.00498817 -0.00448249
0.00615583 -0.00497099
0.00744534 -0.00545645
0.00885637 -0.00593856
0.01038859 -0.00641701
0.01204162 -0.00689146
0.01381504 -0.00736160
0.01570842 -0.00782711
0.01772129 -0.00828765
0.01985316 -0.00874291
0.02210349 -0.00919253
0.02447174 -0.00963620
0.02695732 -0.01007358
0.02955962 -0.01050433
0.03227798 -0.01092810
0.03511176 -0.01134457
0.03806023 -0.01175339
0.04112269 -0.01215423
0.04429836 -0.01254674
0.04758647 -0.01293059
0.05098621 -0.01330546
0.05449674 -0.01367100
0.05811718 -0.01402690
0.06184666 -0.01437284
0.06568424 -0.01470850
0.06962899 -0.01503358
0.07367992 -0.01534778
0.07783604 -0.01565083
0.08209632 -0.01594243
0.08645971 -0.01622233
0.09092514 -0.01649027
0.09549150 -0.01674603
0.10015767 -0.01698938
0.10492249 -0.01722012
0.10978480 -0.01743807
0.11474338 -0.01764307
0.11979702 -0.01783496
0.12494447 -0.01801364
0.13018445 -0.01817899
0.13551569 -0.01833096
0.14093685 -0.01846949
0.14644661 -0.01859457
0.15204360 -0.01870619
0.15772645 -0.01880439
0.16349374 -0.01888924
0.16934407 -0.01896082
0.17527598 -0.01901926
0.18128801 -0.01906472
0.18737867 -0.01909736
0.19354647 -0.01911742
0.19978989 -0.01912511
0.20610737 -0.01912073
0.21249737 -0.01910457
0.21895831 -0.01907696
0.22548859 -0.01903825
0.23208660 -0.01898884
0.23875072 -0.01892912
0.24547929 -0.01885955
0.25227067 -0.01878057
0.25912316 -0.01869267
0.26603509 -0.01859635
0.27300475 -0.01849212
0.28003042 -0.01838051
0.28711035 -0.01826208
0.29424282 -0.01813738
0.30142605 -0.01800698
0.30865828 -0.01787145
0.31593772 -0.01773138
0.32326258 -0.01758733
0.33063104 -0.01743990
0.33804129 -0.01728964
0.34549150 -0.01713713
0.35297984 -0.01698292
0.36050445 -0.01682756
0.36806348 -0.01667157
0.37565506 -0.01651547
0.38327732 -0.01635974
0.39092838 -0.01620485
0.39860635 -0.01605124
0.40630934 -0.01589933
0.41403545 -0.01574949
0.42178277 -0.01560209
0.42954938 -0.01545742
0.43733338 -0.01531579
0.44513284 -0.01517742
0.45294584 -0.01504253
0.46077045 -0.01491129
0.46860474 -0.01478381
0.47644677 -0.01466020
0.48429462 -0.01454049
0.49214634 -0.01442469
0.50000000 -0.01431277
0.50785366 -0.01420466
0.51570538 -0.01410023
0.52355323 -0.01399933
0.53139526 -0.01390179
0.53922955 -0.01380738
0.54705416 -0.01371583
0.55486716 -0.01362687
0.56266662 -0.01354017
0.57045062 -0.01345539
0.57821723 -0.01337216
0.58596455 -0.01329010
0.59369066 -0.01320879
0.60139365 -0.01312782
0.60907162 -0.01304675
0.61672268 -0.01296513
0.62434494 -0.01288251
0.63193652 -0.01279845
0.63949555 -0.01271249
0.64702016 -0.01262418
0.65450850 -0.01253310
0.66195871 -0.01243880
0.66936896 -0.01234088
0.67673742 -0.01223895
0.68406228 -0.01213262
0.69134172 -0.01202155
0.69857395 -0.01190540
0.70575718 -0.01178389
0.71288965 -0.01165675
0.71996958 -0.01152374
0.72699525 -0.01138466
0.73396491 -0.01123936
0.74087684 -0.01108770
0.74772933 -0.01092959
0.75452071 -0.01076500
0.76124928 -0.01059391
0.76791340 -0.01041636
0.77451141 -0.01023241
0.78104169 -0.01004218
0.78750263 -0.00984582
0.79389263 -0.00964352
0.80021011 -0.00943550
0.80645353 -0.00922202
0.81262133 -0.00900337
0.81871199 -0.00877989
0.82472402 -0.00855193
0.83065593 -0.00831987
0.83650626 -0.00808411
0.84227355 -0.00784509
0.84795640 -0.00760326
0.85355339 -0.00735909
0.85906315 -0.00711304
0.86448431 -0.00686562
0.86981555 -0.00661733
0.87505553 -0.00636865
0.88020298 -0.00612010
0.88525662 -0.00587219
0.89021520 -0.00562540
0.89507751 -0.00538023
0.89984233 -0.00513716
0.90450850 -0.00489666
0.90907486 -0.00465918
0.91354029 -0.00442516
0.91790368 -0.00419501
0.92216396 -0.00396913
0.92632008 -0.00374789
0.93037101 -0.00353164
0.93431576 -0.00332069
0.93815334 -0.00311534
0.94188282 -0.00291587
0.94550326 -0.00272250
0.94901379 -0.00253545
0.95241353 -0.00235490
0.95570164 -0.00218100
0.95887731 -0.00201388
0.96193977 -0.00185364
0.96488824 -0.00170035
0.96772202 -0.00155406
0.97044038 -0.00141480
0.97304268 -0.00128256
0.97552826 -0.00115733
0.97789651 -0.00103907
0.98014684 -0.00092773
0.98227871 -0.00082324
0.98429158 -0.00072552
0.98618496 -0.00063447
0.98795838 -0.00055000
0.98961141 -0.00047201
0.99114363 -0.00040037
0.99255466 -0.00033498
0.99384417 -0.00027573
0.99501183 -0.00022250
0.99605735 -0.00017520
0.99698048 -0.00013372
0.99778098 -0.00009798
0.99845867 -0.00006788
0.99901336 -0.00004335
0.99944494 -0.00002434
0.99975328 -0.00001080
0.99993832 -0.00000269
1.00000000 0.00000001
