sample_822
1.00000000 0.00000001
0.99993832 0.00001176
0.99975328 0.00004698
0.99944494 0.00010566
0.99901336 0.00018778
0.99845867 0.00029329
0.99778098 0.00042215
0.99698048 0.00057430
0.99605735 0.00074966
0.99501183 0.00094817
0.99384417 0.00116973
0.99255466 0.00141424
0.99114363 0.00168160
0.98961141 0.00197169
0.98795838 0.00228441
0.98618496 0.00261962
0.98429158 0.00297718
0.98227871 0.00335697
0.98014684 0.00375883
0.97789651 0.00418263
0.97552826 0.00462819
0.97304268 0.00509538
0.97044038 0.00558402
0.96772202 0.00609395
0.96488824 0.00662500
0.96193977 0.00717700
0.95887731 0.00774976
0.95570164 0.00834309
0.95241353 0.00895682
0.94901379 0.00959073
0.94550326 0.01024463
0.94188282 0.01091831
0.93815334 0.01161154
0.93431576 0.01232409
0.93037101 0.01305573
0.92632008 0.01380619
0.92216396 0.01457520
0.91790368 0.01536250
0.91354029 0.01616776
0.90907486 0.01699068
0.90450850 0.01783092
0.89984233 0.01868812
0.89507751 0.01956189
0.89021520 0.02045182
0.88525662 0.02135749
0.88020298 0.02227842
0.87505553 0.02321414
0.86981555 0.02416411
0.86448431 0.02512779
0.85906315 0.02610458
0.85355339 0.02709386
0.84795640 0.02809498
0.84227355 0.02910725
0.83650626 0.03012994
0.83065593 0.03116228
0.82472402 0.03220347
0.81871199 0.03325267
0.81262133 0.03430901
0.80645353 0.03537159
0.80021011 0.03643944
0.79389263 0.03751161
0.78750263 0.03858706
0.78104169 0.03966477
0.77451141 0.04074367
0.76791340 0.04182264
0.76124928 0.04290058
0.75452071 0.04397633
0.74772933 0.04504872
0.74087684 0.04611658
0.73396491 0.04717871
0.72699525 0.04823390
0.71996958 0.04928094
0.71288965 0.05031860
0.70575718 0.05134567
0.69857395 0.05236093
0.69134172 0.05336317
0.68406228 0.05435120
0.67673742 0.05532382
0.66936896 0.05627988
0.66195871 0.05721823
0.65450850 0.05813775
0.64702016 0.05903735
0.63949555 0.05991598
0.63193652 0.06077261
0.62434494 0.06160626
0.61672268 0.06241599
0.60907162 0.06320091
0.60139365 0.06396016
0.59369066 0.06469295
0.58596455 0.06539853
0.57821723 0.06607619
0.57045062 0.06672531
0.56266662 0.06734530
0.55486716 0.06793563
0.54705416 0.06849583
0.53922955 0.06902549
0.53139526 0.06952424
0.52355323 0.06999181
0.51570538 0.07042793
0.50785366 0.07083244
0.50000000 0.07120520
0.49214634 0.07154613
0.48429462 0.07185521
0.47644677 0.07213247
0.46860474 0.07237799
0.46077045 0.07259187
0.45294584 0.07277429
0.44513284 0.07292544
0.43733338 0.07304558
0.42954938 0.07313497
0.42178277 0.07319393
0.41403545 0.07322279
0.40630934 0.07322191
0.39860635 0.07319170
0.39092838 0.07313254
0.38327732 0.07304487
0.37565506 0.07292911
0.36806348 0.07278573
0.36050445 0.07261517
0.35297984 0.07241790
0.34549150 0.07219438
0.33804129 0.07194508
0.33063104 0.07167045
0.32326258 0.07137096
0.31593772 0.07104706
0.30865828 0.07069920
0.30142605 0.07032781
0.29424282 0.06993331
0.28711035 0.06951612
0.28003042 0.06907665
0.27300475 0.06861528
0.26603509 0.06813239
0.25912316 0.06762834
0.25227067 0.06710347
0.24547929 0.06655813
0.23875072 0.06599264
0.23208660 0.06540730
0.22548859 0.06480242
0.21895831 0.06417827
0.21249737 0.06353514
0.20610737 0.06287329
0.19978989 0.06219299
0.19354647 0.06149448
0.18737867 0.06077802
0.18128801 0.06004383
0.17527598 0.05929218
0.16934407 0.05852329
0.16349374 0.05773740
0.15772645 0.05693476
0.15204360 0.05611560
0.14644661 0.05528017
0.14093685 0.05442873
0.13551569 0.05356152
0.13018445 0.05267881
0.12494447 0.05178088
0.11979702 0.05086799
0.11474338 0.04994045
0.10978480 0.04899854
0.10492249 0.04804256
0.10015767 0.04707285
0.09549150 0.04608971
0.09092514 0.04509350
0.08645971 0.04408454
0.08209632 0.04306320
0.07783604 0.04202984
0.07367992 0.04098482
0.06962899 0.03992853
0.06568424 0.03886134
0.06184666 0.03778365
0.05811718 0.03669585
0.05449674 0.03559834
0.05098621 0.03449152
0.04758647 0.03337579
0.04429836 0.03225154
0.04112269 0.03111919
0.03806023 0.02997913
0.03511176 0.02883175
0.03227798 0.02767745
0.02955962 0.02651661
0.02695732 0.02534961
0.02447174 0.02417683
0.02210349 0.02299863
0.01985316 0.02181537
0.01772129 0.02062740
0.01570842 0.01943505
0.01381504 0.01823865
0.01204162 0.01703852
0.01038859 0.01583497
0.00885637 0.01462829
0.00744534 0.01341878
0.00615583 0.01220671
0.00498817 0.01099235
0.00394265 0.00977595
0.00301952 0.00855776
0.00221902 0.00733803
0.00154133 0.00611700
0.00098664 0.00489488
0.00055506 0.00367191
0.00024672 0.00244829
0.00006168 0.00122425
0.00000000 0.00000000
0.00006168 -0.00017141
0.00024672 -0.00034344
0.00055506 -0.00051671
0.00098664 -0.00069185
0.00154133 -0.00086947
0.00221902 -0.00105016
0.00301952 -0.00123452
0.00394265 -0.00142313
0.00498817 -0.00161654
0.00615583 -0.00181530
0.00744534 -0.00201993
0.00885637 -0.00223094
0.01038859 -0.00244880
0.01204162 -0.00267397
0.01381504 -0.00290686
0.01570842 -0.00314788
0.01772129 -0.00339738
0.01985316 -0.00365571
0.02210349 -0.00392314
0.02447174 -0.00419995
0.02695732 -0.00448636
0.02955962 -0.00478254
0.03227798 -0.00508864
0.03511176 -0.00540477
0.03806023 -0.00573098
0.04112269 -0.00606729
0.04429836 -0.00641368
0.04758647 -0.00677008
0.05098621 -0.00713636
0.05449674 -0.00751237
0.05811718 -0.00789790
0.06184666 -0.00829270
0.06568424 -0.00869647
0.06962899 -0.00910888
0.07367992 -0.00952953
0.07783604 -0.00995799
0.08209632 -0.01039380
0.08645971 -0.01083642
0.09092514 -0.01128531
0.09549150 -0.01173987
0.10015767 -0.01219945
0.10492249 -0.01266338
0.10978480 -0.01313095
0.11474338 -0.01360141
0.11979702 -0.01407398
0.12494447 -0.01454786
0.13018445 -0.01502220
0.13551569 -0.01549614
0.14093685 -0.01596880
0.14644661 -0.01643927
0.15204360 -0.01690663
0.15772645 -0.01736992
0.16349374 -0.01782820
0.16934407 -0.01828051
0.17527598 -0.01872587
0.18128801 -0.01916331
0.18737867 -0.01959186
0.19354647 -0.02001055
0.19978989 -0.02041841
0.20610737 -0.02081449
0.21249737 -0.02119784
0.21895831 -0.02156755
0.22548859 -0.02192269
0.23208660 -0.02226240
0.23875072 -0.02258579
0.24547929 -0.02289206
0.25227067 -0.02318039
0.25912316 -0.02345002
0.26603509 -0.02370022
0.27300475 -0.02393031
0.28003042 -0.02413964
0.28711035 -0.02432761
0.29424282 -0.02449367
0.30142605 -0.02463731
0.30865828 -0.02475809
0.31593772 -0.02485562
0.32326258 -0.02492953
0.33063104 -0.02497957
0.33804129 -0.02500549
0.34549150 -0.02500712
0.35297984 -0.02498437
0.36050445 -0.02493719
0.36806348 -0.02486558
0.37565506 -0.02476962
0.38327732 -0.02464946
0.39092838 -0.02450528
0.39860635 -0.02433735
0.40630934 -0.02414599
0.41403545 -0.02393157
0.42178277 -0.02369452
0.42954938 -0.02343534
0.43733338 -0.02315458
0.44513284 -0.02285282
0.45294584 -0.02253074
0.46077045 -0.02218901
0.46860474 -0.02182839
0.47644677 -0.02144968
0.48429462 -0.02105369
0.49214634 -0.02064131
0.50000000 -0.02021344
0.50785366 -0.01977101
0.51570538 -0.01931501
0.52355323 -0.01884642
0.53139526 -0.01836626
0.53922955 -0.01787557
0.54705416 -0.01737541
0.55486716 -0.01686684
0.56266662 -0.01635095
0.57045062 -0.01582880
0.57821723 -0.01530149
0.58596455 -0.01477011
0.59369066 -0.01423572
0.60139365 -0.01369941
0.60907162 -0.01316222
0.61672268 -0.01262521
0.62434494 -0.01208941
0.63193652 -0.01155581
0.63949555 -0.01102541
0.64702016 -0.01049915
0.65450850 -0.00997797
0.66195871 -0.00946276
0.66936896 -0.00895439
0.67673742 -0.00845367
0.68406228 -0.00796139
0.69134172 -0.00747831
0.69857395 -0.00700513
0.70575718 -0.00654250
0.71288965 -0.00609105
0.71996958 -0.00565135
0.72699525 -0.00522393
0.73396491 -0.00480926
0.74087684 -0.00440778
0.74772933 -0.00401987
0.75452071 -0.00364587
0.76124928 -0.00328606
0.76791340 -0.00294069
0.77451141 -0.00260994
0.78104169 -0.00229397
0.78750263 -0.00199288
0.79389263 -0.00170672
0.80021011 -0.00143551
0.80645353 -0.00117921
0.81262133 -0.00093775
0.81871199 -0.00071103
0.82472402 -0.00049890
0.83065593 -0.00030117
0.83650626 -0.00011761
0.84227355 0.00005201
0.84795640 0.00020799
0.85355339 0.00035064
0.85906315 0.00048029
0.86448431 0.00059732
0.86981555 0.00070210
0.87505553 0.00079505
0.88020298 0.00087658
0.88525662 0.00094715
0.89021520 0.00100721
0.89507751 0.00105723
0.89984233 0.00109768
0.90450850 0.00112906
0.90907486 0.00115186
0.91354029 0.00116657
0.91790368 0.00117371
0.92216396 0.00117376
0.92632008 0.00116723
0.93037101 0.00115463
0.93431576 0.00113644
0.93815334 0.00111316
0.94188282 0.00108526
0.94550326 0.00105323
0.94901379 0.00101754
0.95241353 0.00097863
0.95570164 0.00093696
0.95887731 0.00089295
0.96193977 0.00084704
0.96488824 0.00079962
0.96772202 0.00075110
0.97044038 0.00070185
0.97304268 0.00065223
0.97552826 0.00060260
0.97789651 0.00055328
0.98014684 0.00050460
0.98227871 0.00045686
0.98429158 0.00041034
0.98618496 0.00036530
0.98795838 0.00032201
0.98961141 0.00028069
0.99114363 0.00024156
0.99255466 0.00020483
0.99384417 0.00017067
0.99501183 0.00013927
0.99605735 0.00011076
0.99698048 0.00008529
0.99778098 0.00006297
0.99845867 0.00004392
0.99901336 0.00002821
0.99944494 0.00001591
0.99975328 0.00000709
0.99993832 0.00000179
1.00000000 0.00000001
