sample_1190
1.00000000 0.00000001
0.99993832 0.00000756
0.99975328 0.00003021
0.99944494 0.00006794
0.99901336 0.00012074
0.99845867 0.00018859
0.99778098 0.00027146
0.99698048 0.00036932
0.99605735 0.00048213
0.99501183 0.00060985
0.99384417 0.00075243
0.99255466 0.00090983
0.99114363 0.00108198
0.98961141 0.00126884
0.98795838 0.00147034
0.98618496 0.00168643
0.98429158 0.00191704
0.98227871 0.00216212
0.98014684 0.00242160
0.97789651 0.00269542
0.97552826 0.00298352
0.97304268 0.00328586
0.97044038 0.00360237
0.96772202 0.00393300
0.96488824 0.00427771
0.96193977 0.00463646
0.95887731 0.00500920
0.95570164 0.00539590
0.95241353 0.00579653
0.94901379 0.00621106
0.94550326 0.00663948
0.94188282 0.00708177
0.93815334 0.00753792
0.93431576 0.00800792
0.93037101 0.00849177
0.92632008 0.00898948
0.92216396 0.00950103
0.91790368 0.01002646
0.91354029 0.01056575
0.90907486 0.01111894
0.90450850 0.01168602
0.89984233 0.01226702
0.89507751 0.01286195
0.89021520 0.01347082
0.88525662 0.01409363
0.88020298 0.01473041
0.87505553 0.01538113
0.86981555 0.01604582
0.86448431 0.01672444
0.85906315 0.01741700
0.85355339 0.01812345
0.84795640 0.01884377
0.84227355 0.01957792
0.83650626 0.02032583
0.83065593 0.02108743
0.82472402 0.02186264
0.81871199 0.02265137
0.81262133 0.02345350
0.80645353 0.02426889
0.80021011 0.02509741
0.79389263 0.02593888
0.78750263 0.02679312
0.78104169 0.02765993
0.77451141 0.02853907
0.76791340 0.02943031
0.76124928 0.03033336
0.75452071 0.03124795
0.74772933 0.03217376
0.74087684 0.03311044
0.73396491 0.03405765
0.72699525 0.03501498
0.71996958 0.03598204
0.71288965 0.03695838
0.70575718 0.03794354
0.69857395 0.03893705
0.69134172 0.03993838
0.68406228 0.04094700
0.67673742 0.04196235
0.66936896 0.04298384
0.66195871 0.04401085
0.65450850 0.04504274
0.64702016 0.04607885
0.63949555 0.04711848
0.63193652 0.04816092
0.62434494 0.04920541
0.61672268 0.05025119
0.60907162 0.05129747
0.60139365 0.05234341
0.59369066 0.05338817
0.58596455 0.05443089
0.57821723 0.05547065
0.57045062 0.05650655
0.56266662 0.05753763
0.55486716 0.05856292
0.54705416 0.05958143
0.53922955 0.06059215
0.53139526 0.06159403
0.52355323 0.06258603
0.51570538 0.06356704
0.50785366 0.06453598
0.50000000 0.06549173
0.49214634 0.06643315
0.48429462 0.06735908
0.47644677 0.06826836
0.46860474 0.06915981
0.46077045 0.07003222
0.45294584 0.07088440
0.44513284 0.07171513
0.43733338 0.07252318
0.42954938 0.07330734
0.42178277 0.07406637
0.41403545 0.07479905
0.40630934 0.07550415
0.39860635 0.07618045
0.39092838 0.07682674
0.38327732 0.07744182
0.37565506 0.07802450
0.36806348 0.07857360
0.36050445 0.07908799
0.35297984 0.07956653
0.34549150 0.08000812
0.33804129 0.08041170
0.33063104 0.08077623
0.32326258 0.08110072
0.31593772 0.08138421
0.30865828 0.08162580
0.30142605 0.08182461
0.29424282 0.08197984
0.28711035 0.08209074
0.28003042 0.08215661
0.27300475 0.08217681
0.26603509 0.08215078
0.25912316 0.08207801
0.25227067 0.08195808
0.24547929 0.08179062
0.23875072 0.08157536
0.23208660 0.08131208
0.22548859 0.08100066
0.21895831 0.08064106
0.21249737 0.08023331
0.20610737 0.07977752
0.19978989 0.07927391
0.19354647 0.07872276
0.18737867 0.07812443
0.18128801 0.07747938
0.17527598 0.07678814
0.16934407 0.07605132
0.16349374 0.07526961
0.15772645 0.07444379
0.15204360 0.07357471
0.14644661 0.07266326
0.14093685 0.07171045
0.13551569 0.07071731
0.13018445 0.06968497
0.12494447 0.06861458
0.11979702 0.06750737
0.11474338 0.06636462
0.10978480 0.06518762
0.10492249 0.06397774
0.10015767 0.06273636
0.09549150 0.06146489
0.09092514 0.06016477
0.08645971 0.05883744
0.08209632 0.05748436
0.07783604 0.05610700
0.07367992 0.05470683
0.06962899 0.05328530
0.06568424 0.05184385
0.06184666 0.05038391
0.05811718 0.04890687
0.05449674 0.04741413
0.05098621 0.04590700
0.04758647 0.04438679
0.04429836 0.04285475
0.04112269 0.04131210
0.03806023 0.03975999
0.03511176 0.03819953
0.03227798 0.03663174
0.02955962 0.03505762
0.02695732 0.03347809
0.02447174 0.03189400
0.02210349 0.03030614
0.01985316 0.02871523
0.01772129 0.02712192
0.01570842 0.02552679
0.01381504 0.02393038
0.01204162 0.02233312
0.01038859 0.02073541
0.00885637 0.01913757
0.00744534 0.01753986
0.00615583 0.01594250
0.00498817 0.01434564
0.00394265 0.01274938
0.00301952 0.01115378
0.00221902 0.00955884
0.00154133 0.00796456
0.00098664 0.00637086
0.00055506 0.00477768
0.00024672 0.00318489
0.00006168 0.00159237
0.00000000 0.00000000
0.00006168 -0.00025691
0.00024672 -0.00051335
0.00055506 -0.00076884
0.00098664 -0.00102291
0.00154133 -0.00127511
0.00221902 -0.00152495
0.00301952 -0.00177199
0.00394265 -0.00201576
0.00498817 -0.00225583
0.00615583 -0.00249176
0.00744534 -0.00272310
0.00885637 -0.00294945
0.01038859 -0.00317038
0.01204162 -0.00338550
0.01381504 -0.00359443
0.01570842 -0.00379679
0.01772129 -0.00399221
0.01985316 -0.00418036
0.02210349 -0.00436092
0.02447174 -0.00453356
0.02695732 -0.00469801
0.02955962 -0.00485398
0.03227798 -0.00500123
0.03511176 -0.00513953
0.03806023 -0.00526868
0.04112269 -0.00538848
0.04429836 -0.00549878
0.04758647 -0.00559944
0.05098621 -0.00569035
0.05449674 -0.00577142
0.05811718 -0.00584260
0.06184666 -0.00590386
0.06568424 -0.00595518
0.06962899 -0.00599658
0.07367992 -0.00602813
0.07783604 -0.00604988
0.08209632 -0.00606195
0.08645971 -0.00606445
0.09092514 -0.00605755
0.09549150 -0.00604143
0.10015767 -0.00601628
0.10492249 -0.00598235
0.10978480 -0.00593988
0.11474338 -0.00588915
0.11979702 -0.00583046
0.12494447 -0.00576412
0.13018445 -0.00569047
0.13551569 -0.00560987
0.14093685 -0.00552268
0.14644661 -0.00542930
0.15204360 -0.00533012
0.15772645 -0.00522554
0.16349374 -0.00511599
0.16934407 -0.00500189
0.17527598 -0.00488368
0.18128801 -0.00476179
0.18737867 -0.00463666
0.19354647 -0.00450872
0.19978989 -0.00437842
0.20610737 -0.00424618
0.21249737 -0.00411244
0.21895831 -0.00397761
0.22548859 -0.00384211
0.23208660 -0.00370633
0.23875072 -0.00357068
0.24547929 -0.00343552
0.25227067 -0.00330122
0.25912316 -0.00316812
0.26603509 -0.00303656
0.27300475 -0.00290686
0.28003042 -0.00277929
0.28711035 -0.00265415
0.29424282 -0.00253168
0.30142605 -0.00241213
0.30865828 -0.00229571
0.31593772 -0.00218261
0.32326258 -0.00207302
0.33063104 -0.00196708
0.33804129 -0.00186495
0.34549150 -0.00176672
0.35297984 -0.00167252
0.36050445 -0.00158241
0.36806348 -0.00149646
0.37565506 -0.00141472
0.38327732 -0.00133723
0.39092838 -0.00126401
0.39860635 -0.00119506
0.40630934 -0.00113037
0.41403545 -0.00106994
0.42178277 -0.00101373
0.42954938 -0.00096172
0.43733338 -0.00091386
0.44513284 -0.00087011
0.45294584 -0.00083042
0.46077045 -0.00079473
0.46860474 -0.00076299
0.47644677 -0.00073513
0.48429462 -0.00071110
0.49214634 -0.00069084
0.50000000 -0.00067429
0.50785366 -0.00066138
0.51570538 -0.00065207
0.52355323 -0.00064629
0.53139526 -0.00064400
0.53922955 -0.00064514
0.54705416 -0.00064967
0.55486716 -0.00065753
0.56266662 -0.00066869
0.57045062 -0.00068309
0.57821723 -0.00070071
0.58596455 -0.00072148
0.59369066 -0.00074538
0.60139365 -0.00077236
0.60907162 -0.00080237
0.61672268 -0.00083535
0.62434494 -0.00087127
0.63193652 -0.00091005
0.63949555 -0.00095164
0.64702016 -0.00099597
0.65450850 -0.00104295
0.66195871 -0.00109249
0.66936896 -0.00114451
0.67673742 -0.00119888
0.68406228 -0.00125549
0.69134172 -0.00131421
0.69857395 -0.00137489
0.70575718 -0.00143737
0.71288965 -0.00150148
0.71996958 -0.00156702
0.72699525 -0.00163380
0.73396491 -0.00170160
0.74087684 -0.00177019
0.74772933 -0.00183931
0.75452071 -0.00190872
0.76124928 -0.00197815
0.76791340 -0.00204730
0.77451141 -0.00211588
0.78104169 -0.00218359
0.78750263 -0.00225012
0.79389263 -0.00231515
0.80021011 -0.00237834
0.80645353 -0.00243938
0.81262133 -0.00249793
0.81871199 -0.00255367
0.82472402 -0.00260625
0.83065593 -0.00265537
0.83650626 -0.00270071
0.84227355 -0.00274195
0.84795640 -0.00277881
0.85355339 -0.00281100
0.85906315 -0.00283826
0.86448431 -0.00286034
0.86981555 -0.00287701
0.87505553 -0.00288808
0.88020298 -0.00289336
0.88525662 -0.00289271
0.89021520 -0.00288599
0.89507751 -0.00287313
0.89984233 -0.00285405
0.90450850 -0.00282873
0.90907486 -0.00279719
0.91354029 -0.00275946
0.91790368 -0.00271561
0.92216396 -0.00266577
0.92632008 -0.00261009
0.93037101 -0.00254875
0.93431576 -0.00248198
0.93815334 -0.00241002
0.94188282 -0.00233318
0.94550326 -0.00225179
0.94901379 -0.00216618
0.95241353 -0.00207677
0.95570164 -0.00198395
0.95887731 -0.00188817
0.96193977 -0.00178989
0.96488824 -0.00168960
0.96772202 -0.00158780
0.97044038 -0.00148501
0.97304268 -0.00138177
0.97552826 -0.00127860
0.97789651 -0.00117606
0.98014684 -0.00107470
0.98227871 -0.00097506
0.98429158 -0.00087767
0.98618496 -0.00078309
0.98795838 -0.00069182
0.98961141 -0.00060437
0.99114363 -0.00052124
0.99255466 -0.00044289
0.99384417 -0.00036976
0.99501183 -0.00030227
0.99605735 -0.00024080
0.99698048 -0.00018570
0.99778098 -0.00013729
0.99845867 -0.00009584
0.99901336 -0.00006160
0.99944494 -0.00003476
0.99975328 -0.00001548
0.99993832 -0.00000387
1.00000000 0.00000001
