sample_089
1.00000000 0.00000001
0.99993832 0.00000759
0.99975328 0.00003033
0.99944494 0.00006830
0.99901336 0.00012158
0.99845867 0.00019032
0.99778098 0.00027467
0.99698048 0.00037484
0.99605735 0.00049106
0.99501183 0.00062359
0.99384417 0.00077271
0.99255466 0.00093874
0.99114363 0.00112201
0.98961141 0.00132286
0.98795838 0.00154167
0.98618496 0.00177879
0.98429158 0.00203462
0.98227871 0.00230952
0.98014684 0.00260388
0.97789651 0.00291808
0.97552826 0.00325247
0.97304268 0.00360740
0.97044038 0.00398320
0.96772202 0.00438018
0.96488824 0.00479862
0.96193977 0.00523878
0.95887731 0.00570087
0.95570164 0.00618508
0.95241353 0.00669157
0.94901379 0.00722042
0.94550326 0.00777172
0.94188282 0.00834546
0.93815334 0.00894163
0.93431576 0.00956014
0.93037101 0.01020086
0.92632008 0.01086361
0.92216396 0.01154817
0.91790368 0.01225425
0.91354029 0.01298152
0.90907486 0.01372960
0.90450850 0.01449807
0.89984233 0.01528643
0.89507751 0.01609418
0.89021520 0.01692074
0.88525662 0.01776550
0.88020298 0.01862781
0.87505553 0.01950699
0.86981555 0.02040232
0.86448431 0.02131304
0.85906315 0.02223838
0.85355339 0.02317751
0.84795640 0.02412963
0.84227355 0.02509387
0.83650626 0.02606937
0.83065593 0.02705527
0.82472402 0.02805065
0.81871199 0.02905465
0.81262133 0.03006635
0.80645353 0.03108486
0.80021011 0.03210929
0.79389263 0.03313874
0.78750263 0.03417232
0.78104169 0.03520917
0.77451141 0.03624842
0.76791340 0.03728921
0.76124928 0.03833071
0.75452071 0.03937210
0.74772933 0.04041257
0.74087684 0.04145134
0.73396491 0.04248764
0.72699525 0.04352072
0.71996958 0.04454984
0.71288965 0.04557429
0.70575718 0.04659339
0.69857395 0.04760645
0.69134172 0.04861281
0.68406228 0.04961184
0.67673742 0.05060291
0.66936896 0.05158540
0.66195871 0.05255872
0.65450850 0.05352228
0.64702016 0.05447550
0.63949555 0.05541783
0.63193652 0.05634870
0.62434494 0.05726757
0.61672268 0.05817389
0.60907162 0.05906712
0.60139365 0.05994673
0.59369066 0.06081218
0.58596455 0.06166294
0.57821723 0.06249849
0.57045062 0.06331828
0.56266662 0.06412179
0.55486716 0.06490849
0.54705416 0.06567783
0.53922955 0.06642929
0.53139526 0.06716233
0.52355323 0.06787640
0.51570538 0.06857097
0.50785366 0.06924549
0.50000000 0.06989944
0.49214634 0.07053226
0.48429462 0.07114342
0.47644677 0.07173240
0.46860474 0.07229866
0.46077045 0.07284169
0.45294584 0.07336096
0.44513284 0.07385598
0.43733338 0.07432624
0.42954938 0.07477128
0.42178277 0.07519061
0.41403545 0.07558379
0.40630934 0.07595038
0.39860635 0.07628996
0.39092838 0.07660213
0.38327732 0.07688653
0.37565506 0.07714279
0.36806348 0.07737058
0.36050445 0.07756960
0.35297984 0.07773956
0.34549150 0.07788022
0.33804129 0.07799135
0.33063104 0.07807274
0.32326258 0.07812422
0.31593772 0.07814565
0.30865828 0.07813691
0.30142605 0.07809790
0.29424282 0.07802856
0.28711035 0.07792884
0.28003042 0.07779873
0.27300475 0.07763824
0.26603509 0.07744739
0.25912316 0.07722624
0.25227067 0.07697484
0.24547929 0.07669329
0.23875072 0.07638168
0.23208660 0.07604013
0.22548859 0.07566878
0.21895831 0.07526774
0.21249737 0.07483718
0.20610737 0.07437724
0.19978989 0.07388807
0.19354647 0.07336985
0.18737867 0.07282272
0.18128801 0.07224686
0.17527598 0.07164242
0.16934407 0.07100956
0.16349374 0.07034842
0.15772645 0.06965916
0.15204360 0.06894192
0.14644661 0.06819683
0.14093685 0.06742402
0.13551569 0.06662361
0.13018445 0.06579572
0.12494447 0.06494045
0.11979702 0.06405791
0.11474338 0.06314820
0.10978480 0.06221140
0.10492249 0.06124761
0.10015767 0.06025691
0.09549150 0.05923940
0.09092514 0.05819516
0.08645971 0.05712430
0.08209632 0.05602692
0.07783604 0.05490311
0.07367992 0.05375302
0.06962899 0.05257677
0.06568424 0.05137451
0.06184666 0.05014642
0.05811718 0.04889269
0.05449674 0.04761354
0.05098621 0.04630921
0.04758647 0.04497997
0.04429836 0.04362613
0.04112269 0.04224802
0.03806023 0.04084603
0.03511176 0.03942057
0.03227798 0.03797209
0.02955962 0.03650108
0.02695732 0.03500810
0.02447174 0.03349371
0.02210349 0.03195856
0.01985316 0.03040331
0.01772129 0.02882868
0.01570842 0.02723545
0.01381504 0.02562442
0.01204162 0.02399645
0.01038859 0.02235245
0.00885637 0.02069335
0.00744534 0.01902015
0.00615583 0.01733387
0.00498817 0.01563556
0.00394265 0.01392633
0.00301952 0.01220731
0.00221902 0.01047965
0.00154133 0.00874453
0.00098664 0.00700317
0.00055506 0.00525679
0.00024672 0.00350663
0.00006168 0.00175395
0.00000000 0.00000000
0.00006168 -0.00040056
0.00024672 -0.00080139
0.00055506 -0.00120277
0.00098664 -0.00160497
0.00154133 -0.00200826
0.00221902 -0.00241290
0.00301952 -0.00281914
0.00394265 -0.00322723
0.00498817 -0.00363740
0.00615583 -0.00404987
0.00744534 -0.00446486
0.00885637 -0.00488255
0.01038859 -0.00530314
0.01204162 -0.00572677
0.01381504 -0.00615360
0.01570842 -0.00658375
0.01772129 -0.00701732
0.01985316 -0.00745438
0.02210349 -0.00789500
0.02447174 -0.00833920
0.02695732 -0.00878699
0.02955962 -0.00923835
0.03227798 -0.00969321
0.03511176 -0.01015151
0.03806023 -0.01061313
0.04112269 -0.01107793
0.04429836 -0.01154573
0.04758647 -0.01201633
0.05098621 -0.01248949
0.05449674 -0.01296493
0.05811718 -0.01344237
0.06184666 -0.01392144
0.06568424 -0.01440180
0.06962899 -0.01488303
0.07367992 -0.01536470
0.07783604 -0.01584634
0.08209632 -0.01632746
0.08645971 -0.01680752
0.09092514 -0.01728598
0.09549150 -0.01776224
0.10015767 -0.01823571
0.10492249 -0.01870573
0.10978480 -0.01917166
0.11474338 -0.01963282
0.11979702 -0.02008851
0.12494447 -0.02053802
0.13018445 -0.02098063
0.13551569 -0.02141558
0.14093685 -0.02184214
0.14644661 -0.02225954
0.15204360 -0.02266704
0.15772645 -0.02306388
0.16349374 -0.02344929
0.16934407 -0.02382252
0.17527598 -0.02418285
0.18128801 -0.02452953
0.18737867 -0.02486185
0.19354647 -0.02517911
0.19978989 -0.02548064
0.20610737 -0.02576577
0.21249737 -0.02603390
0.21895831 -0.02628441
0.22548859 -0.02651674
0.23208660 -0.02673036
0.23875072 -0.02692479
0.24547929 -0.02709956
0.25227067 -0.02725426
0.25912316 -0.02738853
0.26603509 -0.02750204
0.27300475 -0.02759452
0.28003042 -0.02766574
0.28711035 -0.02771551
0.29424282 -0.02774372
0.30142605 -0.02775028
0.30865828 -0.02773517
0.31593772 -0.02769841
0.32326258 -0.02764007
0.33063104 -0.02756029
0.33804129 -0.02745925
0.34549150 -0.02733716
0.35297984 -0.02719430
0.36050445 -0.02703100
0.36806348 -0.02684763
0.37565506 -0.02664459
0.38327732 -0.02642233
0.39092838 -0.02618136
0.39860635 -0.02592221
0.40630934 -0.02564543
0.41403545 -0.02535164
0.42178277 -0.02504146
0.42954938 -0.02471554
0.43733338 -0.02437459
0.44513284 -0.02401929
0.45294584 -0.02365037
0.46077045 -0.02326858
0.46860474 -0.02287467
0.47644677 -0.02246941
0.48429462 -0.02205356
0.49214634 -0.02162791
0.50000000 -0.02119324
0.50785366 -0.02075033
0.51570538 -0.02029996
0.52355323 -0.01984290
0.53139526 -0.01937992
0.53922955 -0.01891178
0.54705416 -0.01843922
0.55486716 -0.01796297
0.56266662 -0.01748376
0.57045062 -0.01700228
0.57821723 -0.01651923
0.58596455 -0.01603526
0.59369066 -0.01555103
0.60139365 -0.01506716
0.60907162 -0.01458426
0.61672268 -0.01410290
0.62434494 -0.01362366
0.63193652 -0.01314707
0.63949555 -0.01267365
0.64702016 -0.01220390
0.65450850 -0.01173830
0.66195871 -0.01127729
0.66936896 -0.01082130
0.67673742 -0.01037076
0.68406228 -0.00992606
0.69134172 -0.00948756
0.69857395 -0.00905562
0.70575718 -0.00863058
0.71288965 -0.00821276
0.71996958 -0.00780246
0.72699525 -0.00739996
0.73396491 -0.00700555
0.74087684 -0.00661948
0.74772933 -0.00624199
0.75452071 -0.00587331
0.76124928 -0.00551366
0.76791340 -0.00516325
0.77451141 -0.00482226
0.78104169 -0.00449088
0.78750263 -0.00416928
0.79389263 -0.00385762
0.80021011 -0.00355603
0.80645353 -0.00326465
0.81262133 -0.00298361
0.81871199 -0.00271300
0.82472402 -0.00245294
0.83065593 -0.00220348
0.83650626 -0.00196472
0.84227355 -0.00173669
0.84795640 -0.00151945
0.85355339 -0.00131300
0.85906315 -0.00111735
0.86448431 -0.00093251
0.86981555 -0.00075842
0.87505553 -0.00059506
0.88020298 -0.00044235
0.88525662 -0.00030021
0.89021520 -0.00016852
0.89507751 -0.00004717
0.89984233 0.00006400
0.90450850 0.00016516
0.90907486 0.00025651
0.91354029 0.00033825
0.91790368 0.00041062
0.92216396 0.00047388
0.92632008 0.00052832
0.93037101 0.00057423
0.93431576 0.00061195
0.93815334 0.00064180
0.94188282 0.00066416
0.94550326 0.00067941
0.94901379 0.00068795
0.95241353 0.00069018
0.95570164 0.00068654
0.95887731 0.00067747
0.96193977 0.00066343
0.96488824 0.00064487
0.96772202 0.00062227
0.97044038 0.00059610
0.97304268 0.00056684
0.97552826 0.00053498
0.97789651 0.00050098
0.98014684 0.00046533
0.98227871 0.00042849
0.98429158 0.00039093
0.98618496 0.00035309
0.98795838 0.00031542
0.98961141 0.00027833
0.99114363 0.00024222
0.99255466 0.00020749
0.99384417 0.00017449
0.99501183 0.00014356
0.99605735 0.00011502
0.99698048 0.00008914
0.99778098 0.00006618
0.99845867 0.00004637
0.99901336 0.00002990
0.99944494 0.00001692
0.99975328 0.00000756
0.99993832 0.00000190
1.00000000 0.00000001
