sample_302
1.00000000 0.00000001
0.99993832 0.00001229
0.99975328 0.00004912
0.99944494 0.00011045
0.99901336 0.00019622
0.99845867 0.00030635
0.99778098 0.00044072
0.99698048 0.00059920
0.99605735 0.00078161
0.99501183 0.00098777
0.99384417 0.00121747
0.99255466 0.00147047
0.99114363 0.00174649
0.98961141 0.00204525
0.98795838 0.00236644
0.98618496 0.00270971
0.98429158 0.00307471
0.98227871 0.00346103
0.98014684 0.00386828
0.97789651 0.00429602
0.97552826 0.00474378
0.97304268 0.00521109
0.97044038 0.00569746
0.96772202 0.00620236
0.96488824 0.00672526
0.96193977 0.00726560
0.95887731 0.00782282
0.95570164 0.00839633
0.95241353 0.00898554
0.94901379 0.00958984
0.94550326 0.01020862
0.94188282 0.01084125
0.93815334 0.01148711
0.93431576 0.01214558
0.93037101 0.01281602
0.92632008 0.01349782
0.92216396 0.01419034
0.91790368 0.01489299
0.91354029 0.01560515
0.90907486 0.01632624
0.90450850 0.01705568
0.89984233 0.01779292
0.89507751 0.01853740
0.89021520 0.01928862
0.88525662 0.02004607
0.88020298 0.02080930
0.87505553 0.02157784
0.86981555 0.02235130
0.86448431 0.02312928
0.85906315 0.02391143
0.85355339 0.02469743
0.84795640 0.02548698
0.84227355 0.02627983
0.83650626 0.02707575
0.83065593 0.02787454
0.82472402 0.02867605
0.81871199 0.02948014
0.81262133 0.03028671
0.80645353 0.03109568
0.80021011 0.03190701
0.79389263 0.03272066
0.78750263 0.03353665
0.78104169 0.03435498
0.77451141 0.03517568
0.76791340 0.03599881
0.76124928 0.03682441
0.75452071 0.03765254
0.74772933 0.03848327
0.74087684 0.03931666
0.73396491 0.04015276
0.72699525 0.04099162
0.71996958 0.04183327
0.71288965 0.04267772
0.70575718 0.04352496
0.69857395 0.04437496
0.69134172 0.04522765
0.68406228 0.04608294
0.67673742 0.04694068
0.66936896 0.04780071
0.66195871 0.04866279
0.65450850 0.04952667
0.64702016 0.05039202
0.63949555 0.05125847
0.63193652 0.05212559
0.62434494 0.05299292
0.61672268 0.05385991
0.60907162 0.05472597
0.60139365 0.05559044
0.59369066 0.05645262
0.58596455 0.05731174
0.57821723 0.05816699
0.57045062 0.05901747
0.56266662 0.05986227
0.55486716 0.06070040
0.54705416 0.06153084
0.53922955 0.06235251
0.53139526 0.06316430
0.52355323 0.06396507
0.51570538 0.06475362
0.50785366 0.06552875
0.50000000 0.06628923
0.49214634 0.06703380
0.48429462 0.06776120
0.47644677 0.06847016
0.46860474 0.06915941
0.46077045 0.06982768
0.45294584 0.07047370
0.44513284 0.07109624
0.43733338 0.07169408
0.42954938 0.07226601
0.42178277 0.07281088
0.41403545 0.07332757
0.40630934 0.07381498
0.39860635 0.07427210
0.39092838 0.07469793
0.38327732 0.07509154
0.37565506 0.07545209
0.36806348 0.07577875
0.36050445 0.07607081
0.35297984 0.07632759
0.34549150 0.07654850
0.33804129 0.07673302
0.33063104 0.07688071
0.32326258 0.07699119
0.31593772 0.07706416
0.30865828 0.07709941
0.30142605 0.07709679
0.29424282 0.07705623
0.28711035 0.07697772
0.28003042 0.07686133
0.27300475 0.07670720
0.26603509 0.07651553
0.25912316 0.07628657
0.25227067 0.07602063
0.24547929 0.07571809
0.23875072 0.07537937
0.23208660 0.07500492
0.22548859 0.07459524
0.21895831 0.07415088
0.21249737 0.07367240
0.20610737 0.07316040
0.19978989 0.07261549
0.19354647 0.07203829
0.18737867 0.07142945
0.18128801 0.07078962
0.17527598 0.07011945
0.16934407 0.06941959
0.16349374 0.06869067
0.15772645 0.06793335
0.15204360 0.06714822
0.14644661 0.06633591
0.14093685 0.06549699
0.13551569 0.06463203
0.13018445 0.06374158
0.12494447 0.06282615
0.11979702 0.06188624
0.11474338 0.06092230
0.10978480 0.05993479
0.10492249 0.05892412
0.10015767 0.05789066
0.09549150 0.05683479
0.09092514 0.05575685
0.08645971 0.05465715
0.08209632 0.05353599
0.07783604 0.05239365
0.07367992 0.05123039
0.06962899 0.05004647
0.06568424 0.04884212
0.06184666 0.04761759
0.05811718 0.04637310
0.05449674 0.04510890
0.05098621 0.04382521
0.04758647 0.04252228
0.04429836 0.04120038
0.04112269 0.03985977
0.03806023 0.03850073
0.03511176 0.03712359
0.03227798 0.03572866
0.02955962 0.03431632
0.02695732 0.03288695
0.02447174 0.03144097
0.02210349 0.02997884
0.01985316 0.02850104
0.01772129 0.02700811
0.01570842 0.02550060
0.01381504 0.02397912
0.01204162 0.02244431
0.01038859 0.02089684
0.00885637 0.01933744
0.00744534 0.01776686
0.00615583 0.01618589
0.00498817 0.01459536
0.00394265 0.01299611
0.00301952 0.01138904
0.00221902 0.00977506
0.00154133 0.00815510
0.00098664 0.00653014
0.00055506 0.00490115
0.00024672 0.00326913
0.00006168 0.00163507
0.00000000 0.00000000
0.00006168 -0.00038346
0.00024672 -0.00076649
0.00055506 -0.00114863
0.00098664 -0.00152946
0.00154133 -0.00190855
0.00221902 -0.00228550
0.00301952 -0.00265991
0.00394265 -0.00303141
0.00498817 -0.00339965
0.00615583 -0.00376431
0.00744534 -0.00412509
0.00885637 -0.00448171
0.01038859 -0.00483395
0.01204162 -0.00518159
0.01381504 -0.00552447
0.01570842 -0.00586245
0.01772129 -0.00619543
0.01985316 -0.00652335
0.02210349 -0.00684618
0.02447174 -0.00716393
0.02695732 -0.00747665
0.02955962 -0.00778440
0.03227798 -0.00808731
0.03511176 -0.00838551
0.03806023 -0.00867917
0.04112269 -0.00896849
0.04429836 -0.00925370
0.04758647 -0.00953503
0.05098621 -0.00981276
0.05449674 -0.01008715
0.05811718 -0.01035850
0.06184666 -0.01062710
0.06568424 -0.01089327
0.06962899 -0.01115731
0.07367992 -0.01141951
0.07783604 -0.01168018
0.08209632 -0.01193959
0.08645971 -0.01219803
0.09092514 -0.01245575
0.09549150 -0.01271298
0.10015767 -0.01296992
0.10492249 -0.01322677
0.10978480 -0.01348365
0.11474338 -0.01374070
0.11979702 -0.01399798
0.12494447 -0.01425553
0.13018445 -0.01451336
0.13551569 -0.01477140
0.14093685 -0.01502958
0.14644661 -0.01528774
0.15204360 -0.01554570
0.15772645 -0.01580323
0.16349374 -0.01606006
0.16934407 -0.01631584
0.17527598 -0.01657021
0.18128801 -0.01682275
0.18737867 -0.01707299
0.19354647 -0.01732043
0.19978989 -0.01756452
0.20610737 -0.01780469
0.21249737 -0.01804031
0.21895831 -0.01827075
0.22548859 -0.01849532
0.23208660 -0.01871333
0.23875072 -0.01892407
0.24547929 -0.01912679
0.25227067 -0.01932077
0.25912316 -0.01950524
0.26603509 -0.01967947
0.27300475 -0.01984270
0.28003042 -0.01999420
0.28711035 -0.02013325
0.29424282 -0.02025913
0.30142605 -0.02037118
0.30865828 -0.02046874
0.31593772 -0.02055119
0.32326258 -0.02061794
0.33063104 -0.02066847
0.33804129 -0.02070227
0.34549150 -0.02071891
0.35297984 -0.02071800
0.36050445 -0.02069920
0.36806348 -0.02066226
0.37565506 -0.02060695
0.38327732 -0.02053315
0.39092838 -0.02044078
0.39860635 -0.02032984
0.40630934 -0.02020039
0.41403545 -0.02005257
0.42178277 -0.01988659
0.42954938 -0.01970272
0.43733338 -0.01950133
0.44513284 -0.01928282
0.45294584 -0.01904769
0.46077045 -0.01879649
0.46860474 -0.01852983
0.47644677 -0.01824840
0.48429462 -0.01795292
0.49214634 -0.01764419
0.50000000 -0.01732305
0.50785366 -0.01699037
0.51570538 -0.01664710
0.52355323 -0.01629419
0.53139526 -0.01593263
0.53922955 -0.01556346
0.54705416 -0.01518771
0.55486716 -0.01480644
0.56266662 -0.01442074
0.57045062 -0.01403166
0.57821723 -0.01364029
0.58596455 -0.01324770
0.59369066 -0.01285494
0.60139365 -0.01246305
0.60907162 -0.01207305
0.61672268 -0.01168593
0.62434494 -0.01130265
0.63193652 -0.01092412
0.63949555 -0.01055122
0.64702016 -0.01018479
0.65450850 -0.00982560
0.66195871 -0.00947438
0.66936896 -0.00913180
0.67673742 -0.00879847
0.68406228 -0.00847495
0.69134172 -0.00816170
0.69857395 -0.00785916
0.70575718 -0.00756767
0.71288965 -0.00728752
0.71996958 -0.00701892
0.72699525 -0.00676203
0.73396491 -0.00651692
0.74087684 -0.00628360
0.74772933 -0.00606203
0.75452071 -0.00585210
0.76124928 -0.00565362
0.76791340 -0.00546637
0.77451141 -0.00529006
0.78104169 -0.00512435
0.78750263 -0.00496886
0.79389263 -0.00482313
0.80021011 -0.00468672
0.80645353 -0.00455910
0.81262133 -0.00443973
0.81871199 -0.00432805
0.82472402 -0.00422346
0.83065593 -0.00412536
0.83650626 -0.00403312
0.84227355 -0.00394611
0.84795640 -0.00386371
0.85355339 -0.00378528
0.85906315 -0.00371020
0.86448431 -0.00363786
0.86981555 -0.00356766
0.87505553 -0.00349902
0.88020298 -0.00343140
0.88525662 -0.00336427
0.89021520 -0.00329714
0.89507751 -0.00322955
0.89984233 -0.00316109
0.90450850 -0.00309137
0.90907486 -0.00302006
0.91354029 -0.00294688
0.91790368 -0.00287157
0.92216396 -0.00279395
0.92632008 -0.00271386
0.93037101 -0.00263121
0.93431576 -0.00254596
0.93815334 -0.00245809
0.94188282 -0.00236765
0.94550326 -0.00227476
0.94901379 -0.00217953
0.95241353 -0.00208217
0.95570164 -0.00198289
0.95887731 -0.00188196
0.96193977 -0.00177969
0.96488824 -0.00167641
0.96772202 -0.00157249
0.97044038 -0.00146832
0.97304268 -0.00136432
0.97552826 -0.00126092
0.97789651 -0.00115859
0.98014684 -0.00105777
0.98227871 -0.00095896
0.98429158 -0.00086262
0.98618496 -0.00076923
0.98795838 -0.00067925
0.98961141 -0.00059316
0.99114363 -0.00051141
0.99255466 -0.00043442
0.99384417 -0.00036260
0.99501183 -0.00029636
0.99605735 -0.00023606
0.99698048 -0.00018202
0.99778098 -0.00013456
0.99845867 -0.00009393
0.99901336 -0.00006037
0.99944494 -0.00003407
0.99975328 -0.00001517
0.99993832 -0.00000379
1.00000000 0.00000001
