sample_214
1.00000000 0.00000001
0.99993832 0.00001374
0.99975328 0.00005490
0.99944494 0.00012341
0.99901336 0.00021913
0.99845867 0.00034188
0.99778098 0.00049142
0.99698048 0.00066745
0.99605735 0.00086963
0.99501183 0.00109759
0.99384417 0.00135088
0.99255466 0.00162902
0.99114363 0.00193151
0.98961141 0.00225778
0.98795838 0.00260724
0.98618496 0.00297927
0.98429158 0.00337320
0.98227871 0.00378837
0.98014684 0.00422406
0.97789651 0.00467955
0.97552826 0.00515410
0.97304268 0.00564696
0.97044038 0.00615736
0.96772202 0.00668453
0.96488824 0.00722770
0.96193977 0.00778611
0.95887731 0.00835899
0.95570164 0.00894557
0.95241353 0.00954512
0.94901379 0.01015690
0.94550326 0.01078020
0.94188282 0.01141431
0.93815334 0.01205858
0.93431576 0.01271234
0.93037101 0.01337498
0.92632008 0.01404590
0.92216396 0.01472455
0.91790368 0.01541040
0.91354029 0.01610294
0.90907486 0.01680171
0.90450850 0.01750629
0.89984233 0.01821628
0.89507751 0.01893133
0.89021520 0.01965110
0.88525662 0.02037532
0.88020298 0.02110371
0.87505553 0.02183607
0.86981555 0.02257220
0.86448431 0.02331192
0.85906315 0.02405511
0.85355339 0.02480165
0.84795640 0.02555146
0.84227355 0.02630445
0.83650626 0.02706059
0.83065593 0.02781983
0.82472402 0.02858215
0.81871199 0.02934752
0.81262133 0.03011594
0.80645353 0.03088740
0.80021011 0.03166188
0.79389263 0.03243935
0.78750263 0.03321980
0.78104169 0.03400318
0.77451141 0.03478943
0.76791340 0.03557848
0.76124928 0.03637022
0.75452071 0.03716454
0.74772933 0.03796128
0.74087684 0.03876025
0.73396491 0.03956123
0.72699525 0.04036397
0.71996958 0.04116817
0.71288965 0.04197350
0.70575718 0.04277957
0.69857395 0.04358596
0.69134172 0.04439221
0.68406228 0.04519780
0.67673742 0.04600218
0.66936896 0.04680473
0.66195871 0.04760481
0.65450850 0.04840172
0.64702016 0.04919472
0.63949555 0.04998302
0.63193652 0.05076580
0.62434494 0.05154220
0.61672268 0.05231131
0.60907162 0.05307219
0.60139365 0.05382388
0.59369066 0.05456537
0.58596455 0.05529566
0.57821723 0.05601368
0.57045062 0.05671839
0.56266662 0.05740870
0.55486716 0.05808352
0.54705416 0.05874178
0.53922955 0.05938238
0.53139526 0.06000423
0.52355323 0.06060626
0.51570538 0.06118740
0.50785366 0.06174661
0.50000000 0.06228285
0.49214634 0.06279515
0.48429462 0.06328252
0.47644677 0.06374405
0.46860474 0.06417885
0.46077045 0.06458606
0.45294584 0.06496490
0.44513284 0.06531463
0.43733338 0.06563454
0.42954938 0.06592401
0.42178277 0.06618247
0.41403545 0.06640940
0.40630934 0.06660437
0.39860635 0.06676700
0.39092838 0.06689697
0.38327732 0.06699404
0.37565506 0.06705805
0.36806348 0.06708889
0.36050445 0.06708651
0.35297984 0.06705097
0.34549150 0.06698236
0.33804129 0.06688085
0.33063104 0.06674666
0.32326258 0.06658010
0.31593772 0.06638151
0.30865828 0.06615132
0.30142605 0.06588997
0.29424282 0.06559800
0.28711035 0.06527596
0.28003042 0.06492445
0.27300475 0.06454414
0.26603509 0.06413568
0.25912316 0.06369981
0.25227067 0.06323726
0.24547929 0.06274878
0.23875072 0.06223517
0.23208660 0.06169721
0.22548859 0.06113572
0.21895831 0.06055149
0.21249737 0.05994533
0.20610737 0.05931805
0.19978989 0.05867046
0.19354647 0.05800332
0.18737867 0.05731742
0.18128801 0.05661351
0.17527598 0.05589232
0.16934407 0.05515455
0.16349374 0.05440088
0.15772645 0.05363196
0.15204360 0.05284842
0.14644661 0.05205083
0.14093685 0.05123975
0.13551569 0.05041569
0.13018445 0.04957914
0.12494447 0.04873052
0.11979702 0.04787026
0.11474338 0.04699872
0.10978480 0.04611623
0.10492249 0.04522310
0.10015767 0.04431959
0.09549150 0.04340594
0.09092514 0.04248235
0.08645971 0.04154900
0.08209632 0.04060604
0.07783604 0.03965361
0.07367992 0.03869181
0.06962899 0.03772072
0.06568424 0.03674044
0.06184666 0.03575101
0.05811718 0.03475250
0.05449674 0.03374495
0.05098621 0.03272841
0.04758647 0.03170293
0.04429836 0.03066856
0.04112269 0.02962534
0.03806023 0.02857335
0.03511176 0.02751266
0.03227798 0.02644336
0.02955962 0.02536556
0.02695732 0.02427938
0.02447174 0.02318496
0.02210349 0.02208246
0.01985316 0.02097209
0.01772129 0.01985404
0.01570842 0.01872856
0.01381504 0.01759592
0.01204162 0.01645639
0.01038859 0.01531030
0.00885637 0.01415799
0.00744534 0.01299982
0.00615583 0.01183618
0.00498817 0.01066750
0.00394265 0.00949420
0.00301952 0.00831675
0.00221902 0.00713561
0.00154133 0.00595128
0.00098664 0.00476428
0.00055506 0.00357511
0.00024672 0.00238432
0.00006168 0.00119243
0.00000000 0.00000000
0.00006168 -0.00080310
0.00024672 -0.00160602
0.00055506 -0.00240859
0.00098664 -0.00321061
0.00154133 -0.00401189
0.00221902 -0.00481220
0.00301952 -0.00561132
0.00394265 -0.00640898
0.00498817 -0.00720488
0.00615583 -0.00799872
0.00744534 -0.00879014
0.00885637 -0.00957876
0.01038859 -0.01036414
0.01204162 -0.01114582
0.01381504 -0.01192330
0.01570842 -0.01269603
0.01772129 -0.01346343
0.01985316 -0.01422486
0.02210349 -0.01497966
0.02447174 -0.01572710
0.02695732 -0.01646644
0.02955962 -0.01719689
0.03227798 -0.01791763
0.03511176 -0.01862779
0.03806023 -0.01932650
0.04112269 -0.02001283
0.04429836 -0.02068586
0.04758647 -0.02134462
0.05098621 -0.02198816
0.05449674 -0.02261549
0.05811718 -0.02322562
0.06184666 -0.02381758
0.06568424 -0.02439038
0.06962899 -0.02494306
0.07367992 -0.02547466
0.07783604 -0.02598425
0.08209632 -0.02647093
0.08645971 -0.02693381
0.09092514 -0.02737205
0.09549150 -0.02778486
0.10015767 -0.02817148
0.10492249 -0.02853121
0.10978480 -0.02886340
0.11474338 -0.02916745
0.11979702 -0.02944284
0.12494447 -0.02968910
0.13018445 -0.02990583
0.13551569 -0.03009272
0.14093685 -0.03024950
0.14644661 -0.03037599
0.15204360 -0.03047211
0.15772645 -0.03053781
0.16349374 -0.03057316
0.16934407 -0.03057827
0.17527598 -0.03055337
0.18128801 -0.03049872
0.18737867 -0.03041469
0.19354647 -0.03030171
0.19978989 -0.03016027
0.20610737 -0.02999095
0.21249737 -0.02979439
0.21895831 -0.02957128
0.22548859 -0.02932239
0.23208660 -0.02904852
0.23875072 -0.02875055
0.24547929 -0.02842940
0.25227067 -0.02808602
0.25912316 -0.02772141
0.26603509 -0.02733661
0.27300475 -0.02693269
0.28003042 -0.02651074
0.28711035 -0.02607188
0.29424282 -0.02561723
0.30142605 -0.02514794
0.30865828 -0.02466517
0.31593772 -0.02417008
0.32326258 -0.02366381
0.33063104 -0.02314753
0.33804129 -0.02262238
0.34549150 -0.02208949
0.35297984 -0.02154999
0.36050445 -0.02100498
0.36806348 -0.02045554
0.37565506 -0.01990272
0.38327732 -0.01934755
0.39092838 -0.01879105
0.39860635 -0.01823418
0.40630934 -0.01767788
0.41403545 -0.01712306
0.42178277 -0.01657060
0.42954938 -0.01602133
0.43733338 -0.01547605
0.44513284 -0.01493553
0.45294584 -0.01440050
0.46077045 -0.01387165
0.46860474 -0.01334963
0.47644677 -0.01283506
0.48429462 -0.01232852
0.49214634 -0.01183056
0.50000000 -0.01134169
0.50785366 -0.01086237
0.51570538 -0.01039306
0.52355323 -0.00993415
0.53139526 -0.00948603
0.53922955 -0.00904904
0.54705416 -0.00862349
0.55486716 -0.00820966
0.56266662 -0.00780780
0.57045062 -0.00741815
0.57821723 -0.00704090
0.58596455 -0.00667621
0.59369066 -0.00632423
0.60139365 -0.00598507
0.60907162 -0.00565883
0.61672268 -0.00534558
0.62434494 -0.00504535
0.63193652 -0.00475815
0.63949555 -0.00448399
0.64702016 -0.00422282
0.65450850 -0.00397459
0.66195871 -0.00373922
0.66936896 -0.00351660
0.67673742 -0.00330661
0.68406228 -0.00310908
0.69134172 -0.00292384
0.69857395 -0.00275070
0.70575718 -0.00258942
0.71288965 -0.00243975
0.71996958 -0.00230143
0.72699525 -0.00217416
0.73396491 -0.00205762
0.74087684 -0.00195148
0.74772933 -0.00185536
0.75452071 -0.00176890
0.76124928 -0.00169169
0.76791340 -0.00162330
0.77451141 -0.00156331
0.78104169 -0.00151125
0.78750263 -0.00146667
0.79389263 -0.00142906
0.80021011 -0.00139795
0.80645353 -0.00137283
0.81262133 -0.00135317
0.81871199 -0.00133848
0.82472402 -0.00132821
0.83065593 -0.00132186
0.83650626 -0.00131888
0.84227355 -0.00131878
0.84795640 -0.00132103
0.85355339 -0.00132512
0.85906315 -0.00133056
0.86448431 -0.00133687
0.86981555 -0.00134358
0.87505553 -0.00135024
0.88020298 -0.00135643
0.88525662 -0.00136175
0.89021520 -0.00136580
0.89507751 -0.00136825
0.89984233 -0.00136876
0.90450850 -0.00136705
0.90907486 -0.00136285
0.91354029 -0.00135594
0.91790368 -0.00134613
0.92216396 -0.00133327
0.92632008 -0.00131723
0.93037101 -0.00129794
0.93431576 -0.00127534
0.93815334 -0.00124944
0.94188282 -0.00122027
0.94550326 -0.00118789
0.94901379 -0.00115240
0.95241353 -0.00111393
0.95570164 -0.00107267
0.95887731 -0.00102880
0.96193977 -0.00098256
0.96488824 -0.00093420
0.96772202 -0.00088400
0.97044038 -0.00083226
0.97304268 -0.00077932
0.97552826 -0.00072549
0.97789651 -0.00067115
0.98014684 -0.00061664
0.98227871 -0.00056235
0.98429158 -0.00050863
0.98618496 -0.00045588
0.98795838 -0.00040445
0.98961141 -0.00035472
0.99114363 -0.00030704
0.99255466 -0.00026176
0.99384417 -0.00021920
0.99501183 -0.00017968
0.99605735 -0.00014349
0.99698048 -0.00011090
0.99778098 -0.00008214
0.99845867 -0.00005743
0.99901336 -0.00003696
0.99944494 -0.00002088
0.99975328 -0.00000930
0.99993832 -0.00000232
1.00000000 0.00000001
