sample_932
1.00000000 0.00000001
0.99993832 0.00001150
0.99975328 0.00004596
0.99944494 0.00010336
0.99901336 0.00018364
0.99845867 0.00028673
0.99778098 0.00041255
0.99698048 0.00056096
0.99605735 0.00073186
0.99501183 0.00092508
0.99384417 0.00114046
0.99255466 0.00137784
0.99114363 0.00163702
0.98961141 0.00191779
0.98795838 0.00221995
0.98618496 0.00254328
0.98429158 0.00288755
0.98227871 0.00325253
0.98014684 0.00363799
0.97789651 0.00404369
0.97552826 0.00446940
0.97304268 0.00491488
0.97044038 0.00537991
0.96772202 0.00586424
0.96488824 0.00636765
0.96193977 0.00688993
0.95887731 0.00743086
0.95570164 0.00799023
0.95241353 0.00856783
0.94901379 0.00916347
0.94550326 0.00977696
0.94188282 0.01040810
0.93815334 0.01105671
0.93431576 0.01172261
0.93037101 0.01240562
0.92632008 0.01310556
0.92216396 0.01382224
0.91790368 0.01455547
0.91354029 0.01530507
0.90907486 0.01607083
0.90450850 0.01685254
0.89984233 0.01764997
0.89507751 0.01846288
0.89021520 0.01929102
0.88525662 0.02013410
0.88020298 0.02099181
0.87505553 0.02186382
0.86981555 0.02274978
0.86448431 0.02364929
0.85906315 0.02456191
0.85355339 0.02548719
0.84795640 0.02642463
0.84227355 0.02737367
0.83650626 0.02833373
0.83065593 0.02930419
0.82472402 0.03028436
0.81871199 0.03127351
0.81262133 0.03227090
0.80645353 0.03327569
0.80021011 0.03428702
0.79389263 0.03530399
0.78750263 0.03632564
0.78104169 0.03735098
0.77451141 0.03837895
0.76791340 0.03940849
0.76124928 0.04043846
0.75452071 0.04146771
0.74772933 0.04249505
0.74087684 0.04351926
0.73396491 0.04453909
0.72699525 0.04555328
0.71996958 0.04656053
0.71288965 0.04755955
0.70575718 0.04854903
0.69857395 0.04952765
0.69134172 0.05049410
0.68406228 0.05144706
0.67673742 0.05238524
0.66936896 0.05330736
0.66195871 0.05421214
0.65450850 0.05509836
0.64702016 0.05596480
0.63949555 0.05681028
0.63193652 0.05763368
0.62434494 0.05843390
0.61672268 0.05920989
0.60907162 0.05996068
0.60139365 0.06068532
0.59369066 0.06138293
0.58596455 0.06205271
0.57821723 0.06269390
0.57045062 0.06330581
0.56266662 0.06388784
0.55486716 0.06443945
0.54705416 0.06496015
0.53922955 0.06544954
0.53139526 0.06590730
0.52355323 0.06633317
0.51570538 0.06672696
0.50785366 0.06708855
0.50000000 0.06741790
0.49214634 0.06771503
0.48429462 0.06798000
0.47644677 0.06821298
0.46860474 0.06841415
0.46077045 0.06858379
0.45294584 0.06872220
0.44513284 0.06882973
0.43733338 0.06890680
0.42954938 0.06895384
0.42178277 0.06897133
0.41403545 0.06895980
0.40630934 0.06891977
0.39860635 0.06885181
0.39092838 0.06875651
0.38327732 0.06863445
0.37565506 0.06848624
0.36806348 0.06831250
0.36050445 0.06811384
0.35297984 0.06789088
0.34549150 0.06764421
0.33804129 0.06737444
0.33063104 0.06708216
0.32326258 0.06676793
0.31593772 0.06643231
0.30865828 0.06607583
0.30142605 0.06569901
0.29424282 0.06530233
0.28711035 0.06488626
0.28003042 0.06445123
0.27300475 0.06399766
0.26603509 0.06352593
0.25912316 0.06303639
0.25227067 0.06252939
0.24547929 0.06200521
0.23875072 0.06146414
0.23208660 0.06090644
0.22548859 0.06033233
0.21895831 0.05974204
0.21249737 0.05913573
0.20610737 0.05851360
0.19978989 0.05787580
0.19354647 0.05722246
0.18737867 0.05655373
0.18128801 0.05586972
0.17527598 0.05517056
0.16934407 0.05445635
0.16349374 0.05372720
0.15772645 0.05298324
0.15204360 0.05222455
0.14644661 0.05145128
0.14093685 0.05066354
0.13551569 0.04986146
0.13018445 0.04904519
0.12494447 0.04821489
0.11979702 0.04737071
0.11474338 0.04651285
0.10978480 0.04564150
0.10492249 0.04475688
0.10015767 0.04385921
0.09549150 0.04294875
0.09092514 0.04202575
0.08645971 0.04109049
0.08209632 0.04014328
0.07783604 0.03918441
0.07367992 0.03821423
0.06962899 0.03723307
0.06568424 0.03624129
0.06184666 0.03523924
0.05811718 0.03422731
0.05449674 0.03320588
0.05098621 0.03217534
0.04758647 0.03113609
0.04429836 0.03008854
0.04112269 0.02903307
0.03806023 0.02797011
0.03511176 0.02690004
0.03227798 0.02582328
0.02955962 0.02474022
0.02695732 0.02365125
0.02447174 0.02255675
0.02210349 0.02145711
0.01985316 0.02035267
0.01772129 0.01924381
0.01570842 0.01813086
0.01381504 0.01701415
0.01204162 0.01589401
0.01038859 0.01477074
0.00885637 0.01364463
0.00744534 0.01251596
0.00615583 0.01138500
0.00498817 0.01025201
0.00394265 0.00911721
0.00301952 0.00798086
0.00221902 0.00684316
0.00154133 0.00570432
0.00098664 0.00456455
0.00055506 0.00342405
0.00024672 0.00228300
0.00006168 0.00114159
0.00000000 0.00000000
0.00006168 -0.00023275
0.00024672 -0.00046498
0.00055506 -0.00069617
0.00098664 -0.00092580
0.00154133 -0.00115336
0.00221902 -0.00137834
0.00301952 -0.00160022
0.00394265 -0.00181851
0.00498817 -0.00203270
0.00615583 -0.00224232
0.00744534 -0.00244687
0.00885637 -0.00264588
0.01038859 -0.00283890
0.01204162 -0.00302545
0.01381504 -0.00320511
0.01570842 -0.00337744
0.01772129 -0.00354203
0.01985316 -0.00369846
0.02210349 -0.00384635
0.02447174 -0.00398533
0.02695732 -0.00411504
0.02955962 -0.00423514
0.03227798 -0.00434531
0.03511176 -0.00444524
0.03806023 -0.00453467
0.04112269 -0.00461331
0.04429836 -0.00468094
0.04758647 -0.00473733
0.05098621 -0.00478230
0.05449674 -0.00481566
0.05811718 -0.00483728
0.06184666 -0.00484703
0.06568424 -0.00484482
0.06962899 -0.00483057
0.07367992 -0.00480424
0.07783604 -0.00476581
0.08209632 -0.00471530
0.08645971 -0.00465273
0.09092514 -0.00457818
0.09549150 -0.00449174
0.10015767 -0.00439352
0.10492249 -0.00428367
0.10978480 -0.00416236
0.11474338 -0.00402979
0.11979702 -0.00388620
0.12494447 -0.00373183
0.13018445 -0.00356696
0.13551569 -0.00339190
0.14093685 -0.00320697
0.14644661 -0.00301253
0.15204360 -0.00280895
0.15772645 -0.00259662
0.16349374 -0.00237597
0.16934407 -0.00214742
0.17527598 -0.00191144
0.18128801 -0.00166849
0.18737867 -0.00141907
0.19354647 -0.00116367
0.19978989 -0.00090281
0.20610737 -0.00063702
0.21249737 -0.00036684
0.21895831 -0.00009281
0.22548859 0.00018452
0.23208660 0.00046458
0.23875072 0.00074682
0.24547929 0.00103067
0.25227067 0.00131556
0.25912316 0.00160093
0.26603509 0.00188622
0.27300475 0.00217087
0.28003042 0.00245434
0.28711035 0.00273607
0.29424282 0.00301553
0.30142605 0.00329220
0.30865828 0.00356556
0.31593772 0.00383512
0.32326258 0.00410038
0.33063104 0.00436089
0.33804129 0.00461618
0.34549150 0.00486583
0.35297984 0.00510941
0.36050445 0.00534653
0.36806348 0.00557681
0.37565506 0.00579991
0.38327732 0.00601548
0.39092838 0.00622322
0.39860635 0.00642284
0.40630934 0.00661409
0.41403545 0.00679671
0.42178277 0.00697050
0.42954938 0.00713527
0.43733338 0.00729084
0.44513284 0.00743708
0.45294584 0.00757387
0.46077045 0.00770111
0.46860474 0.00781873
0.47644677 0.00792669
0.48429462 0.00802496
0.49214634 0.00811354
0.50000000 0.00819243
0.50785366 0.00826170
0.51570538 0.00832138
0.52355323 0.00837156
0.53139526 0.00841235
0.53922955 0.00844384
0.54705416 0.00846619
0.55486716 0.00847953
0.56266662 0.00848403
0.57045062 0.00847986
0.57821723 0.00846723
0.58596455 0.00844632
0.59369066 0.00841736
0.60139365 0.00838058
0.60907162 0.00833620
0.61672268 0.00828448
0.62434494 0.00822566
0.63193652 0.00816000
0.63949555 0.00808776
0.64702016 0.00800922
0.65450850 0.00792465
0.66195871 0.00783432
0.66936896 0.00773851
0.67673742 0.00763751
0.68406228 0.00753159
0.69134172 0.00742103
0.69857395 0.00730613
0.70575718 0.00718715
0.71288965 0.00706437
0.71996958 0.00693808
0.72699525 0.00680854
0.73396491 0.00667604
0.74087684 0.00654082
0.74772933 0.00640316
0.75452071 0.00626331
0.76124928 0.00612153
0.76791340 0.00597806
0.77451141 0.00583316
0.78104169 0.00568704
0.78750263 0.00553996
0.79389263 0.00539212
0.80021011 0.00524376
0.80645353 0.00509508
0.81262133 0.00494628
0.81871199 0.00479758
0.82472402 0.00464915
0.83065593 0.00450119
0.83650626 0.00435388
0.84227355 0.00420738
0.84795640 0.00406187
0.85355339 0.00391749
0.85906315 0.00377441
0.86448431 0.00363277
0.86981555 0.00349270
0.87505553 0.00335434
0.88020298 0.00321782
0.88525662 0.00308324
0.89021520 0.00295073
0.89507751 0.00282039
0.89984233 0.00269232
0.90450850 0.00256662
0.90907486 0.00244337
0.91354029 0.00232266
0.91790368 0.00220455
0.92216396 0.00208914
0.92632008 0.00197647
0.93037101 0.00186661
0.93431576 0.00175962
0.93815334 0.00165555
0.94188282 0.00155445
0.94550326 0.00145635
0.94901379 0.00136131
0.95241353 0.00126934
0.95570164 0.00118048
0.95887731 0.00109477
0.96193977 0.00101221
0.96488824 0.00093284
0.96772202 0.00085667
0.97044038 0.00078372
0.97304268 0.00071399
0.97552826 0.00064750
0.97789651 0.00058425
0.98014684 0.00052425
0.98227871 0.00046751
0.98429158 0.00041402
0.98618496 0.00036379
0.98795838 0.00031682
0.98961141 0.00027311
0.99114363 0.00023265
0.99255466 0.00019544
0.99384417 0.00016148
0.99501183 0.00013077
0.99605735 0.00010331
0.99698048 0.00007908
0.99778098 0.00005810
0.99845867 0.00004034
0.99901336 0.00002582
0.99944494 0.00001453
0.99975328 0.00000646
0.99993832 0.00000163
1.00000000 0.00000001
