sample_146
1.00000000 0.00000001
0.99993832 0.00001179
0.99975328 0.00004709
0.99944494 0.00010587
0.99901336 0.00018805
0.99845867 0.00029350
0.99778098 0.00042208
0.99698048 0.00057360
0.99605735 0.00074785
0.99501183 0.00094460
0.99384417 0.00116356
0.99255466 0.00140445
0.99114363 0.00166694
0.98961141 0.00195068
0.98795838 0.00225530
0.98618496 0.00258043
0.98429158 0.00292563
0.98227871 0.00329051
0.98014684 0.00367461
0.97789651 0.00407749
0.97552826 0.00449868
0.97304268 0.00493772
0.97044038 0.00539413
0.96772202 0.00586743
0.96488824 0.00635713
0.96193977 0.00686276
0.95887731 0.00738382
0.95570164 0.00791983
0.95241353 0.00847031
0.94901379 0.00903479
0.94550326 0.00961281
0.94188282 0.01020389
0.93815334 0.01080759
0.93431576 0.01142346
0.93037101 0.01205105
0.92632008 0.01268996
0.92216396 0.01333975
0.91790368 0.01400002
0.91354029 0.01467037
0.90907486 0.01535041
0.90450850 0.01603976
0.89984233 0.01673805
0.89507751 0.01744491
0.89021520 0.01815999
0.88525662 0.01888293
0.88020298 0.01961339
0.87505553 0.02035101
0.86981555 0.02109547
0.86448431 0.02184642
0.85906315 0.02260352
0.85355339 0.02336643
0.84795640 0.02413480
0.84227355 0.02490829
0.83650626 0.02568654
0.83065593 0.02646920
0.82472402 0.02725589
0.81871199 0.02804624
0.81262133 0.02883986
0.80645353 0.02963635
0.80021011 0.03043531
0.79389263 0.03123631
0.78750263 0.03203891
0.78104169 0.03284267
0.77451141 0.03364712
0.76791340 0.03445179
0.76124928 0.03525618
0.75452071 0.03605978
0.74772933 0.03686208
0.74087684 0.03766254
0.73396491 0.03846062
0.72699525 0.03925576
0.71996958 0.04004740
0.71288965 0.04083494
0.70575718 0.04161782
0.69857395 0.04239543
0.69134172 0.04316717
0.68406228 0.04393245
0.67673742 0.04469067
0.66936896 0.04544121
0.66195871 0.04618348
0.65450850 0.04691688
0.64702016 0.04764081
0.63949555 0.04835471
0.63193652 0.04905798
0.62434494 0.04975007
0.61672268 0.05043044
0.60907162 0.05109856
0.60139365 0.05175391
0.59369066 0.05239600
0.58596455 0.05302436
0.57821723 0.05363856
0.57045062 0.05423816
0.56266662 0.05482277
0.55486716 0.05539204
0.54705416 0.05594561
0.53922955 0.05648319
0.53139526 0.05700449
0.52355323 0.05750927
0.51570538 0.05799731
0.50785366 0.05846843
0.50000000 0.05892247
0.49214634 0.05935931
0.48429462 0.05977886
0.47644677 0.06018105
0.46860474 0.06056584
0.46077045 0.06093323
0.45294584 0.06128322
0.44513284 0.06161585
0.43733338 0.06193119
0.42954938 0.06222931
0.42178277 0.06251029
0.41403545 0.06277427
0.40630934 0.06302134
0.39860635 0.06325165
0.39092838 0.06346534
0.38327732 0.06366254
0.37565506 0.06384339
0.36806348 0.06400805
0.36050445 0.06415663
0.35297984 0.06428928
0.34549150 0.06440611
0.33804129 0.06450722
0.33063104 0.06459270
0.32326258 0.06466263
0.31593772 0.06471703
0.30865828 0.06475595
0.30142605 0.06477938
0.29424282 0.06478728
0.28711035 0.06477960
0.28003042 0.06475624
0.27300475 0.06471707
0.26603509 0.06466194
0.25912316 0.06459064
0.25227067 0.06450294
0.24547929 0.06439857
0.23875072 0.06427722
0.23208660 0.06413855
0.22548859 0.06398216
0.21895831 0.06380765
0.21249737 0.06361456
0.20610737 0.06340239
0.19978989 0.06317063
0.19354647 0.06291873
0.18737867 0.06264611
0.18128801 0.06235215
0.17527598 0.06203622
0.16934407 0.06169768
0.16349374 0.06133586
0.15772645 0.06095006
0.15204360 0.06053960
0.14644661 0.06010376
0.14093685 0.05964185
0.13551569 0.05915315
0.13018445 0.05863695
0.12494447 0.05809257
0.11979702 0.05751932
0.11474338 0.05691653
0.10978480 0.05628357
0.10492249 0.05561980
0.10015767 0.05492465
0.09549150 0.05419755
0.09092514 0.05343799
0.08645971 0.05264549
0.08209632 0.05181963
0.07783604 0.05096003
0.07367992 0.05006636
0.06962899 0.04913836
0.06568424 0.04817582
0.06184666 0.04717861
0.05811718 0.04614665
0.05449674 0.04507993
0.05098621 0.04397852
0.04758647 0.04284257
0.04429836 0.04167230
0.04112269 0.04046799
0.03806023 0.03923004
0.03511176 0.03795888
0.03227798 0.03665505
0.02955962 0.03531918
0.02695732 0.03395195
0.02447174 0.03255414
0.02210349 0.03112660
0.01985316 0.02967027
0.01772129 0.02818616
0.01570842 0.02667535
0.01381504 0.02513899
0.01204162 0.02357832
0.01038859 0.02199461
0.00885637 0.02038924
0.00744534 0.01876362
0.00615583 0.01711922
0.00498817 0.01545758
0.00394265 0.01378028
0.00301952 0.01208893
0.00221902 0.01038520
0.00154133 0.00867079
0.00098664 0.00694744
0.00055506 0.00521690
0.00024672 0.00348095
0.00006168 0.00174138
0.00000000 0.00000000
0.00006168 -0.00026472
0.00024672 -0.00052951
0.00055506 -0.00079445
0.00098664 -0.00105961
0.00154133 -0.00132507
0.00221902 -0.00159090
0.00301952 -0.00185717
0.00394265 -0.00212397
0.00498817 -0.00239138
0.00615583 -0.00265947
0.00744534 -0.00292834
0.00885637 -0.00319806
0.01038859 -0.00346872
0.01204162 -0.00374042
0.01381504 -0.00401323
0.01570842 -0.00428725
0.01772129 -0.00456257
0.01985316 -0.00483929
0.02210349 -0.00511748
0.02447174 -0.00539724
0.02695732 -0.00567866
0.02955962 -0.00596182
0.03227798 -0.00624680
0.03511176 -0.00653369
0.03806023 -0.00682255
0.04112269 -0.00711346
0.04429836 -0.00740647
0.04758647 -0.00770163
0.05098621 -0.00799899
0.05449674 -0.00829859
0.05811718 -0.00860045
0.06184666 -0.00890457
0.06568424 -0.00921095
0.06962899 -0.00951959
0.07367992 -0.00983043
0.07783604 -0.01014344
0.08209632 -0.01045854
0.08645971 -0.01077566
0.09092514 -0.01109467
0.09549150 -0.01141547
0.10015767 -0.01173790
0.10492249 -0.01206179
0.10978480 -0.01238696
0.11474338 -0.01271318
0.11979702 -0.01304022
0.12494447 -0.01336782
0.13018445 -0.01369569
0.13551569 -0.01402354
0.14093685 -0.01435101
0.14644661 -0.01467777
0.15204360 -0.01500344
0.15772645 -0.01532760
0.16349374 -0.01564985
0.16934407 -0.01596975
0.17527598 -0.01628682
0.18128801 -0.01660060
0.18737867 -0.01691059
0.19354647 -0.01721627
0.19978989 -0.01751713
0.20610737 -0.01781262
0.21249737 -0.01810219
0.21895831 -0.01838530
0.22548859 -0.01866138
0.23208660 -0.01892986
0.23875072 -0.01919019
0.24547929 -0.01944178
0.25227067 -0.01968407
0.25912316 -0.01991652
0.26603509 -0.02013857
0.27300475 -0.02034967
0.28003042 -0.02054930
0.28711035 -0.02073696
0.29424282 -0.02091215
0.30142605 -0.02107439
0.30865828 -0.02122324
0.31593772 -0.02135827
0.32326258 -0.02147909
0.33063104 -0.02158532
0.33804129 -0.02167665
0.34549150 -0.02175275
0.35297984 -0.02181338
0.36050445 -0.02185829
0.36806348 -0.02188731
0.37565506 -0.02190028
0.38327732 -0.02189709
0.39092838 -0.02187769
0.39860635 -0.02184204
0.40630934 -0.02179017
0.41403545 -0.02172214
0.42178277 -0.02163807
0.42954938 -0.02153810
0.43733338 -0.02142244
0.44513284 -0.02129132
0.45294584 -0.02114502
0.46077045 -0.02098388
0.46860474 -0.02080825
0.47644677 -0.02061854
0.48429462 -0.02041520
0.49214634 -0.02019869
0.50000000 -0.01996953
0.50785366 -0.01972827
0.51570538 -0.01947546
0.52355323 -0.01921173
0.53139526 -0.01893767
0.53922955 -0.01865395
0.54705416 -0.01836123
0.55486716 -0.01806018
0.56266662 -0.01775150
0.57045062 -0.01743590
0.57821723 -0.01711409
0.58596455 -0.01678677
0.59369066 -0.01645467
0.60139365 -0.01611850
0.60907162 -0.01577897
0.61672268 -0.01543678
0.62434494 -0.01509262
0.63193652 -0.01474717
0.63949555 -0.01440109
0.64702016 -0.01405501
0.65450850 -0.01370957
0.66195871 -0.01336534
0.66936896 -0.01302292
0.67673742 -0.01268283
0.68406228 -0.01234559
0.69134172 -0.01201168
0.69857395 -0.01168156
0.70575718 -0.01135563
0.71288965 -0.01103428
0.71996958 -0.01071784
0.72699525 -0.01040664
0.73396491 -0.01010095
0.74087684 -0.00980099
0.74772933 -0.00950698
0.75452071 -0.00921907
0.76124928 -0.00893739
0.76791340 -0.00866205
0.77451141 -0.00839309
0.78104169 -0.00813056
0.78750263 -0.00787444
0.79389263 -0.00762472
0.80021011 -0.00738132
0.80645353 -0.00714417
0.81262133 -0.00691315
0.81871199 -0.00668814
0.82472402 -0.00646899
0.83065593 -0.00625553
0.83650626 -0.00604758
0.84227355 -0.00584494
0.84795640 -0.00564741
0.85355339 -0.00545477
0.85906315 -0.00526682
0.86448431 -0.00508332
0.86981555 -0.00490406
0.87505553 -0.00472881
0.88020298 -0.00455737
0.88525662 -0.00438951
0.89021520 -0.00422504
0.89507751 -0.00406377
0.89984233 -0.00390551
0.90450850 -0.00375010
0.90907486 -0.00359739
0.91354029 -0.00344724
0.91790368 -0.00329952
0.92216396 -0.00315415
0.92632008 -0.00301104
0.93037101 -0.00287012
0.93431576 -0.00273135
0.93815334 -0.00259472
0.94188282 -0.00246022
0.94550326 -0.00232787
0.94901379 -0.00219771
0.95241353 -0.00206979
0.95570164 -0.00194420
0.95887731 -0.00182103
0.96193977 -0.00170039
0.96488824 -0.00158240
0.96772202 -0.00146721
0.97044038 -0.00135498
0.97304268 -0.00124586
0.97552826 -0.00114005
0.97789651 -0.00103771
0.98014684 -0.00093904
0.98227871 -0.00084423
0.98429158 -0.00075349
0.98618496 -0.00066702
0.98795838 -0.00058501
0.98961141 -0.00050765
0.99114363 -0.00043514
0.99255466 -0.00036767
0.99384417 -0.00030542
0.99501183 -0.00024854
0.99605735 -0.00019720
0.99698048 -0.00015154
0.99778098 -0.00011169
0.99845867 -0.00007777
0.99901336 -0.00004988
0.99944494 -0.00002810
0.99975328 -0.00001250
0.99993832 -0.00000312
1.00000000 0.00000001
