sample_100
1.00000000 0.00000001
0.99993832 0.00000791
0.99975328 0.00003157
0.99944494 0.00007099
0.99901336 0.00012612
0.99845867 0.00019691
0.99778098 0.00028330
0.99698048 0.00038520
0.99605735 0.00050254
0.99501183 0.00063519
0.99384417 0.00078306
0.99255466 0.00094602
0.99114363 0.00112393
0.98961141 0.00131668
0.98795838 0.00152411
0.98618496 0.00174609
0.98429158 0.00198247
0.98227871 0.00223312
0.98014684 0.00249788
0.97789651 0.00277663
0.97552826 0.00306924
0.97304268 0.00337557
0.97044038 0.00369553
0.96772202 0.00402899
0.96488824 0.00437588
0.96193977 0.00473611
0.95887731 0.00510961
0.95570164 0.00549634
0.95241353 0.00589627
0.94901379 0.00630936
0.94550326 0.00673564
0.94188282 0.00717510
0.93815334 0.00762780
0.93431576 0.00809378
0.93037101 0.00857311
0.92632008 0.00906589
0.92216396 0.00957221
0.91790368 0.01009221
0.91354029 0.01062601
0.90907486 0.01117378
0.90450850 0.01173566
0.89984233 0.01231183
0.89507751 0.01290248
0.89021520 0.01350778
0.88525662 0.01412795
0.88020298 0.01476317
0.87505553 0.01541363
0.86981555 0.01607954
0.86448431 0.01676108
0.85906315 0.01745844
0.85355339 0.01817178
0.84795640 0.01890127
0.84227355 0.01964705
0.83650626 0.02040924
0.83065593 0.02118794
0.82472402 0.02198324
0.81871199 0.02279519
0.81262133 0.02362381
0.80645353 0.02446909
0.80021011 0.02533098
0.79389263 0.02620941
0.78750263 0.02710425
0.78104169 0.02801535
0.77451141 0.02894249
0.76791340 0.02988543
0.76124928 0.03084387
0.75452071 0.03181746
0.74772933 0.03280581
0.74087684 0.03380847
0.73396491 0.03482495
0.72699525 0.03585471
0.71996958 0.03689713
0.71288965 0.03795158
0.70575718 0.03901734
0.69857395 0.04009367
0.69134172 0.04117975
0.68406228 0.04227473
0.67673742 0.04337771
0.66936896 0.04448773
0.66195871 0.04560380
0.65450850 0.04672487
0.64702016 0.04784985
0.63949555 0.04897762
0.63193652 0.05010702
0.62434494 0.05123683
0.61672268 0.05236584
0.60907162 0.05349276
0.60139365 0.05461630
0.59369066 0.05573515
0.58596455 0.05684796
0.57821723 0.05795336
0.57045062 0.05904999
0.56266662 0.06013645
0.55486716 0.06121134
0.54705416 0.06227324
0.53922955 0.06332075
0.53139526 0.06435246
0.52355323 0.06536696
0.51570538 0.06636285
0.50785366 0.06733873
0.50000000 0.06829322
0.49214634 0.06922496
0.48429462 0.07013261
0.47644677 0.07101484
0.46860474 0.07187035
0.46077045 0.07269788
0.45294584 0.07349617
0.44513284 0.07426404
0.43733338 0.07500029
0.42954938 0.07570381
0.42178277 0.07637349
0.41403545 0.07700829
0.40630934 0.07760719
0.39860635 0.07816924
0.39092838 0.07869353
0.38327732 0.07917920
0.37565506 0.07962543
0.36806348 0.08003147
0.36050445 0.08039662
0.35297984 0.08072023
0.34549150 0.08100171
0.33804129 0.08124053
0.33063104 0.08143622
0.32326258 0.08158836
0.31593772 0.08169661
0.30865828 0.08176066
0.30142605 0.08178029
0.29424282 0.08175532
0.28711035 0.08168565
0.28003042 0.08157121
0.27300475 0.08141203
0.26603509 0.08120817
0.25912316 0.08095976
0.25227067 0.08066700
0.24547929 0.08033012
0.23875072 0.07994944
0.23208660 0.07952532
0.22548859 0.07905816
0.21895831 0.07854845
0.21249737 0.07799670
0.20610737 0.07740350
0.19978989 0.07676945
0.19354647 0.07609524
0.18737867 0.07538159
0.18128801 0.07462924
0.17527598 0.07383902
0.16934407 0.07301175
0.16349374 0.07214831
0.15772645 0.07124962
0.15204360 0.07031663
0.14644661 0.06935031
0.14093685 0.06835166
0.13551569 0.06732170
0.13018445 0.06626149
0.12494447 0.06517208
0.11979702 0.06405455
0.11474338 0.06291001
0.10978480 0.06173954
0.10492249 0.06054426
0.10015767 0.05932527
0.09549150 0.05808369
0.09092514 0.05682061
0.08645971 0.05553715
0.08209632 0.05423438
0.07783604 0.05291340
0.07367992 0.05157526
0.06962899 0.05022101
0.06568424 0.04885168
0.06184666 0.04746826
0.05811718 0.04607175
0.05449674 0.04466308
0.05098621 0.04324318
0.04758647 0.04181294
0.04429836 0.04037321
0.04112269 0.03892482
0.03806023 0.03746855
0.03511176 0.03600514
0.03227798 0.03453530
0.02955962 0.03305971
0.02695732 0.03157898
0.02447174 0.03009370
0.02210349 0.02860443
0.01985316 0.02711166
0.01772129 0.02561585
0.01570842 0.02411745
0.01381504 0.02261682
0.01204162 0.02111432
0.01038859 0.01961026
0.00885637 0.01810491
0.00744534 0.01659851
0.00615583 0.01509127
0.00498817 0.01358338
0.00394265 0.01207497
0.00301952 0.01056617
0.00221902 0.00905709
0.00154133 0.00754781
0.00098664 0.00603838
0.00055506 0.00452885
0.00024672 0.00301926
0.00006168 0.00150964
0.00000000 0.00000000
0.00006168 -0.00027171
0.00024672 -0.00054405
0.00055506 -0.00081766
0.00098664 -0.00109316
0.00154133 -0.00137116
0.00221902 -0.00165227
0.00301952 -0.00193707
0.00394265 -0.00222613
0.00498817 -0.00252000
0.00615583 -0.00281918
0.00744534 -0.00312419
0.00885637 -0.00343547
0.01038859 -0.00375345
0.01204162 -0.00407853
0.01381504 -0.00441106
0.01570842 -0.00475135
0.01772129 -0.00509966
0.01985316 -0.00545622
0.02210349 -0.00582121
0.02447174 -0.00619475
0.02695732 -0.00657692
0.02955962 -0.00696775
0.03227798 -0.00736719
0.03511176 -0.00777518
0.03806023 -0.00819157
0.04112269 -0.00861617
0.04429836 -0.00904873
0.04758647 -0.00948894
0.05098621 -0.00993645
0.05449674 -0.01039083
0.05811718 -0.01085162
0.06184666 -0.01131828
0.06568424 -0.01179025
0.06962899 -0.01226689
0.07367992 -0.01274753
0.07783604 -0.01323143
0.08209632 -0.01371783
0.08645971 -0.01420592
0.09092514 -0.01469482
0.09549150 -0.01518366
0.10015767 -0.01567150
0.10492249 -0.01615739
0.10978480 -0.01664035
0.11474338 -0.01711935
0.11979702 -0.01759337
0.12494447 -0.01806137
0.13018445 -0.01852229
0.13551569 -0.01897506
0.14093685 -0.01941862
0.14644661 -0.01985189
0.15204360 -0.02027383
0.15772645 -0.02068338
0.16349374 -0.02107951
0.16934407 -0.02146119
0.17527598 -0.02182746
0.18128801 -0.02217733
0.18737867 -0.02250989
0.19354647 -0.02282425
0.19978989 -0.02311955
0.20610737 -0.02339500
0.21249737 -0.02364985
0.21895831 -0.02388338
0.22548859 -0.02409497
0.23208660 -0.02428403
0.23875072 -0.02445003
0.24547929 -0.02459253
0.25227067 -0.02471113
0.25912316 -0.02480552
0.26603509 -0.02487544
0.27300475 -0.02492073
0.28003042 -0.02494128
0.28711035 -0.02493706
0.29424282 -0.02490812
0.30142605 -0.02485458
0.30865828 -0.02477662
0.31593772 -0.02467453
0.32326258 -0.02454862
0.33063104 -0.02439931
0.33804129 -0.02422707
0.34549150 -0.02403243
0.35297984 -0.02381601
0.36050445 -0.02357846
0.36806348 -0.02332050
0.37565506 -0.02304290
0.38327732 -0.02274648
0.39092838 -0.02243212
0.39860635 -0.02210070
0.40630934 -0.02175320
0.41403545 -0.02139057
0.42178277 -0.02101384
0.42954938 -0.02062402
0.43733338 -0.02022218
0.44513284 -0.01980937
0.45294584 -0.01938667
0.46077045 -0.01895517
0.46860474 -0.01851593
0.47644677 -0.01807005
0.48429462 -0.01761858
0.49214634 -0.01716258
0.50000000 -0.01670310
0.50785366 -0.01624114
0.51570538 -0.01577771
0.52355323 -0.01531376
0.53139526 -0.01485024
0.53922955 -0.01438804
0.54705416 -0.01392802
0.55486716 -0.01347102
0.56266662 -0.01301780
0.57045062 -0.01256911
0.57821723 -0.01212565
0.58596455 -0.01168805
0.59369066 -0.01125692
0.60139365 -0.01083280
0.60907162 -0.01041621
0.61672268 -0.01000759
0.62434494 -0.00960735
0.63193652 -0.00921584
0.63949555 -0.00883339
0.64702016 -0.00846025
0.65450850 -0.00809664
0.66195871 -0.00774274
0.66936896 -0.00739868
0.67673742 -0.00706457
0.68406228 -0.00674046
0.69134172 -0.00642636
0.69857395 -0.00612228
0.70575718 -0.00582815
0.71288965 -0.00554393
0.71996958 -0.00526950
0.72699525 -0.00500475
0.73396491 -0.00474953
0.74087684 -0.00450369
0.74772933 -0.00426704
0.75452071 -0.00403940
0.76124928 -0.00382056
0.76791340 -0.00361031
0.77451141 -0.00340844
0.78104169 -0.00321471
0.78750263 -0.00302891
0.79389263 -0.00285080
0.80021011 -0.00268016
0.80645353 -0.00251675
0.81262133 -0.00236037
0.81871199 -0.00221078
0.82472402 -0.00206778
0.83065593 -0.00193115
0.83650626 -0.00180070
0.84227355 -0.00167623
0.84795640 -0.00155755
0.85355339 -0.00144449
0.85906315 -0.00133688
0.86448431 -0.00123454
0.86981555 -0.00113733
0.87505553 -0.00104510
0.88020298 -0.00095770
0.88525662 -0.00087499
0.89021520 -0.00079685
0.89507751 -0.00072314
0.89984233 -0.00065376
0.90450850 -0.00058857
0.90907486 -0.00052746
0.91354029 -0.00047033
0.91790368 -0.00041705
0.92216396 -0.00036751
0.92632008 -0.00032161
0.93037101 -0.00027923
0.93431576 -0.00024025
0.93815334 -0.00020457
0.94188282 -0.00017205
0.94550326 -0.00014258
0.94901379 -0.00011604
0.95241353 -0.00009229
0.95570164 -0.00007122
0.95887731 -0.00005267
0.96193977 -0.00003652
0.96488824 -0.00002262
0.96772202 -0.00001084
0.97044038 -0.00000102
0.97304268 0.00000698
0.97552826 0.00001331
0.97789651 0.00001812
0.98014684 0.00002156
0.98227871 0.00002378
0.98429158 0.00002493
0.98618496 0.00002515
0.98795838 0.00002459
0.98961141 0.00002339
0.99114363 0.00002168
0.99255466 0.00001958
0.99384417 0.00001723
0.99501183 0.00001473
0.99605735 0.00001219
0.99698048 0.00000971
0.99778098 0.00000738
0.99845867 0.00000527
0.99901336 0.00000345
0.99944494 0.00000198
0.99975328 0.00000090
0.99993832 0.00000024
1.00000000 0.00000001
