sample_1212
1.00000000 0.00000001
0.99993832 0.00001202
0.99975328 0.00004800
0.99944494 0.00010793
0.99901336 0.00019171
0.99845867 0.00029923
0.99778098 0.00043034
0.99698048 0.00058487
0.99605735 0.00076260
0.99501183 0.00096330
0.99384417 0.00118669
0.99255466 0.00143247
0.99114363 0.00170031
0.98961141 0.00198984
0.98795838 0.00230068
0.98618496 0.00263241
0.98429158 0.00298460
0.98227871 0.00335676
0.98014684 0.00374842
0.97789651 0.00415905
0.97552826 0.00458811
0.97304268 0.00503506
0.97044038 0.00549931
0.96772202 0.00598026
0.96488824 0.00647731
0.96193977 0.00698983
0.95887731 0.00751718
0.95570164 0.00805870
0.95241353 0.00861373
0.94901379 0.00918160
0.94550326 0.00976164
0.94188282 0.01035315
0.93815334 0.01095547
0.93431576 0.01156790
0.93037101 0.01218975
0.92632008 0.01282036
0.92216396 0.01345903
0.91790368 0.01410511
0.91354029 0.01475793
0.90907486 0.01541684
0.90450850 0.01608122
0.89984233 0.01675045
0.89507751 0.01742391
0.89021520 0.01810104
0.88525662 0.01878127
0.88020298 0.01946407
0.87505553 0.02014892
0.86981555 0.02083534
0.86448431 0.02152287
0.85906315 0.02221109
0.85355339 0.02289961
0.84795640 0.02358806
0.84227355 0.02427611
0.83650626 0.02496347
0.83065593 0.02564989
0.82472402 0.02633515
0.81871199 0.02701906
0.81262133 0.02770148
0.80645353 0.02838231
0.80021011 0.02906146
0.79389263 0.02973892
0.78750263 0.03041468
0.78104169 0.03108879
0.77451141 0.03176133
0.76791340 0.03243241
0.76124928 0.03310217
0.75452071 0.03377080
0.74772933 0.03443849
0.74087684 0.03510549
0.73396491 0.03577207
0.72699525 0.03643849
0.71996958 0.03710508
0.71288965 0.03777215
0.70575718 0.03844004
0.69857395 0.03910911
0.69134172 0.03977972
0.68406228 0.04045223
0.67673742 0.04112702
0.66936896 0.04180443
0.66195871 0.04248484
0.65450850 0.04316859
0.64702016 0.04385602
0.63949555 0.04454744
0.63193652 0.04524315
0.62434494 0.04594341
0.61672268 0.04664847
0.60907162 0.04735851
0.60139365 0.04807371
0.59369066 0.04879420
0.58596455 0.04952003
0.57821723 0.05025124
0.57045062 0.05098780
0.56266662 0.05172963
0.55486716 0.05247658
0.54705416 0.05322843
0.53922955 0.05398493
0.53139526 0.05474573
0.52355323 0.05551041
0.51570538 0.05627851
0.50785366 0.05704946
0.50000000 0.05782264
0.49214634 0.05859735
0.48429462 0.05937282
0.47644677 0.06014819
0.46860474 0.06092255
0.46077045 0.06169490
0.45294584 0.06246418
0.44513284 0.06322925
0.43733338 0.06398892
0.42954938 0.06474191
0.42178277 0.06548692
0.41403545 0.06622254
0.40630934 0.06694736
0.39860635 0.06765987
0.39092838 0.06835857
0.38327732 0.06904186
0.37565506 0.06970816
0.36806348 0.07035583
0.36050445 0.07098321
0.35297984 0.07158864
0.34549150 0.07217043
0.33804129 0.07272689
0.33063104 0.07325635
0.32326258 0.07375712
0.31593772 0.07422755
0.30865828 0.07466601
0.30142605 0.07507088
0.29424282 0.07544061
0.28711035 0.07577365
0.28003042 0.07606855
0.27300475 0.07632387
0.26603509 0.07653827
0.25912316 0.07671045
0.25227067 0.07683919
0.24547929 0.07692337
0.23875072 0.07696193
0.23208660 0.07695392
0.22548859 0.07689846
0.21895831 0.07679479
0.21249737 0.07664224
0.20610737 0.07644024
0.19978989 0.07618835
0.19354647 0.07588620
0.18737867 0.07553357
0.18128801 0.07513032
0.17527598 0.07467644
0.16934407 0.07417202
0.16349374 0.07361726
0.15772645 0.07301249
0.15204360 0.07235813
0.14644661 0.07165469
0.14093685 0.07090280
0.13551569 0.07010320
0.13018445 0.06925670
0.12494447 0.06836421
0.11979702 0.06742673
0.11474338 0.06644534
0.10978480 0.06542119
0.10492249 0.06435551
0.10015767 0.06324956
0.09549150 0.06210471
0.09092514 0.06092233
0.08645971 0.05970386
0.08209632 0.05845077
0.07783604 0.05716457
0.07367992 0.05584677
0.06962899 0.05449890
0.06568424 0.05312253
0.06184666 0.05171918
0.05811718 0.05029041
0.05449674 0.04883774
0.05098621 0.04736269
0.04758647 0.04586674
0.04429836 0.04435134
0.04112269 0.04281793
0.03806023 0.04126787
0.03511176 0.03970251
0.03227798 0.03812313
0.02955962 0.03653096
0.02695732 0.03492719
0.02447174 0.03331292
0.02210349 0.03168922
0.01985316 0.03005708
0.01772129 0.02841742
0.01570842 0.02677112
0.01381504 0.02511898
0.01204162 0.02346172
0.01038859 0.02180002
0.00885637 0.02013449
0.00744534 0.01846569
0.00615583 0.01679410
0.00498817 0.01512016
0.00394265 0.01344427
0.00301952 0.01176677
0.00221902 0.01008795
0.00154133 0.00840807
0.00098664 0.00672737
0.00055506 0.00504605
0.00024672 0.00336427
0.00006168 0.00168221
0.00000000 0.00000000
0.00006168 -0.00084047
0.00024672 -0.00167953
0.00055506 -0.00251579
0.00098664 -0.00334786
0.00154133 -0.00417437
0.00221902 -0.00499397
0.00301952 -0.00580537
0.00394265 -0.00660728
0.00498817 -0.00739848
0.00615583 -0.00817778
0.00744534 -0.00894406
0.00885637 -0.00969624
0.01038859 -0.01043332
0.01204162 -0.01115434
0.01381504 -0.01185844
0.01570842 -0.01254480
0.01772129 -0.01321270
0.01985316 -0.01386148
0.02210349 -0.01449055
0.02447174 -0.01509941
0.02695732 -0.01568763
0.02955962 -0.01625487
0.03227798 -0.01680084
0.03511176 -0.01732535
0.03806023 -0.01782826
0.04112269 -0.01830953
0.04429836 -0.01876914
0.04758647 -0.01920719
0.05098621 -0.01962379
0.05449674 -0.02001915
0.05811718 -0.02039350
0.06184666 -0.02074713
0.06568424 -0.02108038
0.06962899 -0.02139362
0.07367992 -0.02168725
0.07783604 -0.02196172
0.08209632 -0.02221748
0.08645971 -0.02245501
0.09092514 -0.02267479
0.09549150 -0.02287733
0.10015767 -0.02306313
0.10492249 -0.02323269
0.10978480 -0.02338650
0.11474338 -0.02352505
0.11979702 -0.02364880
0.12494447 -0.02375821
0.13018445 -0.02385371
0.13551569 -0.02393570
0.14093685 -0.02400456
0.14644661 -0.02406064
0.15204360 -0.02410426
0.15772645 -0.02413569
0.16349374 -0.02415519
0.16934407 -0.02416297
0.17527598 -0.02415921
0.18128801 -0.02414405
0.18737867 -0.02411761
0.19354647 -0.02407995
0.19978989 -0.02403111
0.20610737 -0.02397113
0.21249737 -0.02389997
0.21895831 -0.02381759
0.22548859 -0.02372394
0.23208660 -0.02361892
0.23875072 -0.02350244
0.24547929 -0.02337438
0.25227067 -0.02323462
0.25912316 -0.02308301
0.26603509 -0.02291944
0.27300475 -0.02274376
0.28003042 -0.02255585
0.28711035 -0.02235559
0.29424282 -0.02214287
0.30142605 -0.02191761
0.30865828 -0.02167974
0.31593772 -0.02142921
0.32326258 -0.02116601
0.33063104 -0.02089014
0.33804129 -0.02060166
0.34549150 -0.02030065
0.35297984 -0.01998722
0.36050445 -0.01966154
0.36806348 -0.01932380
0.37565506 -0.01897425
0.38327732 -0.01861318
0.39092838 -0.01824092
0.39860635 -0.01785784
0.40630934 -0.01746437
0.41403545 -0.01706097
0.42178277 -0.01664815
0.42954938 -0.01622645
0.43733338 -0.01579648
0.44513284 -0.01535886
0.45294584 -0.01491424
0.46077045 -0.01446335
0.46860474 -0.01400689
0.47644677 -0.01354564
0.48429462 -0.01308037
0.49214634 -0.01261189
0.50000000 -0.01214102
0.50785366 -0.01166861
0.51570538 -0.01119549
0.52355323 -0.01072253
0.53139526 -0.01025058
0.53922955 -0.00978049
0.54705416 -0.00931312
0.55486716 -0.00884930
0.56266662 -0.00838986
0.57045062 -0.00793562
0.57821723 -0.00748736
0.58596455 -0.00704585
0.59369066 -0.00661182
0.60139365 -0.00618599
0.60907162 -0.00576902
0.61672268 -0.00536155
0.62434494 -0.00496417
0.63193652 -0.00457746
0.63949555 -0.00420191
0.64702016 -0.00383800
0.65450850 -0.00348615
0.66195871 -0.00314672
0.66936896 -0.00282006
0.67673742 -0.00250644
0.68406228 -0.00220608
0.69134172 -0.00191916
0.69857395 -0.00164583
0.70575718 -0.00138615
0.71288965 -0.00114017
0.71996958 -0.00090787
0.72699525 -0.00068921
0.73396491 -0.00048408
0.74087684 -0.00029234
0.74772933 -0.00011382
0.75452071 0.00005170
0.76124928 0.00020448
0.76791340 0.00034479
0.77451141 0.00047295
0.78104169 0.00058930
0.78750263 0.00069422
0.79389263 0.00078809
0.80021011 0.00087131
0.80645353 0.00094433
0.81262133 0.00100757
0.81871199 0.00106150
0.82472402 0.00110658
0.83065593 0.00114327
0.83650626 0.00117205
0.84227355 0.00119339
0.84795640 0.00120777
0.85355339 0.00121567
0.85906315 0.00121754
0.86448431 0.00121385
0.86981555 0.00120506
0.87505553 0.00119160
0.88020298 0.00117391
0.88525662 0.00115241
0.89021520 0.00112749
0.89507751 0.00109956
0.89984233 0.00106898
0.90450850 0.00103612
0.90907486 0.00100131
0.91354029 0.00096487
0.91790368 0.00092711
0.92216396 0.00088832
0.92632008 0.00084877
0.93037101 0.00080870
0.93431576 0.00076836
0.93815334 0.00072794
0.94188282 0.00068766
0.94550326 0.00064769
0.94901379 0.00060820
0.95241353 0.00056934
0.95570164 0.00053124
0.95887731 0.00049402
0.96193977 0.00045779
0.96488824 0.00042264
0.96772202 0.00038865
0.97044038 0.00035590
0.97304268 0.00032444
0.97552826 0.00029432
0.97789651 0.00026559
0.98014684 0.00023828
0.98227871 0.00021242
0.98429158 0.00018802
0.98618496 0.00016511
0.98795838 0.00014368
0.98961141 0.00012376
0.99114363 0.00010534
0.99255466 0.00008841
0.99384417 0.00007299
0.99501183 0.00005906
0.99605735 0.00004662
0.99698048 0.00003566
0.99778098 0.00002618
0.99845867 0.00001817
0.99901336 0.00001163
0.99944494 0.00000654
0.99975328 0.00000291
0.99993832 0.00000074
1.00000000 0.00000001
