sample_1400
1.00000000 0.00000001
0.99993832 0.00001168
0.99975328 0.00004667
0.99944494 0.00010498
0.99901336 0.00018662
0.99845867 0.00029159
0.99778098 0.00041988
0.99698048 0.00057150
0.99605735 0.00074643
0.99501183 0.00094467
0.99384417 0.00116620
0.99255466 0.00141100
0.99114363 0.00167903
0.98961141 0.00197025
0.98795838 0.00228461
0.98618496 0.00262203
0.98429158 0.00298243
0.98227871 0.00336570
0.98014684 0.00377172
0.97789651 0.00420034
0.97552826 0.00465139
0.97304268 0.00512467
0.97044038 0.00561995
0.96772202 0.00613699
0.96488824 0.00667549
0.96193977 0.00723514
0.95887731 0.00781558
0.95570164 0.00841644
0.95241353 0.00903730
0.94901379 0.00967770
0.94550326 0.01033714
0.94188282 0.01101512
0.93815334 0.01171106
0.93431576 0.01242437
0.93037101 0.01315442
0.92632008 0.01390055
0.92216396 0.01466206
0.91790368 0.01543823
0.91354029 0.01622830
0.90907486 0.01703150
0.90450850 0.01784702
0.89984233 0.01867402
0.89507751 0.01951166
0.89021520 0.02035908
0.88525662 0.02121539
0.88020298 0.02207970
0.87505553 0.02295111
0.86981555 0.02382871
0.86448431 0.02471160
0.85906315 0.02559886
0.85355339 0.02648959
0.84795640 0.02738289
0.84227355 0.02827787
0.83650626 0.02917367
0.83065593 0.03006941
0.82472402 0.03096426
0.81871199 0.03185739
0.81262133 0.03274802
0.80645353 0.03363537
0.80021011 0.03451871
0.79389263 0.03539731
0.78750263 0.03627049
0.78104169 0.03713762
0.77451141 0.03799807
0.76791340 0.03885126
0.76124928 0.03969665
0.75452071 0.04053372
0.74772933 0.04136201
0.74087684 0.04218106
0.73396491 0.04299047
0.72699525 0.04378986
0.71996958 0.04457889
0.71288965 0.04535724
0.70575718 0.04612463
0.69857395 0.04688079
0.69134172 0.04762550
0.68406228 0.04835853
0.67673742 0.04907969
0.66936896 0.04978879
0.66195871 0.05048568
0.65450850 0.05117019
0.64702016 0.05184217
0.63949555 0.05250149
0.63193652 0.05314799
0.62434494 0.05378153
0.61672268 0.05440197
0.60907162 0.05500913
0.60139365 0.05560286
0.59369066 0.05618297
0.58596455 0.05674927
0.57821723 0.05730153
0.57045062 0.05783952
0.56266662 0.05836299
0.55486716 0.05887165
0.54705416 0.05936519
0.53922955 0.05984328
0.53139526 0.06030555
0.52355323 0.06075161
0.51570538 0.06118105
0.50785366 0.06159341
0.50000000 0.06198823
0.49214634 0.06236500
0.48429462 0.06272318
0.47644677 0.06306224
0.46860474 0.06338159
0.46077045 0.06368063
0.45294584 0.06395875
0.44513284 0.06421531
0.43733338 0.06444967
0.42954938 0.06466118
0.42178277 0.06484917
0.41403545 0.06501297
0.40630934 0.06515191
0.39860635 0.06526534
0.39092838 0.06535260
0.38327732 0.06541304
0.37565506 0.06544605
0.36806348 0.06545100
0.36050445 0.06542732
0.35297984 0.06537447
0.34549150 0.06529190
0.33804129 0.06517915
0.33063104 0.06503577
0.32326258 0.06486136
0.31593772 0.06465557
0.30865828 0.06441809
0.30142605 0.06414869
0.29424282 0.06384718
0.28711035 0.06351342
0.28003042 0.06314736
0.27300475 0.06274900
0.26603509 0.06231840
0.25912316 0.06185570
0.25227067 0.06136110
0.24547929 0.06083487
0.23875072 0.06027737
0.23208660 0.05968900
0.22548859 0.05907024
0.21895831 0.05842166
0.21249737 0.05774387
0.20610737 0.05703756
0.19978989 0.05630348
0.19354647 0.05554245
0.18737867 0.05475533
0.18128801 0.05394307
0.17527598 0.05310664
0.16934407 0.05224709
0.16349374 0.05136548
0.15772645 0.05046296
0.15204360 0.04954067
0.14644661 0.04859982
0.14093685 0.04764163
0.13551569 0.04666735
0.13018445 0.04567825
0.12494447 0.04467562
0.11979702 0.04366075
0.11474338 0.04263493
0.10978480 0.04159947
0.10492249 0.04055565
0.10015767 0.03950475
0.09549150 0.03844805
0.09092514 0.03738677
0.08645971 0.03632213
0.08209632 0.03525533
0.07783604 0.03418750
0.07367992 0.03311977
0.06962899 0.03205318
0.06568424 0.03098877
0.06184666 0.02992749
0.05811718 0.02887026
0.05449674 0.02781793
0.05098621 0.02677128
0.04758647 0.02573105
0.04429836 0.02469790
0.04112269 0.02367241
0.03806023 0.02265512
0.03511176 0.02164646
0.03227798 0.02064683
0.02955962 0.01965652
0.02695732 0.01867578
0.02447174 0.01770477
0.02210349 0.01674357
0.01985316 0.01579221
0.01772129 0.01485064
0.01570842 0.01391873
0.01381504 0.01299630
0.01204162 0.01208310
0.01038859 0.01117882
0.00885637 0.01028309
0.00744534 0.00939548
0.00615583 0.00851551
0.00498817 0.00764265
0.00394265 0.00677632
0.00301952 0.00591591
0.00221902 0.00506076
0.00154133 0.00421018
0.00098664 0.00336345
0.00055506 0.00251984
0.00024672 0.00167858
0.00006168 0.00083889
0.00000000 0.00000000
0.00006168 -0.00100913
0.00024672 -0.00201704
0.00055506 -0.00302250
0.00098664 -0.00402430
0.00154133 -0.00502124
0.00221902 -0.00601213
0.00301952 -0.00699583
0.00394265 -0.00797118
0.00498817 -0.00893710
0.00615583 -0.00989249
0.00744534 -0.01083634
0.00885637 -0.01176764
0.01038859 -0.01268544
0.01204162 -0.01358883
0.01381504 -0.01447696
0.01570842 -0.01534901
0.01772129 -0.01620422
0.01985316 -0.01704190
0.02210349 -0.01786139
0.02447174 -0.01866211
0.02695732 -0.01944351
0.02955962 -0.02020511
0.03227798 -0.02094649
0.03511176 -0.02166729
0.03806023 -0.02236718
0.04112269 -0.02304593
0.04429836 -0.02370331
0.04758647 -0.02433918
0.05098621 -0.02495345
0.05449674 -0.02554604
0.05811718 -0.02611697
0.06184666 -0.02666626
0.06568424 -0.02719399
0.06962899 -0.02770027
0.07367992 -0.02818527
0.07783604 -0.02864916
0.08209632 -0.02909215
0.08645971 -0.02951449
0.09092514 -0.02991645
0.09549150 -0.03029829
0.10015767 -0.03066033
0.10492249 -0.03100288
0.10978480 -0.03132627
0.11474338 -0.03163082
0.11979702 -0.03191689
0.12494447 -0.03218482
0.13018445 -0.03243494
0.13551569 -0.03266760
0.14093685 -0.03288314
0.14644661 -0.03308188
0.15204360 -0.03326416
0.15772645 -0.03343028
0.16349374 -0.03358055
0.16934407 -0.03371526
0.17527598 -0.03383468
0.18128801 -0.03393908
0.18737867 -0.03402871
0.19354647 -0.03410380
0.19978989 -0.03416458
0.20610737 -0.03421124
0.21249737 -0.03424399
0.21895831 -0.03426299
0.22548859 -0.03426842
0.23208660 -0.03426043
0.23875072 -0.03423915
0.24547929 -0.03420473
0.25227067 -0.03415729
0.25912316 -0.03409695
0.26603509 -0.03402381
0.27300475 -0.03393799
0.28003042 -0.03383959
0.28711035 -0.03372872
0.29424282 -0.03360548
0.30142605 -0.03346999
0.30865828 -0.03332236
0.31593772 -0.03316270
0.32326258 -0.03299114
0.33063104 -0.03280783
0.33804129 -0.03261291
0.34549150 -0.03240653
0.35297984 -0.03218887
0.36050445 -0.03196011
0.36806348 -0.03172045
0.37565506 -0.03147011
0.38327732 -0.03120933
0.39092838 -0.03093835
0.39860635 -0.03065743
0.40630934 -0.03036687
0.41403545 -0.03006695
0.42178277 -0.02975801
0.42954938 -0.02944037
0.43733338 -0.02911439
0.44513284 -0.02878044
0.45294584 -0.02843888
0.46077045 -0.02809012
0.46860474 -0.02773458
0.47644677 -0.02737265
0.48429462 -0.02700479
0.49214634 -0.02663141
0.50000000 -0.02625298
0.50785366 -0.02586994
0.51570538 -0.02548274
0.52355323 -0.02509185
0.53139526 -0.02469772
0.53922955 -0.02430081
0.54705416 -0.02390157
0.55486716 -0.02350046
0.56266662 -0.02309791
0.57045062 -0.02269436
0.57821723 -0.02229023
0.58596455 -0.02188594
0.59369066 -0.02148189
0.60139365 -0.02107847
0.60907162 -0.02067604
0.61672268 -0.02027497
0.62434494 -0.01987558
0.63193652 -0.01947819
0.63949555 -0.01908311
0.64702016 -0.01869061
0.65450850 -0.01830095
0.66195871 -0.01791435
0.66936896 -0.01753104
0.67673742 -0.01715121
0.68406228 -0.01677503
0.69134172 -0.01640264
0.69857395 -0.01603417
0.70575718 -0.01566972
0.71288965 -0.01530939
0.71996958 -0.01495324
0.72699525 -0.01460131
0.73396491 -0.01425364
0.74087684 -0.01391023
0.74772933 -0.01357109
0.75452071 -0.01323619
0.76124928 -0.01290549
0.76791340 -0.01257897
0.77451141 -0.01225655
0.78104169 -0.01193819
0.78750263 -0.01162379
0.79389263 -0.01131329
0.80021011 -0.01100660
0.80645353 -0.01070364
0.81262133 -0.01040431
0.81871199 -0.01010852
0.82472402 -0.00981619
0.83065593 -0.00952722
0.83650626 -0.00924154
0.84227355 -0.00895907
0.84795640 -0.00867972
0.85355339 -0.00840344
0.85906315 -0.00813017
0.86448431 -0.00785986
0.86981555 -0.00759247
0.87505553 -0.00732797
0.88020298 -0.00706634
0.88525662 -0.00680758
0.89021520 -0.00655169
0.89507751 -0.00629870
0.89984233 -0.00604864
0.90450850 -0.00580155
0.90907486 -0.00555750
0.91354029 -0.00531654
0.91790368 -0.00507877
0.92216396 -0.00484429
0.92632008 -0.00461320
0.93037101 -0.00438563
0.93431576 -0.00416171
0.93815334 -0.00394159
0.94188282 -0.00372541
0.94550326 -0.00351334
0.94901379 -0.00330555
0.95241353 -0.00310223
0.95570164 -0.00290355
0.95887731 -0.00270972
0.96193977 -0.00252093
0.96488824 -0.00233738
0.96772202 -0.00215928
0.97044038 -0.00198683
0.97304268 -0.00182024
0.97552826 -0.00165972
0.97789651 -0.00150548
0.98014684 -0.00135771
0.98227871 -0.00121663
0.98429158 -0.00108242
0.98618496 -0.00095529
0.98795838 -0.00083540
0.98961141 -0.00072294
0.99114363 -0.00061809
0.99255466 -0.00052099
0.99384417 -0.00043181
0.99501183 -0.00035067
0.99605735 -0.00027772
0.99698048 -0.00021307
0.99778098 -0.00015682
0.99845867 -0.00010906
0.99901336 -0.00006988
0.99944494 -0.00003934
0.99975328 -0.00001749
0.99993832 -0.00000436
1.00000000 0.00000001
