sample_073
1.00000000 0.00000001
0.99993832 0.00000903
0.99975328 0.00003608
0.99944494 0.00008120
0.99901336 0.00014445
0.99845867 0.00022589
0.99778098 0.00032562
0.99698048 0.00044375
0.99605735 0.00058041
0.99501183 0.00073575
0.99384417 0.00090994
0.99255466 0.00110315
0.99114363 0.00131558
0.98961141 0.00154744
0.98795838 0.00179894
0.98618496 0.00207032
0.98429158 0.00236180
0.98227871 0.00267362
0.98014684 0.00300604
0.97789651 0.00335930
0.97552826 0.00373364
0.97304268 0.00412931
0.97044038 0.00454655
0.96772202 0.00498560
0.96488824 0.00544667
0.96193977 0.00592999
0.95887731 0.00643576
0.95570164 0.00696416
0.95241353 0.00751537
0.94901379 0.00808953
0.94550326 0.00868679
0.94188282 0.00930725
0.93815334 0.00995099
0.93431576 0.01061808
0.93037101 0.01130853
0.92632008 0.01202236
0.92216396 0.01275954
0.91790368 0.01351999
0.91354029 0.01430363
0.90907486 0.01511033
0.90450850 0.01593991
0.89984233 0.01679218
0.89507751 0.01766689
0.89021520 0.01856377
0.88525662 0.01948250
0.88020298 0.02042273
0.87505553 0.02138406
0.86981555 0.02236607
0.86448431 0.02336827
0.85906315 0.02439018
0.85355339 0.02543123
0.84795640 0.02649085
0.84227355 0.02756842
0.83650626 0.02866328
0.83065593 0.02977474
0.82472402 0.03090208
0.81871199 0.03204455
0.81262133 0.03320136
0.80645353 0.03437169
0.80021011 0.03555469
0.79389263 0.03674950
0.78750263 0.03795522
0.78104169 0.03917091
0.77451141 0.04039565
0.76791340 0.04162846
0.76124928 0.04286835
0.75452071 0.04411433
0.74772933 0.04536538
0.74087684 0.04662046
0.73396491 0.04787852
0.72699525 0.04913851
0.71996958 0.05039937
0.71288965 0.05166000
0.70575718 0.05291934
0.69857395 0.05417628
0.69134172 0.05542974
0.68406228 0.05667862
0.67673742 0.05792182
0.66936896 0.05915823
0.66195871 0.06038675
0.65450850 0.06160628
0.64702016 0.06281572
0.63949555 0.06401397
0.63193652 0.06519993
0.62434494 0.06637250
0.61672268 0.06753061
0.60907162 0.06867315
0.60139365 0.06979905
0.59369066 0.07090722
0.58596455 0.07199660
0.57821723 0.07306610
0.57045062 0.07411468
0.56266662 0.07514127
0.55486716 0.07614481
0.54705416 0.07712426
0.53922955 0.07807858
0.53139526 0.07900673
0.52355323 0.07990769
0.51570538 0.08078044
0.50785366 0.08162396
0.50000000 0.08243725
0.49214634 0.08321931
0.48429462 0.08396917
0.47644677 0.08468585
0.46860474 0.08536838
0.46077045 0.08601582
0.45294584 0.08662724
0.44513284 0.08720172
0.43733338 0.08773835
0.42954938 0.08823627
0.42178277 0.08869460
0.41403545 0.08911252
0.40630934 0.08948921
0.39860635 0.08982389
0.39092838 0.09011580
0.38327732 0.09036424
0.37565506 0.09056851
0.36806348 0.09072796
0.36050445 0.09084200
0.35297984 0.09091006
0.34549150 0.09093161
0.33804129 0.09090621
0.33063104 0.09083343
0.32326258 0.09071292
0.31593772 0.09054437
0.30865828 0.09032755
0.30142605 0.09006228
0.29424282 0.08974845
0.28711035 0.08938604
0.28003042 0.08897506
0.27300475 0.08851562
0.26603509 0.08800792
0.25912316 0.08745220
0.25227067 0.08684881
0.24547929 0.08619816
0.23875072 0.08550077
0.23208660 0.08475720
0.22548859 0.08396814
0.21895831 0.08313431
0.21249737 0.08225657
0.20610737 0.08133581
0.19978989 0.08037304
0.19354647 0.07936932
0.18737867 0.07832580
0.18128801 0.07724370
0.17527598 0.07612433
0.16934407 0.07496905
0.16349374 0.07377928
0.15772645 0.07255653
0.15204360 0.07130233
0.14644661 0.07001830
0.14093685 0.06870608
0.13551569 0.06736737
0.13018445 0.06600389
0.12494447 0.06461742
0.11979702 0.06320973
0.11474338 0.06178264
0.10978480 0.06033795
0.10492249 0.05887750
0.10015767 0.05740311
0.09549150 0.05591659
0.09092514 0.05441973
0.08645971 0.05291432
0.08209632 0.05140209
0.07783604 0.04988477
0.07367992 0.04836401
0.06962899 0.04684144
0.06568424 0.04531861
0.06184666 0.04379702
0.05811718 0.04227811
0.05449674 0.04076322
0.05098621 0.03925362
0.04758647 0.03775052
0.04429836 0.03625501
0.04112269 0.03476809
0.03806023 0.03329068
0.03511176 0.03182359
0.03227798 0.03036751
0.02955962 0.02892305
0.02695732 0.02749071
0.02447174 0.02607087
0.02210349 0.02466380
0.01985316 0.02326968
0.01772129 0.02188858
0.01570842 0.02052043
0.01381504 0.01916511
0.01204162 0.01782236
0.01038859 0.01649183
0.00885637 0.01517308
0.00744534 0.01386558
0.00615583 0.01256872
0.00498817 0.01128179
0.00394265 0.01000403
0.00301952 0.00873460
0.00221902 0.00747259
0.00154133 0.00621705
0.00098664 0.00496698
0.00055506 0.00372132
0.00024672 0.00247901
0.00006168 0.00123894
0.00000000 0.00000000
0.00006168 -0.00066214
0.00024672 -0.00132379
0.00055506 -0.00198444
0.00098664 -0.00264360
0.00154133 -0.00330075
0.00221902 -0.00395538
0.00301952 -0.00460695
0.00394265 -0.00525491
0.00498817 -0.00589872
0.00615583 -0.00653780
0.00744534 -0.00717154
0.00885637 -0.00779933
0.01038859 -0.00842054
0.01204162 -0.00903452
0.01381504 -0.00964059
0.01570842 -0.01023805
0.01772129 -0.01082618
0.01985316 -0.01140426
0.02210349 -0.01197152
0.02447174 -0.01252719
0.02695732 -0.01307050
0.02955962 -0.01360063
0.03227798 -0.01411678
0.03511176 -0.01461814
0.03806023 -0.01510387
0.04112269 -0.01557316
0.04429836 -0.01602518
0.04758647 -0.01645912
0.05098621 -0.01687417
0.05449674 -0.01726953
0.05811718 -0.01764443
0.06184666 -0.01799811
0.06568424 -0.01832985
0.06962899 -0.01863894
0.07367992 -0.01892472
0.07783604 -0.01918657
0.08209632 -0.01942391
0.08645971 -0.01963620
0.09092514 -0.01982295
0.09549150 -0.01998374
0.10015767 -0.02011820
0.10492249 -0.02022601
0.10978480 -0.02030694
0.11474338 -0.02036079
0.11979702 -0.02038747
0.12494447 -0.02038693
0.13018445 -0.02035921
0.13551569 -0.02030442
0.14093685 -0.02022274
0.14644661 -0.02011444
0.15204360 -0.01997983
0.15772645 -0.01981934
0.16349374 -0.01963345
0.16934407 -0.01942271
0.17527598 -0.01918775
0.18128801 -0.01892927
0.18737867 -0.01864802
0.19354647 -0.01834483
0.19978989 -0.01802059
0.20610737 -0.01767624
0.21249737 -0.01731277
0.21895831 -0.01693124
0.22548859 -0.01653272
0.23208660 -0.01611835
0.23875072 -0.01568929
0.24547929 -0.01524673
0.25227067 -0.01479189
0.25912316 -0.01432600
0.26603509 -0.01385031
0.27300475 -0.01336610
0.28003042 -0.01287460
0.28711035 -0.01237710
0.29424282 -0.01187483
0.30142605 -0.01136904
0.30865828 -0.01086096
0.31593772 -0.01035177
0.32326258 -0.00984267
0.33063104 -0.00933478
0.33804129 -0.00882922
0.34549150 -0.00832705
0.35297984 -0.00782930
0.36050445 -0.00733694
0.36806348 -0.00685090
0.37565506 -0.00637207
0.38327732 -0.00590126
0.39092838 -0.00543924
0.39860635 -0.00498672
0.40630934 -0.00454435
0.41403545 -0.00411272
0.42178277 -0.00369237
0.42954938 -0.00328376
0.43733338 -0.00288730
0.44513284 -0.00250336
0.45294584 -0.00213221
0.46077045 -0.00177411
0.46860474 -0.00142923
0.47644677 -0.00109770
0.48429462 -0.00077959
0.49214634 -0.00047494
0.50000000 -0.00018373
0.50785366 0.00009412
0.51570538 0.00035871
0.52355323 0.00061017
0.53139526 0.00084869
0.53922955 0.00107449
0.54705416 0.00128780
0.55486716 0.00148889
0.56266662 0.00167806
0.57045062 0.00185560
0.57821723 0.00202186
0.58596455 0.00217716
0.59369066 0.00232187
0.60139365 0.00245633
0.60907162 0.00258092
0.61672268 0.00269601
0.62434494 0.00280195
0.63193652 0.00289911
0.63949555 0.00298785
0.64702016 0.00306854
0.65450850 0.00314150
0.66195871 0.00320709
0.66936896 0.00326562
0.67673742 0.00331741
0.68406228 0.00336277
0.69134172 0.00340197
0.69857395 0.00343530
0.70575718 0.00346301
0.71288965 0.00348535
0.71996958 0.00350255
0.72699525 0.00351482
0.73396491 0.00352237
0.74087684 0.00352538
0.74772933 0.00352403
0.75452071 0.00351848
0.76124928 0.00350888
0.76791340 0.00349537
0.77451141 0.00347808
0.78104169 0.00345714
0.78750263 0.00343265
0.79389263 0.00340472
0.80021011 0.00337346
0.80645353 0.00333896
0.81262133 0.00330130
0.81871199 0.00326059
0.82472402 0.00321691
0.83065593 0.00317034
0.83650626 0.00312098
0.84227355 0.00306892
0.84795640 0.00301424
0.85355339 0.00295704
0.85906315 0.00289742
0.86448431 0.00283547
0.86981555 0.00277131
0.87505553 0.00270505
0.88020298 0.00263680
0.88525662 0.00256667
0.89021520 0.00249481
0.89507751 0.00242134
0.89984233 0.00234640
0.90450850 0.00227013
0.90907486 0.00219268
0.91354029 0.00211420
0.91790368 0.00203486
0.92216396 0.00195481
0.92632008 0.00187422
0.93037101 0.00179327
0.93431576 0.00171212
0.93815334 0.00163095
0.94188282 0.00154994
0.94550326 0.00146927
0.94901379 0.00138912
0.95241353 0.00130966
0.95570164 0.00123109
0.95887731 0.00115357
0.96193977 0.00107728
0.96488824 0.00100241
0.96772202 0.00092912
0.97044038 0.00085758
0.97304268 0.00078795
0.97552826 0.00072040
0.97789651 0.00065509
0.98014684 0.00059217
0.98227871 0.00053177
0.98429158 0.00047405
0.98618496 0.00041913
0.98795838 0.00036714
0.98961141 0.00031820
0.99114363 0.00027242
0.99255466 0.00022991
0.99384417 0.00019077
0.99501183 0.00015508
0.99605735 0.00012293
0.99698048 0.00009439
0.99778098 0.00006952
0.99845867 0.00004838
0.99901336 0.00003102
0.99944494 0.00001748
0.99975328 0.00000778
0.99993832 0.00000196
1.00000000 0.00000001
