sample_709
1.00000000 0.00000001
0.99993832 0.00001191
0.99975328 0.00004760
0.99944494 0.00010708
0.99901336 0.00019035
0.99845867 0.00029739
0.99778098 0.00042822
0.99698048 0.00058280
0.99605735 0.00076114
0.99501183 0.00096321
0.99384417 0.00118900
0.99255466 0.00143849
0.99114363 0.00171165
0.98961141 0.00200845
0.98795838 0.00232885
0.98618496 0.00267281
0.98429158 0.00304028
0.98227871 0.00343121
0.98014684 0.00384553
0.97789651 0.00428318
0.97552826 0.00474406
0.97304268 0.00522809
0.97044038 0.00573517
0.96772202 0.00626520
0.96488824 0.00681803
0.96193977 0.00739355
0.95887731 0.00799161
0.95570164 0.00861204
0.95241353 0.00925468
0.94901379 0.00991933
0.94550326 0.01060580
0.94188282 0.01131388
0.93815334 0.01204333
0.93431576 0.01279391
0.93037101 0.01356535
0.92632008 0.01435739
0.92216396 0.01516973
0.91790368 0.01600207
0.91354029 0.01685408
0.90907486 0.01772542
0.90450850 0.01861573
0.89984233 0.01952464
0.89507751 0.02045177
0.89021520 0.02139669
0.88525662 0.02235900
0.88020298 0.02333825
0.87505553 0.02433397
0.86981555 0.02534569
0.86448431 0.02637292
0.85906315 0.02741513
0.85355339 0.02847181
0.84795640 0.02954240
0.84227355 0.03062632
0.83650626 0.03172299
0.83065593 0.03283180
0.82472402 0.03395212
0.81871199 0.03508329
0.81262133 0.03622465
0.80645353 0.03737549
0.80021011 0.03853511
0.79389263 0.03970275
0.78750263 0.04087766
0.78104169 0.04205905
0.77451141 0.04324611
0.76791340 0.04443800
0.76124928 0.04563385
0.75452071 0.04683278
0.74772933 0.04803387
0.74087684 0.04923618
0.73396491 0.05043874
0.72699525 0.05164056
0.71996958 0.05284061
0.71288965 0.05403784
0.70575718 0.05523118
0.69857395 0.05641952
0.69134172 0.05760174
0.68406228 0.05877668
0.67673742 0.05994316
0.66936896 0.06109998
0.66195871 0.06224591
0.65450850 0.06337971
0.64702016 0.06450011
0.63949555 0.06560582
0.63193652 0.06669555
0.62434494 0.06776798
0.61672268 0.06882178
0.60907162 0.06985561
0.60139365 0.07086814
0.59369066 0.07185802
0.58596455 0.07282389
0.57821723 0.07376442
0.57045062 0.07467825
0.56266662 0.07556407
0.55486716 0.07642054
0.54705416 0.07724638
0.53922955 0.07804029
0.53139526 0.07880102
0.52355323 0.07952735
0.51570538 0.08021806
0.50785366 0.08087201
0.50000000 0.08148807
0.49214634 0.08206517
0.48429462 0.08260228
0.47644677 0.08309842
0.46860474 0.08355268
0.46077045 0.08396420
0.45294584 0.08433218
0.44513284 0.08465589
0.43733338 0.08493467
0.42954938 0.08516795
0.42178277 0.08535521
0.41403545 0.08549601
0.40630934 0.08559002
0.39860635 0.08563695
0.39092838 0.08563663
0.38327732 0.08558896
0.37565506 0.08549392
0.36806348 0.08535159
0.36050445 0.08516213
0.35297984 0.08492579
0.34549150 0.08464291
0.33804129 0.08431389
0.33063104 0.08393926
0.32326258 0.08351960
0.31593772 0.08305557
0.30865828 0.08254792
0.30142605 0.08199749
0.29424282 0.08140516
0.28711035 0.08077189
0.28003042 0.08009873
0.27300475 0.07938677
0.26603509 0.07863716
0.25912316 0.07785110
0.25227067 0.07702986
0.24547929 0.07617473
0.23875072 0.07528706
0.23208660 0.07436821
0.22548859 0.07341961
0.21895831 0.07244266
0.21249737 0.07143883
0.20610737 0.07040958
0.19978989 0.06935637
0.19354647 0.06828069
0.18737867 0.06718400
0.18128801 0.06606777
0.17527598 0.06493346
0.16934407 0.06378251
0.16349374 0.06261634
0.15772645 0.06143633
0.15204360 0.06024386
0.14644661 0.05904025
0.14093685 0.05782680
0.13551569 0.05660477
0.13018445 0.05537536
0.12494447 0.05413974
0.11979702 0.05289904
0.11474338 0.05165430
0.10978480 0.05040655
0.10492249 0.04915676
0.10015767 0.04790581
0.09549150 0.04665456
0.09092514 0.04540381
0.08645971 0.04415429
0.08209632 0.04290666
0.07783604 0.04166156
0.07367992 0.04041955
0.06962899 0.03918114
0.06568424 0.03794677
0.06184666 0.03671685
0.05811718 0.03549173
0.05449674 0.03427170
0.05098621 0.03305700
0.04758647 0.03184785
0.04429836 0.03064439
0.04112269 0.02944675
0.03806023 0.02825498
0.03511176 0.02706912
0.03227798 0.02588918
0.02955962 0.02471511
0.02695732 0.02354684
0.02447174 0.02238427
0.02210349 0.02122728
0.01985316 0.02007572
0.01772129 0.01892941
0.01570842 0.01778815
0.01381504 0.01665173
0.01204162 0.01551992
0.01038859 0.01439247
0.00885637 0.01326911
0.00744534 0.01214958
0.00615583 0.01103358
0.00498817 0.00992083
0.00394265 0.00881101
0.00301952 0.00770382
0.00221902 0.00659895
0.00154133 0.00549606
0.00098664 0.00439484
0.00055506 0.00329496
0.00024672 0.00219608
0.00006168 0.00109787
0.00000000 0.00000000
0.00006168 -0.00076985
0.00024672 -0.00153846
0.00055506 -0.00230458
0.00098664 -0.00306698
0.00154133 -0.00382444
0.00221902 -0.00457572
0.00301952 -0.00531962
0.00394265 -0.00605493
0.00498817 -0.00678046
0.00615583 -0.00749506
0.00744534 -0.00819755
0.00885637 -0.00888681
0.01038859 -0.00956174
0.01204162 -0.01022125
0.01381504 -0.01086429
0.01570842 -0.01148984
0.01772129 -0.01209689
0.01985316 -0.01268452
0.02210349 -0.01325179
0.02447174 -0.01379785
0.02695732 -0.01432186
0.02955962 -0.01482305
0.03227798 -0.01530069
0.03511176 -0.01575411
0.03806023 -0.01618271
0.04112269 -0.01658591
0.04429836 -0.01696323
0.04758647 -0.01731425
0.05098621 -0.01763860
0.05449674 -0.01793600
0.05811718 -0.01820622
0.06184666 -0.01844913
0.06568424 -0.01866465
0.06962899 -0.01885281
0.07367992 -0.01901368
0.07783604 -0.01914744
0.08209632 -0.01925434
0.08645971 -0.01933471
0.09092514 -0.01938896
0.09549150 -0.01941758
0.10015767 -0.01942115
0.10492249 -0.01940032
0.10978480 -0.01935581
0.11474338 -0.01928842
0.11979702 -0.01919905
0.12494447 -0.01908862
0.13018445 -0.01895816
0.13551569 -0.01880874
0.14093685 -0.01864150
0.14644661 -0.01845762
0.15204360 -0.01825837
0.15772645 -0.01804501
0.16349374 -0.01781889
0.16934407 -0.01758137
0.17527598 -0.01733384
0.18128801 -0.01707772
0.18737867 -0.01681445
0.19354647 -0.01654547
0.19978989 -0.01627223
0.20610737 -0.01599619
0.21249737 -0.01571876
0.21895831 -0.01544139
0.22548859 -0.01516546
0.23208660 -0.01489235
0.23875072 -0.01462338
0.24547929 -0.01435986
0.25227067 -0.01410302
0.25912316 -0.01385405
0.26603509 -0.01361407
0.27300475 -0.01338415
0.28003042 -0.01316528
0.28711035 -0.01295837
0.29424282 -0.01276425
0.30142605 -0.01258367
0.30865828 -0.01241730
0.31593772 -0.01226571
0.32326258 -0.01212936
0.33063104 -0.01200866
0.33804129 -0.01190388
0.34549150 -0.01181520
0.35297984 -0.01174273
0.36050445 -0.01168646
0.36806348 -0.01164628
0.37565506 -0.01162198
0.38327732 -0.01161329
0.39092838 -0.01161981
0.39860635 -0.01164107
0.40630934 -0.01167652
0.41403545 -0.01172550
0.42178277 -0.01178731
0.42954938 -0.01186116
0.43733338 -0.01194619
0.44513284 -0.01204148
0.45294584 -0.01214605
0.46077045 -0.01225889
0.46860474 -0.01237892
0.47644677 -0.01250503
0.48429462 -0.01263610
0.49214634 -0.01277095
0.50000000 -0.01290842
0.50785366 -0.01304732
0.51570538 -0.01318644
0.52355323 -0.01332461
0.53139526 -0.01346065
0.53922955 -0.01359340
0.54705416 -0.01372171
0.55486716 -0.01384448
0.56266662 -0.01396063
0.57045062 -0.01406914
0.57821723 -0.01416901
0.58596455 -0.01425930
0.59369066 -0.01433914
0.60139365 -0.01440771
0.60907162 -0.01446424
0.61672268 -0.01450805
0.62434494 -0.01453851
0.63193652 -0.01455508
0.63949555 -0.01455728
0.64702016 -0.01454471
0.65450850 -0.01451704
0.66195871 -0.01447404
0.66936896 -0.01441553
0.67673742 -0.01434142
0.68406228 -0.01425169
0.69134172 -0.01414641
0.69857395 -0.01402571
0.70575718 -0.01388979
0.71288965 -0.01373892
0.71996958 -0.01357344
0.72699525 -0.01339375
0.73396491 -0.01320032
0.74087684 -0.01299365
0.74772933 -0.01277432
0.75452071 -0.01254294
0.76124928 -0.01230018
0.76791340 -0.01204672
0.77451141 -0.01178331
0.78104169 -0.01151070
0.78750263 -0.01122969
0.79389263 -0.01094108
0.80021011 -0.01064570
0.80645353 -0.01034439
0.81262133 -0.01003798
0.81871199 -0.00972732
0.82472402 -0.00941326
0.83065593 -0.00909662
0.83650626 -0.00877825
0.84227355 -0.00845894
0.84795640 -0.00813949
0.85355339 -0.00782068
0.85906315 -0.00750325
0.86448431 -0.00718792
0.86981555 -0.00687538
0.87505553 -0.00656630
0.88020298 -0.00626129
0.88525662 -0.00596095
0.89021520 -0.00566581
0.89507751 -0.00537640
0.89984233 -0.00509317
0.90450850 -0.00481657
0.90907486 -0.00454697
0.91354029 -0.00428472
0.91790368 -0.00403013
0.92216396 -0.00378346
0.92632008 -0.00354493
0.93037101 -0.00331473
0.93431576 -0.00309299
0.93815334 -0.00287983
0.94188282 -0.00267532
0.94550326 -0.00247949
0.94901379 -0.00229234
0.95241353 -0.00211385
0.95570164 -0.00194397
0.95887731 -0.00178260
0.96193977 -0.00162965
0.96488824 -0.00148497
0.96772202 -0.00134844
0.97044038 -0.00121986
0.97304268 -0.00109907
0.97552826 -0.00098587
0.97789651 -0.00088006
0.98014684 -0.00078141
0.98227871 -0.00068972
0.98429158 -0.00060476
0.98618496 -0.00052631
0.98795838 -0.00045415
0.98961141 -0.00038806
0.99114363 -0.00032783
0.99255466 -0.00027326
0.99384417 -0.00022414
0.99501183 -0.00018030
0.99605735 -0.00014156
0.99698048 -0.00010777
0.99778098 -0.00007878
0.99845867 -0.00005448
0.99901336 -0.00003474
0.99944494 -0.00001948
0.99975328 -0.00000863
0.99993832 -0.00000215
1.00000000 0.00000001
