sample_1012
1.00000000 0.00000001
0.99993832 0.00000868
0.99975328 0.00003467
0.99944494 0.00007794
0.99901336 0.00013842
0.99845867 0.00021602
0.99778098 0.00031062
0.99698048 0.00042209
0.99605735 0.00055025
0.99501183 0.00069492
0.99384417 0.00085588
0.99255466 0.00103291
0.99114363 0.00122575
0.98961141 0.00143414
0.98795838 0.00165779
0.98618496 0.00189641
0.98429158 0.00214970
0.98227871 0.00241734
0.98014684 0.00269899
0.97789651 0.00299434
0.97552826 0.00330304
0.97304268 0.00362477
0.97044038 0.00395919
0.96772202 0.00430597
0.96488824 0.00466480
0.96193977 0.00503534
0.95887731 0.00541731
0.95570164 0.00581041
0.95241353 0.00621436
0.94901379 0.00662890
0.94550326 0.00705380
0.94188282 0.00748884
0.93815334 0.00793381
0.93431576 0.00838855
0.93037101 0.00885290
0.92632008 0.00932677
0.92216396 0.00981005
0.91790368 0.01030268
0.91354029 0.01080464
0.90907486 0.01131593
0.90450850 0.01183658
0.89984233 0.01236666
0.89507751 0.01290627
0.89021520 0.01345554
0.88525662 0.01401464
0.88020298 0.01458374
0.87505553 0.01516308
0.86981555 0.01575291
0.86448431 0.01635350
0.85906315 0.01696516
0.85355339 0.01758821
0.84795640 0.01822300
0.84227355 0.01886991
0.83650626 0.01952930
0.83065593 0.02020158
0.82472402 0.02088716
0.81871199 0.02158644
0.81262133 0.02229985
0.80645353 0.02302780
0.80021011 0.02377070
0.79389263 0.02452897
0.78750263 0.02530298
0.78104169 0.02609313
0.77451141 0.02689977
0.76791340 0.02772323
0.76124928 0.02856381
0.75452071 0.02942180
0.74772933 0.03029742
0.74087684 0.03119086
0.73396491 0.03210228
0.72699525 0.03303176
0.71996958 0.03397937
0.71288965 0.03494508
0.70575718 0.03592881
0.69857395 0.03693044
0.69134172 0.03794976
0.68406228 0.03898648
0.67673742 0.04004026
0.66936896 0.04111067
0.66195871 0.04219721
0.65450850 0.04329929
0.64702016 0.04441626
0.63949555 0.04554735
0.63193652 0.04669175
0.62434494 0.04784854
0.61672268 0.04901671
0.60907162 0.05019519
0.60139365 0.05138282
0.59369066 0.05257835
0.58596455 0.05378046
0.57821723 0.05498775
0.57045062 0.05619873
0.56266662 0.05741187
0.55486716 0.05862555
0.54705416 0.05983808
0.53922955 0.06104772
0.53139526 0.06225268
0.52355323 0.06345109
0.51570538 0.06464106
0.50785366 0.06582066
0.50000000 0.06698789
0.49214634 0.06814076
0.48429462 0.06927723
0.47644677 0.07039526
0.46860474 0.07149277
0.46077045 0.07256772
0.45294584 0.07361802
0.44513284 0.07464163
0.43733338 0.07563651
0.42954938 0.07660063
0.42178277 0.07753202
0.41403545 0.07842871
0.40630934 0.07928879
0.39860635 0.08011042
0.39092838 0.08089177
0.38327732 0.08163110
0.37565506 0.08232675
0.36806348 0.08297711
0.36050445 0.08358065
0.35297984 0.08413594
0.34549150 0.08464163
0.33804129 0.08509647
0.33063104 0.08549930
0.32326258 0.08584906
0.31593772 0.08614481
0.30865828 0.08638571
0.30142605 0.08657102
0.29424282 0.08670014
0.28711035 0.08677256
0.28003042 0.08678789
0.27300475 0.08674587
0.26603509 0.08664635
0.25912316 0.08648929
0.25227067 0.08627478
0.24547929 0.08600301
0.23875072 0.08567429
0.23208660 0.08528905
0.22548859 0.08484782
0.21895831 0.08435123
0.21249737 0.08380004
0.20610737 0.08319507
0.19978989 0.08253726
0.19354647 0.08182765
0.18737867 0.08106734
0.18128801 0.08025754
0.17527598 0.07939951
0.16934407 0.07849461
0.16349374 0.07754423
0.15772645 0.07654985
0.15204360 0.07551299
0.14644661 0.07443522
0.14093685 0.07331816
0.13551569 0.07216345
0.13018445 0.07097276
0.12494447 0.06974780
0.11979702 0.06849027
0.11474338 0.06720191
0.10978480 0.06588445
0.10492249 0.06453960
0.10015767 0.06316909
0.09549150 0.06177462
0.09092514 0.06035787
0.08645971 0.05892051
0.08209632 0.05746416
0.07783604 0.05599042
0.07367992 0.05450084
0.06962899 0.05299693
0.06568424 0.05148014
0.06184666 0.04995190
0.05811718 0.04841354
0.05449674 0.04686636
0.05098621 0.04531160
0.04758647 0.04375041
0.04429836 0.04218390
0.04112269 0.04061310
0.03806023 0.03903896
0.03511176 0.03746238
0.03227798 0.03588416
0.02955962 0.03430506
0.02695732 0.03272574
0.02447174 0.03114681
0.02210349 0.02956879
0.01985316 0.02799214
0.01772129 0.02641724
0.01570842 0.02484442
0.01381504 0.02327393
0.01204162 0.02170595
0.01038859 0.02014062
0.00885637 0.01857801
0.00744534 0.01701814
0.00615583 0.01546096
0.00498817 0.01390639
0.00394265 0.01235431
0.00301952 0.01080454
0.00221902 0.00925688
0.00154133 0.00771108
0.00098664 0.00616688
0.00055506 0.00462399
0.00024672 0.00308210
0.00006168 0.00154088
0.00000000 0.00000000
0.00006168 -0.00117463
0.00024672 -0.00234803
0.00055506 -0.00351900
0.00098664 -0.00468629
0.00154133 -0.00584871
0.00221902 -0.00700501
0.00301952 -0.00815398
0.00394265 -0.00929441
0.00498817 -0.01042507
0.00615583 -0.01154475
0.00744534 -0.01265223
0.00885637 -0.01374629
0.01038859 -0.01482575
0.01204162 -0.01588938
0.01381504 -0.01693601
0.01570842 -0.01796444
0.01772129 -0.01897350
0.01985316 -0.01996203
0.02210349 -0.02092888
0.02447174 -0.02187291
0.02695732 -0.02279303
0.02955962 -0.02368813
0.03227798 -0.02455716
0.03511176 -0.02539907
0.03806023 -0.02621287
0.04112269 -0.02699757
0.04429836 -0.02775225
0.04758647 -0.02847602
0.05098621 -0.02916801
0.05449674 -0.02982743
0.05811718 -0.03045353
0.06184666 -0.03104561
0.06568424 -0.03160303
0.06962899 -0.03212520
0.07367992 -0.03261160
0.07783604 -0.03306179
0.08209632 -0.03347538
0.08645971 -0.03385204
0.09092514 -0.03419155
0.09549150 -0.03449372
0.10015767 -0.03475848
0.10492249 -0.03498580
0.10978480 -0.03517575
0.11474338 -0.03532848
0.11979702 -0.03544420
0.12494447 -0.03552322
0.13018445 -0.03556591
0.13551569 -0.03557274
0.14093685 -0.03554424
0.14644661 -0.03548103
0.15204360 -0.03538378
0.15772645 -0.03525325
0.16349374 -0.03509027
0.16934407 -0.03489572
0.17527598 -0.03467057
0.18128801 -0.03441581
0.18737867 -0.03413252
0.19354647 -0.03382182
0.19978989 -0.03348487
0.20610737 -0.03312288
0.21249737 -0.03273709
0.21895831 -0.03232878
0.22548859 -0.03189925
0.23208660 -0.03144983
0.23875072 -0.03098187
0.24547929 -0.03049672
0.25227067 -0.02999574
0.25912316 -0.02948030
0.26603509 -0.02895177
0.27300475 -0.02841149
0.28003042 -0.02786080
0.28711035 -0.02730103
0.29424282 -0.02673348
0.30142605 -0.02615942
0.30865828 -0.02558009
0.31593772 -0.02499670
0.32326258 -0.02441042
0.33063104 -0.02382237
0.33804129 -0.02323365
0.34549150 -0.02264528
0.35297984 -0.02205825
0.36050445 -0.02147350
0.36806348 -0.02089191
0.37565506 -0.02031431
0.38327732 -0.01974147
0.39092838 -0.01917412
0.39860635 -0.01861291
0.40630934 -0.01805844
0.41403545 -0.01751128
0.42178277 -0.01697192
0.42954938 -0.01644081
0.43733338 -0.01591832
0.44513284 -0.01540482
0.45294584 -0.01490058
0.46077045 -0.01440586
0.46860474 -0.01392086
0.47644677 -0.01344573
0.48429462 -0.01298060
0.49214634 -0.01252555
0.50000000 -0.01208064
0.50785366 -0.01164587
0.51570538 -0.01122124
0.52355323 -0.01080671
0.53139526 -0.01040222
0.53922955 -0.01000769
0.54705416 -0.00962304
0.55486716 -0.00924814
0.56266662 -0.00888286
0.57045062 -0.00852709
0.57821723 -0.00818068
0.58596455 -0.00784348
0.59369066 -0.00751534
0.60139365 -0.00719611
0.60907162 -0.00688564
0.61672268 -0.00658379
0.62434494 -0.00629040
0.63193652 -0.00600534
0.63949555 -0.00572847
0.64702016 -0.00545966
0.65450850 -0.00519877
0.66195871 -0.00494570
0.66936896 -0.00470033
0.67673742 -0.00446255
0.68406228 -0.00423227
0.69134172 -0.00400940
0.69857395 -0.00379384
0.70575718 -0.00358551
0.71288965 -0.00338433
0.71996958 -0.00319023
0.72699525 -0.00300315
0.73396491 -0.00282300
0.74087684 -0.00264972
0.74772933 -0.00248325
0.75452071 -0.00232351
0.76124928 -0.00217043
0.76791340 -0.00202394
0.77451141 -0.00188397
0.78104169 -0.00175042
0.78750263 -0.00162322
0.79389263 -0.00150227
0.80021011 -0.00138747
0.80645353 -0.00127872
0.81262133 -0.00117590
0.81871199 -0.00107890
0.82472402 -0.00098758
0.83065593 -0.00090180
0.83650626 -0.00082143
0.84227355 -0.00074632
0.84795640 -0.00067629
0.85355339 -0.00061118
0.85906315 -0.00055082
0.86448431 -0.00049503
0.86981555 -0.00044362
0.87505553 -0.00039640
0.88020298 -0.00035317
0.88525662 -0.00031374
0.89021520 -0.00027790
0.89507751 -0.00024545
0.89984233 -0.00021618
0.90450850 -0.00018989
0.90907486 -0.00016638
0.91354029 -0.00014545
0.91790368 -0.00012690
0.92216396 -0.00011054
0.92632008 -0.00009617
0.93037101 -0.00008363
0.93431576 -0.00007273
0.93815334 -0.00006331
0.94188282 -0.00005520
0.94550326 -0.00004825
0.94901379 -0.00004233
0.95241353 -0.00003730
0.95570164 -0.00003303
0.95887731 -0.00002942
0.96193977 -0.00002635
0.96488824 -0.00002375
0.96772202 -0.00002152
0.97044038 -0.00001960
0.97304268 -0.00001791
0.97552826 -0.00001641
0.97789651 -0.00001506
0.98014684 -0.00001380
0.98227871 -0.00001262
0.98429158 -0.00001150
0.98618496 -0.00001041
0.98795838 -0.00000935
0.98961141 -0.00000831
0.99114363 -0.00000730
0.99255466 -0.00000632
0.99384417 -0.00000537
0.99501183 -0.00000446
0.99605735 -0.00000361
0.99698048 -0.00000282
0.99778098 -0.00000211
0.99845867 -0.00000149
0.99901336 -0.00000096
0.99944494 -0.00000054
0.99975328 -0.00000023
0.99993832 -0.00000005
1.00000000 0.00000001
