sample_665
1.00000000 0.00000001
0.99993832 0.00001126
0.99975328 0.00004499
0.99944494 0.00010123
0.99901336 0.00017999
0.99845867 0.00028130
0.99778098 0.00040520
0.99698048 0.00055172
0.99605735 0.00072090
0.99501183 0.00091280
0.99384417 0.00112747
0.99255466 0.00136496
0.99114363 0.00162532
0.98961141 0.00190861
0.98795838 0.00221486
0.98618496 0.00254412
0.98429158 0.00289643
0.98227871 0.00327182
0.98014684 0.00367029
0.97789651 0.00409184
0.97552826 0.00453648
0.97304268 0.00500416
0.97044038 0.00549483
0.96772202 0.00600843
0.96488824 0.00654487
0.96193977 0.00710403
0.95887731 0.00768576
0.95570164 0.00828989
0.95241353 0.00891622
0.94901379 0.00956452
0.94550326 0.01023453
0.94188282 0.01092595
0.93815334 0.01163845
0.93431576 0.01237166
0.93037101 0.01312517
0.92632008 0.01389855
0.92216396 0.01469133
0.91790368 0.01550299
0.91354029 0.01633298
0.90907486 0.01718071
0.90450850 0.01804557
0.89984233 0.01892691
0.89507751 0.01982402
0.89021520 0.02073619
0.88525662 0.02166267
0.88020298 0.02260266
0.87505553 0.02355536
0.86981555 0.02451993
0.86448431 0.02549549
0.85906315 0.02648117
0.85355339 0.02747605
0.84795640 0.02847921
0.84227355 0.02948971
0.83650626 0.03050658
0.83065593 0.03152887
0.82472402 0.03255560
0.81871199 0.03358580
0.81262133 0.03461848
0.80645353 0.03565267
0.80021011 0.03668738
0.79389263 0.03772166
0.78750263 0.03875453
0.78104169 0.03978506
0.77451141 0.04081231
0.76791340 0.04183535
0.76124928 0.04285330
0.75452071 0.04386528
0.74772933 0.04487043
0.74087684 0.04586793
0.73396491 0.04685699
0.72699525 0.04783684
0.71996958 0.04880674
0.71288965 0.04976599
0.70575718 0.05071392
0.69857395 0.05164989
0.69134172 0.05257332
0.68406228 0.05348363
0.67673742 0.05438030
0.66936896 0.05526286
0.66195871 0.05613084
0.65450850 0.05698383
0.64702016 0.05782146
0.63949555 0.05864338
0.63193652 0.05944930
0.62434494 0.06023893
0.61672268 0.06101204
0.60907162 0.06176842
0.60139365 0.06250789
0.59369066 0.06323030
0.58596455 0.06393553
0.57821723 0.06462347
0.57045062 0.06529404
0.56266662 0.06594720
0.55486716 0.06658289
0.54705416 0.06720109
0.53922955 0.06780179
0.53139526 0.06838498
0.52355323 0.06895067
0.51570538 0.06949886
0.50785366 0.07002958
0.50000000 0.07054283
0.49214634 0.07103862
0.48429462 0.07151696
0.47644677 0.07197785
0.46860474 0.07242127
0.46077045 0.07284722
0.45294584 0.07325565
0.44513284 0.07364651
0.43733338 0.07401974
0.42954938 0.07437526
0.42178277 0.07471297
0.41403545 0.07503273
0.40630934 0.07533441
0.39860635 0.07561783
0.39092838 0.07588281
0.38327732 0.07612912
0.37565506 0.07635654
0.36806348 0.07656478
0.36050445 0.07675356
0.35297984 0.07692258
0.34549150 0.07707148
0.33804129 0.07719992
0.33063104 0.07730751
0.32326258 0.07739384
0.31593772 0.07745849
0.30865828 0.07750103
0.30142605 0.07752098
0.29424282 0.07751788
0.28711035 0.07749124
0.28003042 0.07744055
0.27300475 0.07736531
0.26603509 0.07726499
0.25912316 0.07713907
0.25227067 0.07698702
0.24547929 0.07680832
0.23875072 0.07660243
0.23208660 0.07636883
0.22548859 0.07610701
0.21895831 0.07581644
0.21249737 0.07549665
0.20610737 0.07514713
0.19978989 0.07476742
0.19354647 0.07435707
0.18737867 0.07391564
0.18128801 0.07344273
0.17527598 0.07293796
0.16934407 0.07240095
0.16349374 0.07183139
0.15772645 0.07122898
0.15204360 0.07059344
0.14644661 0.06992455
0.14093685 0.06922210
0.13551569 0.06848594
0.13018445 0.06771594
0.12494447 0.06691202
0.11979702 0.06607412
0.11474338 0.06520225
0.10978480 0.06429643
0.10492249 0.06335675
0.10015767 0.06238333
0.09549150 0.06137633
0.09092514 0.06033594
0.08645971 0.05926242
0.08209632 0.05815606
0.07783604 0.05701717
0.07367992 0.05584614
0.06962899 0.05464338
0.06568424 0.05340933
0.06184666 0.05214449
0.05811718 0.05084938
0.05449674 0.04952458
0.05098621 0.04817068
0.04758647 0.04678834
0.04429836 0.04537821
0.04112269 0.04394101
0.03806023 0.04247748
0.03511176 0.04098839
0.03227798 0.03947453
0.02955962 0.03793675
0.02695732 0.03637588
0.02447174 0.03479282
0.02210349 0.03318847
0.01985316 0.03156376
0.01772129 0.02991964
0.01570842 0.02825707
0.01381504 0.02657706
0.01204162 0.02488060
0.01038859 0.02316873
0.00885637 0.02144247
0.00744534 0.01970289
0.00615583 0.01795106
0.00498817 0.01618804
0.00394265 0.01441493
0.00301952 0.01263283
0.00221902 0.01084284
0.00154133 0.00904608
0.00098664 0.00724366
0.00055506 0.00543671
0.00024672 0.00362637
0.00006168 0.00181375
0.00000000 0.00000000
0.00006168 -0.00098202
0.00024672 -0.00196319
0.00055506 -0.00294265
0.00098664 -0.00391955
0.00154133 -0.00489304
0.00221902 -0.00586229
0.00301952 -0.00682648
0.00394265 -0.00778480
0.00498817 -0.00873645
0.00615583 -0.00968066
0.00744534 -0.01061667
0.00885637 -0.01154374
0.01038859 -0.01246115
0.01204162 -0.01336821
0.01381504 -0.01426426
0.01570842 -0.01514865
0.01772129 -0.01602078
0.01985316 -0.01688005
0.02210349 -0.01772590
0.02447174 -0.01855782
0.02695732 -0.01937530
0.02955962 -0.02017788
0.03227798 -0.02096512
0.03511176 -0.02173660
0.03806023 -0.02249195
0.04112269 -0.02323083
0.04429836 -0.02395291
0.04758647 -0.02465789
0.05098621 -0.02534552
0.05449674 -0.02601554
0.05811718 -0.02666775
0.06184666 -0.02730195
0.06568424 -0.02791797
0.06962899 -0.02851566
0.07367992 -0.02909489
0.07783604 -0.02965554
0.08209632 -0.03019752
0.08645971 -0.03072074
0.09092514 -0.03122514
0.09549150 -0.03171063
0.10015767 -0.03217718
0.10492249 -0.03262474
0.10978480 -0.03305327
0.11474338 -0.03346272
0.11979702 -0.03385306
0.12494447 -0.03422425
0.13018445 -0.03457627
0.13551569 -0.03490906
0.14093685 -0.03522259
0.14644661 -0.03551680
0.15204360 -0.03579166
0.15772645 -0.03604708
0.16349374 -0.03628301
0.16934407 -0.03649938
0.17527598 -0.03669610
0.18128801 -0.03687309
0.18737867 -0.03703024
0.19354647 -0.03716745
0.19978989 -0.03728461
0.20610737 -0.03738160
0.21249737 -0.03745831
0.21895831 -0.03751460
0.22548859 -0.03755035
0.23208660 -0.03756542
0.23875072 -0.03755969
0.24547929 -0.03753302
0.25227067 -0.03748529
0.25912316 -0.03741639
0.26603509 -0.03732621
0.27300475 -0.03721463
0.28003042 -0.03708159
0.28711035 -0.03692700
0.29424282 -0.03675082
0.30142605 -0.03655300
0.30865828 -0.03633355
0.31593772 -0.03609248
0.32326258 -0.03582983
0.33063104 -0.03554567
0.33804129 -0.03524012
0.34549150 -0.03491332
0.35297984 -0.03456545
0.36050445 -0.03419672
0.36806348 -0.03380741
0.37565506 -0.03339782
0.38327732 -0.03296829
0.39092838 -0.03251923
0.39860635 -0.03205107
0.40630934 -0.03156432
0.41403545 -0.03105951
0.42178277 -0.03053724
0.42954938 -0.02999813
0.43733338 -0.02944289
0.44513284 -0.02887225
0.45294584 -0.02828698
0.46077045 -0.02768793
0.46860474 -0.02707597
0.47644677 -0.02645202
0.48429462 -0.02581704
0.49214634 -0.02517201
0.50000000 -0.02451799
0.50785366 -0.02385603
0.51570538 -0.02318724
0.52355323 -0.02251273
0.53139526 -0.02183365
0.53922955 -0.02115116
0.54705416 -0.02046644
0.55486716 -0.01978069
0.56266662 -0.01909509
0.57045062 -0.01841083
0.57821723 -0.01772912
0.58596455 -0.01705113
0.59369066 -0.01637804
0.60139365 -0.01571099
0.60907162 -0.01505111
0.61672268 -0.01439952
0.62434494 -0.01375727
0.63193652 -0.01312540
0.63949555 -0.01250491
0.64702016 -0.01189675
0.65450850 -0.01130181
0.66195871 -0.01072094
0.66936896 -0.01015493
0.67673742 -0.00960452
0.68406228 -0.00907037
0.69134172 -0.00855308
0.69857395 -0.00805321
0.70575718 -0.00757120
0.71288965 -0.00710747
0.71996958 -0.00666234
0.72699525 -0.00623607
0.73396491 -0.00582883
0.74087684 -0.00544073
0.74772933 -0.00507182
0.75452071 -0.00472206
0.76124928 -0.00439134
0.76791340 -0.00407950
0.77451141 -0.00378629
0.78104169 -0.00351142
0.78750263 -0.00325453
0.79389263 -0.00301518
0.80021011 -0.00279292
0.80645353 -0.00258721
0.81262133 -0.00239748
0.81871199 -0.00222311
0.82472402 -0.00206347
0.83065593 -0.00191785
0.83650626 -0.00178554
0.84227355 -0.00166581
0.84795640 -0.00155790
0.85355339 -0.00146103
0.85906315 -0.00137442
0.86448431 -0.00129729
0.86981555 -0.00122885
0.87505553 -0.00116833
0.88020298 -0.00111494
0.88525662 -0.00106794
0.89021520 -0.00102658
0.89507751 -0.00099016
0.89984233 -0.00095799
0.90450850 -0.00092940
0.90907486 -0.00090378
0.91354029 -0.00088054
0.91790368 -0.00085912
0.92216396 -0.00083901
0.92632008 -0.00081976
0.93037101 -0.00080095
0.93431576 -0.00078219
0.93815334 -0.00076316
0.94188282 -0.00074357
0.94550326 -0.00072320
0.94901379 -0.00070186
0.95241353 -0.00067939
0.95570164 -0.00065571
0.95887731 -0.00063076
0.96193977 -0.00060452
0.96488824 -0.00057702
0.96772202 -0.00054833
0.97044038 -0.00051853
0.97304268 -0.00048776
0.97552826 -0.00045618
0.97789651 -0.00042396
0.98014684 -0.00039131
0.98227871 -0.00035845
0.98429158 -0.00032562
0.98618496 -0.00029307
0.98795838 -0.00026105
0.98961141 -0.00022981
0.99114363 -0.00019963
0.99255466 -0.00017075
0.99384417 -0.00014342
0.99501183 -0.00011789
0.99605735 -0.00009438
0.99698048 -0.00007310
0.99778098 -0.00005425
0.99845867 -0.00003799
0.99901336 -0.00002448
0.99944494 -0.00001384
0.99975328 -0.00000617
0.99993832 -0.00000154
1.00000000 0.00000001
