sample_223
1.00000000 0.00000001
0.99993832 0.00000992
0.99975328 0.00003965
0.99944494 0.00008921
0.99901336 0.00015859
0.99845867 0.00024780
0.99778098 0.00035685
0.99698048 0.00048574
0.99605735 0.00063448
0.99501183 0.00080307
0.99384417 0.00099151
0.99255466 0.00119981
0.99114363 0.00142795
0.98961141 0.00167593
0.98795838 0.00194373
0.98618496 0.00223132
0.98429158 0.00253868
0.98227871 0.00286576
0.98014684 0.00321250
0.97789651 0.00357885
0.97552826 0.00396472
0.97304268 0.00437003
0.97044038 0.00479466
0.96772202 0.00523850
0.96488824 0.00570140
0.96193977 0.00618321
0.95887731 0.00668376
0.95570164 0.00720285
0.95241353 0.00774028
0.94901379 0.00829582
0.94550326 0.00886921
0.94188282 0.00946019
0.93815334 0.01006848
0.93431576 0.01069377
0.93037101 0.01133574
0.92632008 0.01199407
0.92216396 0.01266838
0.91790368 0.01335833
0.91354029 0.01406352
0.90907486 0.01478355
0.90450850 0.01551803
0.89984233 0.01626653
0.89507751 0.01702863
0.89021520 0.01780389
0.88525662 0.01859186
0.88020298 0.01939211
0.87505553 0.02020418
0.86981555 0.02102762
0.86448431 0.02186198
0.85906315 0.02270679
0.85355339 0.02356162
0.84795640 0.02442600
0.84227355 0.02529950
0.83650626 0.02618167
0.83065593 0.02707209
0.82472402 0.02797031
0.81871199 0.02887592
0.81262133 0.02978851
0.80645353 0.03070766
0.80021011 0.03163298
0.79389263 0.03256407
0.78750263 0.03350056
0.78104169 0.03444206
0.77451141 0.03538819
0.76791340 0.03633860
0.76124928 0.03729291
0.75452071 0.03825077
0.74772933 0.03921182
0.74087684 0.04017570
0.73396491 0.04114205
0.72699525 0.04211051
0.71996958 0.04308071
0.71288965 0.04405227
0.70575718 0.04502482
0.69857395 0.04599795
0.69134172 0.04697127
0.68406228 0.04794434
0.67673742 0.04891674
0.66936896 0.04988800
0.66195871 0.05085766
0.65450850 0.05182520
0.64702016 0.05279012
0.63949555 0.05375185
0.63193652 0.05470982
0.62434494 0.05566343
0.61672268 0.05661205
0.60907162 0.05755500
0.60139365 0.05849161
0.59369066 0.05942113
0.58596455 0.06034283
0.57821723 0.06125589
0.57045062 0.06215952
0.56266662 0.06305284
0.55486716 0.06393500
0.54705416 0.06480507
0.53922955 0.06566213
0.53139526 0.06650520
0.52355323 0.06733331
0.51570538 0.06814546
0.50785366 0.06894060
0.50000000 0.06971771
0.49214634 0.07047573
0.48429462 0.07121359
0.47644677 0.07193022
0.46860474 0.07262454
0.46077045 0.07329547
0.45294584 0.07394195
0.44513284 0.07456290
0.43733338 0.07515726
0.42954938 0.07572401
0.42178277 0.07626210
0.41403545 0.07677054
0.40630934 0.07724836
0.39860635 0.07769461
0.39092838 0.07810837
0.38327732 0.07848878
0.37565506 0.07883500
0.36806348 0.07914624
0.36050445 0.07942175
0.35297984 0.07966084
0.34549150 0.07986286
0.33804129 0.08002724
0.33063104 0.08015343
0.32326258 0.08024097
0.31593772 0.08028944
0.30865828 0.08029850
0.30142605 0.08026785
0.29424282 0.08019727
0.28711035 0.08008659
0.28003042 0.07993573
0.27300475 0.07974464
0.26603509 0.07951335
0.25912316 0.07924196
0.25227067 0.07893061
0.24547929 0.07857951
0.23875072 0.07818894
0.23208660 0.07775922
0.22548859 0.07729073
0.21895831 0.07678389
0.21249737 0.07623919
0.20610737 0.07565716
0.19978989 0.07503837
0.19354647 0.07438342
0.18737867 0.07369296
0.18128801 0.07296768
0.17527598 0.07220830
0.16934407 0.07141555
0.16349374 0.07059021
0.15772645 0.06973305
0.15204360 0.06884490
0.14644661 0.06792657
0.14093685 0.06697889
0.13551569 0.06600272
0.13018445 0.06499890
0.12494447 0.06396828
0.11979702 0.06291171
0.11474338 0.06183006
0.10978480 0.06072416
0.10492249 0.05959486
0.10015767 0.05844299
0.09549150 0.05726938
0.09092514 0.05607482
0.08645971 0.05486013
0.08209632 0.05362608
0.07783604 0.05237343
0.07367992 0.05110294
0.06962899 0.04981535
0.06568424 0.04851135
0.06184666 0.04719166
0.05811718 0.04585694
0.05449674 0.04450786
0.05098621 0.04314505
0.04758647 0.04176914
0.04429836 0.04038074
0.04112269 0.03898042
0.03806023 0.03756876
0.03511176 0.03614631
0.03227798 0.03471360
0.02955962 0.03327117
0.02695732 0.03181952
0.02447174 0.03035914
0.02210349 0.02889052
0.01985316 0.02741412
0.01772129 0.02593042
0.01570842 0.02443986
0.01381504 0.02294288
0.01204162 0.02143991
0.01038859 0.01993139
0.00885637 0.01841774
0.00744534 0.01689936
0.00615583 0.01537666
0.00498817 0.01385006
0.00394265 0.01231995
0.00301952 0.01078673
0.00221902 0.00925080
0.00154133 0.00771254
0.00098664 0.00617235
0.00055506 0.00463061
0.00024672 0.00308772
0.00006168 0.00154405
0.00000000 0.00000000
0.00006168 -0.00095661
0.00024672 -0.00191165
0.00055506 -0.00286355
0.00098664 -0.00381077
0.00154133 -0.00475176
0.00221902 -0.00568500
0.00301952 -0.00660902
0.00394265 -0.00752233
0.00498817 -0.00842353
0.00615583 -0.00931123
0.00744534 -0.01018408
0.00885637 -0.01104080
0.01038859 -0.01188015
0.01204162 -0.01270095
0.01381504 -0.01350208
0.01570842 -0.01428248
0.01772129 -0.01504117
0.01985316 -0.01577721
0.02210349 -0.01648977
0.02447174 -0.01717806
0.02695732 -0.01784139
0.02955962 -0.01847913
0.03227798 -0.01909072
0.03511176 -0.01967572
0.03806023 -0.02023371
0.04112269 -0.02076439
0.04429836 -0.02126752
0.04758647 -0.02174295
0.05098621 -0.02219060
0.05449674 -0.02261045
0.05811718 -0.02300257
0.06184666 -0.02336710
0.06568424 -0.02370424
0.06962899 -0.02401427
0.07367992 -0.02429751
0.07783604 -0.02455438
0.08209632 -0.02478531
0.08645971 -0.02499081
0.09092514 -0.02517143
0.09549150 -0.02532778
0.10015767 -0.02546050
0.10492249 -0.02557027
0.10978480 -0.02565780
0.11474338 -0.02572383
0.11979702 -0.02576914
0.12494447 -0.02579450
0.13018445 -0.02580072
0.13551569 -0.02578863
0.14093685 -0.02575903
0.14644661 -0.02571276
0.15204360 -0.02565063
0.15772645 -0.02557348
0.16349374 -0.02548211
0.16934407 -0.02537732
0.17527598 -0.02525989
0.18128801 -0.02513058
0.18737867 -0.02499014
0.19354647 -0.02483927
0.19978989 -0.02467867
0.20610737 -0.02450898
0.21249737 -0.02433083
0.21895831 -0.02414481
0.22548859 -0.02395147
0.23208660 -0.02375131
0.23875072 -0.02354482
0.24547929 -0.02333243
0.25227067 -0.02311453
0.25912316 -0.02289147
0.26603509 -0.02266358
0.27300475 -0.02243113
0.28003042 -0.02219435
0.28711035 -0.02195344
0.29424282 -0.02170856
0.30142605 -0.02145984
0.30865828 -0.02120737
0.31593772 -0.02095122
0.32326258 -0.02069141
0.33063104 -0.02042795
0.33804129 -0.02016082
0.34549150 -0.01988998
0.35297984 -0.01961537
0.36050445 -0.01933690
0.36806348 -0.01905450
0.37565506 -0.01876805
0.38327732 -0.01847745
0.39092838 -0.01818258
0.39860635 -0.01788334
0.40630934 -0.01757960
0.41403545 -0.01727126
0.42178277 -0.01695822
0.42954938 -0.01664039
0.43733338 -0.01631769
0.44513284 -0.01599005
0.45294584 -0.01565745
0.46077045 -0.01531984
0.46860474 -0.01497724
0.47644677 -0.01462967
0.48429462 -0.01427717
0.49214634 -0.01391983
0.50000000 -0.01355775
0.50785366 -0.01319107
0.51570538 -0.01281994
0.52355323 -0.01244458
0.53139526 -0.01206522
0.53922955 -0.01168210
0.54705416 -0.01129553
0.55486716 -0.01090582
0.56266662 -0.01051333
0.57045062 -0.01011844
0.57821723 -0.00972157
0.58596455 -0.00932315
0.59369066 -0.00892363
0.60139365 -0.00852351
0.60907162 -0.00812329
0.61672268 -0.00772350
0.62434494 -0.00732469
0.63193652 -0.00692739
0.63949555 -0.00653220
0.64702016 -0.00613968
0.65450850 -0.00575043
0.66195871 -0.00536502
0.66936896 -0.00498406
0.67673742 -0.00460813
0.68406228 -0.00423781
0.69134172 -0.00387368
0.69857395 -0.00351631
0.70575718 -0.00316625
0.71288965 -0.00282404
0.71996958 -0.00249021
0.72699525 -0.00216524
0.73396491 -0.00184961
0.74087684 -0.00154378
0.74772933 -0.00124817
0.75452071 -0.00096317
0.76124928 -0.00068915
0.76791340 -0.00042643
0.77451141 -0.00017532
0.78104169 0.00006393
0.78750263 0.00029109
0.79389263 0.00050598
0.80021011 0.00070844
0.80645353 0.00089838
0.81262133 0.00107570
0.81871199 0.00124038
0.82472402 0.00139242
0.83065593 0.00153188
0.83650626 0.00165881
0.84227355 0.00177335
0.84795640 0.00187564
0.85355339 0.00196587
0.85906315 0.00204426
0.86448431 0.00211106
0.86981555 0.00216656
0.87505553 0.00221107
0.88020298 0.00224493
0.88525662 0.00226849
0.89021520 0.00228216
0.89507751 0.00228633
0.89984233 0.00228145
0.90450850 0.00226795
0.90907486 0.00224631
0.91354029 0.00221699
0.91790368 0.00218048
0.92216396 0.00213728
0.92632008 0.00208790
0.93037101 0.00203285
0.93431576 0.00197263
0.93815334 0.00190777
0.94188282 0.00183877
0.94550326 0.00176615
0.94901379 0.00169042
0.95241353 0.00161208
0.95570164 0.00153162
0.95887731 0.00144953
0.96193977 0.00136630
0.96488824 0.00128238
0.96772202 0.00119822
0.97044038 0.00111428
0.97304268 0.00103098
0.97552826 0.00094872
0.97789651 0.00086791
0.98014684 0.00078892
0.98227871 0.00071211
0.98429158 0.00063784
0.98618496 0.00056641
0.98795838 0.00049815
0.98961141 0.00043334
0.99114363 0.00037224
0.99255466 0.00031511
0.99384417 0.00026218
0.99501183 0.00021365
0.99605735 0.00016972
0.99698048 0.00013056
0.99778098 0.00009632
0.99845867 0.00006712
0.99901336 0.00004308
0.99944494 0.00002429
0.99975328 0.00001082
0.99993832 0.00000272
1.00000000 0.00000001
