sample_964
1.00000000 0.00000001
0.99993832 0.00001134
0.99975328 0.00004529
0.99944494 0.00010179
0.99901336 0.00018074
0.99845867 0.00028196
0.99778098 0.00040526
0.99698048 0.00055039
0.99605735 0.00071707
0.99501183 0.00090498
0.99384417 0.00111375
0.99255466 0.00134301
0.99114363 0.00159234
0.98961141 0.00186131
0.98795838 0.00214945
0.98618496 0.00245628
0.98429158 0.00278133
0.98227871 0.00312409
0.98014684 0.00348406
0.97789651 0.00386075
0.97552826 0.00425365
0.97304268 0.00466228
0.97044038 0.00508614
0.96772202 0.00552479
0.96488824 0.00597777
0.96193977 0.00644465
0.95887731 0.00692504
0.95570164 0.00741855
0.95241353 0.00792484
0.94901379 0.00844359
0.94550326 0.00897450
0.94188282 0.00951734
0.93815334 0.01007186
0.93431576 0.01063789
0.93037101 0.01121527
0.92632008 0.01180386
0.92216396 0.01240357
0.91790368 0.01301434
0.91354029 0.01363611
0.90907486 0.01426889
0.90450850 0.01491266
0.89984233 0.01556745
0.89507751 0.01623331
0.89021520 0.01691026
0.88525662 0.01759838
0.88020298 0.01829772
0.87505553 0.01900833
0.86981555 0.01973026
0.86448431 0.02046356
0.85906315 0.02120824
0.85355339 0.02196432
0.84795640 0.02273177
0.84227355 0.02351054
0.83650626 0.02430054
0.83065593 0.02510168
0.82472402 0.02591377
0.81871199 0.02673661
0.81262133 0.02756996
0.80645353 0.02841351
0.80021011 0.02926691
0.79389263 0.03012973
0.78750263 0.03100151
0.78104169 0.03188172
0.77451141 0.03276977
0.76791340 0.03366501
0.76124928 0.03456674
0.75452071 0.03547419
0.74772933 0.03638653
0.74087684 0.03730288
0.73396491 0.03822231
0.72699525 0.03914383
0.71996958 0.04006641
0.71288965 0.04098896
0.70575718 0.04191038
0.69857395 0.04282949
0.69134172 0.04374512
0.68406228 0.04465605
0.67673742 0.04556105
0.66936896 0.04645887
0.66195871 0.04734824
0.65450850 0.04822791
0.64702016 0.04909661
0.63949555 0.04995308
0.63193652 0.05079610
0.62434494 0.05162444
0.61672268 0.05243690
0.60907162 0.05323234
0.60139365 0.05400963
0.59369066 0.05476770
0.58596455 0.05550551
0.57821723 0.05622209
0.57045062 0.05691652
0.56266662 0.05758796
0.55486716 0.05823561
0.54705416 0.05885876
0.53922955 0.05945675
0.53139526 0.06002903
0.52355323 0.06057509
0.51570538 0.06109452
0.50785366 0.06158698
0.50000000 0.06205221
0.49214634 0.06249002
0.48429462 0.06290033
0.47644677 0.06328309
0.46860474 0.06363835
0.46077045 0.06396623
0.45294584 0.06426693
0.44513284 0.06454068
0.43733338 0.06478781
0.42954938 0.06500869
0.42178277 0.06520375
0.41403545 0.06537345
0.40630934 0.06551831
0.39860635 0.06563888
0.39092838 0.06573576
0.38327732 0.06580955
0.37565506 0.06586088
0.36806348 0.06589040
0.36050445 0.06589876
0.35297984 0.06588662
0.34549150 0.06585464
0.33804129 0.06580344
0.33063104 0.06573366
0.32326258 0.06564591
0.31593772 0.06554076
0.30865828 0.06541877
0.30142605 0.06528045
0.29424282 0.06512627
0.28711035 0.06495666
0.28003042 0.06477200
0.27300475 0.06457263
0.26603509 0.06435882
0.25912316 0.06413080
0.25227067 0.06388872
0.24547929 0.06363269
0.23875072 0.06336276
0.23208660 0.06307891
0.22548859 0.06278107
0.21895831 0.06246911
0.21249737 0.06214282
0.20610737 0.06180196
0.19978989 0.06144622
0.19354647 0.06107525
0.18737867 0.06068863
0.18128801 0.06028591
0.17527598 0.05986659
0.16934407 0.05943012
0.16349374 0.05897595
0.15772645 0.05850344
0.15204360 0.05801199
0.14644661 0.05750092
0.14093685 0.05696957
0.13551569 0.05641725
0.13018445 0.05584326
0.12494447 0.05524693
0.11979702 0.05462755
0.11474338 0.05398444
0.10978480 0.05331695
0.10492249 0.05262441
0.10015767 0.05190621
0.09549150 0.05116176
0.09092514 0.05039049
0.08645971 0.04959188
0.08209632 0.04876545
0.07783604 0.04791078
0.07367992 0.04702748
0.06962899 0.04611523
0.06568424 0.04517376
0.06184666 0.04420287
0.05811718 0.04320241
0.05449674 0.04217230
0.05098621 0.04111255
0.04758647 0.04002322
0.04429836 0.03890444
0.04112269 0.03775642
0.03806023 0.03657945
0.03511176 0.03537389
0.03227798 0.03414016
0.02955962 0.03287877
0.02695732 0.03159031
0.02447174 0.03027542
0.02210349 0.02893484
0.01985316 0.02756936
0.01772129 0.02617985
0.01570842 0.02476723
0.01381504 0.02333251
0.01204162 0.02187674
0.01038859 0.02040105
0.00885637 0.01890660
0.00744534 0.01739463
0.00615583 0.01586641
0.00498817 0.01432326
0.00394265 0.01276657
0.00301952 0.01119772
0.00221902 0.00961816
0.00154133 0.00802937
0.00098664 0.00643284
0.00055506 0.00483010
0.00024672 0.00322267
0.00006168 0.00161212
0.00000000 0.00000000
0.00006168 -0.00084638
0.00024672 -0.00169216
0.00055506 -0.00253673
0.00098664 -0.00337949
0.00154133 -0.00421984
0.00221902 -0.00505715
0.00301952 -0.00589083
0.00394265 -0.00672025
0.00498817 -0.00754480
0.00615583 -0.00836385
0.00744534 -0.00917677
0.00885637 -0.00998294
0.01038859 -0.01078172
0.01204162 -0.01157247
0.01381504 -0.01235456
0.01570842 -0.01312734
0.01772129 -0.01389017
0.01985316 -0.01464240
0.02210349 -0.01538340
0.02447174 -0.01611253
0.02695732 -0.01682915
0.02955962 -0.01753264
0.03227798 -0.01822237
0.03511176 -0.01889773
0.03806023 -0.01955813
0.04112269 -0.02020298
0.04429836 -0.02083172
0.04758647 -0.02144378
0.05098621 -0.02203865
0.05449674 -0.02261582
0.05811718 -0.02317479
0.06184666 -0.02371513
0.06568424 -0.02423641
0.06962899 -0.02473823
0.07367992 -0.02522024
0.07783604 -0.02568212
0.08209632 -0.02612357
0.08645971 -0.02654436
0.09092514 -0.02694427
0.09549150 -0.02732315
0.10015767 -0.02768088
0.10492249 -0.02801737
0.10978480 -0.02833260
0.11474338 -0.02862658
0.11979702 -0.02889935
0.12494447 -0.02915103
0.13018445 -0.02938176
0.13551569 -0.02959172
0.14093685 -0.02978114
0.14644661 -0.02995029
0.15204360 -0.03009948
0.15772645 -0.03022906
0.16349374 -0.03033941
0.16934407 -0.03043093
0.17527598 -0.03050408
0.18128801 -0.03055933
0.18737867 -0.03059716
0.19354647 -0.03061811
0.19978989 -0.03062271
0.20610737 -0.03061151
0.21249737 -0.03058507
0.21895831 -0.03054397
0.22548859 -0.03048879
0.23208660 -0.03042011
0.23875072 -0.03033851
0.24547929 -0.03024456
0.25227067 -0.03013883
0.25912316 -0.03002188
0.26603509 -0.02989424
0.27300475 -0.02975645
0.28003042 -0.02960900
0.28711035 -0.02945238
0.29424282 -0.02928705
0.30142605 -0.02911344
0.30865828 -0.02893195
0.31593772 -0.02874296
0.32326258 -0.02854682
0.33063104 -0.02834383
0.33804129 -0.02813428
0.34549150 -0.02791840
0.35297984 -0.02769643
0.36050445 -0.02746854
0.36806348 -0.02723487
0.37565506 -0.02699557
0.38327732 -0.02675070
0.39092838 -0.02650034
0.39860635 -0.02624453
0.40630934 -0.02598327
0.41403545 -0.02571656
0.42178277 -0.02544436
0.42954938 -0.02516664
0.43733338 -0.02488332
0.44513284 -0.02459434
0.45294584 -0.02429962
0.46077045 -0.02399906
0.46860474 -0.02369258
0.47644677 -0.02338008
0.48429462 -0.02306149
0.49214634 -0.02273672
0.50000000 -0.02240570
0.50785366 -0.02206838
0.51570538 -0.02172471
0.52355323 -0.02137467
0.53139526 -0.02101826
0.53922955 -0.02065549
0.54705416 -0.02028642
0.55486716 -0.01991110
0.56266662 -0.01952966
0.57045062 -0.01914220
0.57821723 -0.01874891
0.58596455 -0.01834996
0.59369066 -0.01794559
0.60139365 -0.01753605
0.60907162 -0.01712163
0.61672268 -0.01670267
0.62434494 -0.01627952
0.63193652 -0.01585256
0.63949555 -0.01542222
0.64702016 -0.01498893
0.65450850 -0.01455319
0.66195871 -0.01411547
0.66936896 -0.01367632
0.67673742 -0.01323626
0.68406228 -0.01279587
0.69134172 -0.01235572
0.69857395 -0.01191640
0.70575718 -0.01147851
0.71288965 -0.01104266
0.71996958 -0.01060947
0.72699525 -0.01017955
0.73396491 -0.00975350
0.74087684 -0.00933194
0.74772933 -0.00891546
0.75452071 -0.00850466
0.76124928 -0.00810009
0.76791340 -0.00770233
0.77451141 -0.00731189
0.78104169 -0.00692931
0.78750263 -0.00655506
0.79389263 -0.00618960
0.80021011 -0.00583338
0.80645353 -0.00548678
0.81262133 -0.00515017
0.81871199 -0.00482390
0.82472402 -0.00450825
0.83065593 -0.00420349
0.83650626 -0.00390983
0.84227355 -0.00362747
0.84795640 -0.00335656
0.85355339 -0.00309719
0.85906315 -0.00284945
0.86448431 -0.00261335
0.86981555 -0.00238891
0.87505553 -0.00217607
0.88020298 -0.00197477
0.88525662 -0.00178488
0.89021520 -0.00160626
0.89507751 -0.00143874
0.89984233 -0.00128212
0.90450850 -0.00113615
0.90907486 -0.00100058
0.91354029 -0.00087513
0.91790368 -0.00075948
0.92216396 -0.00065331
0.92632008 -0.00055627
0.93037101 -0.00046800
0.93431576 -0.00038813
0.93815334 -0.00031626
0.94188282 -0.00025201
0.94550326 -0.00019497
0.94901379 -0.00014472
0.95241353 -0.00010086
0.95570164 -0.00006297
0.95887731 -0.00003064
0.96193977 -0.00000346
0.96488824 0.00001899
0.96772202 0.00003709
0.97044038 0.00005126
0.97304268 0.00006186
0.97552826 0.00006928
0.97789651 0.00007389
0.98014684 0.00007602
0.98227871 0.00007604
0.98429158 0.00007425
0.98618496 0.00007096
0.98795838 0.00006648
0.98961141 0.00006108
0.99114363 0.00005501
0.99255466 0.00004852
0.99384417 0.00004184
0.99501183 0.00003517
0.99605735 0.00002869
0.99698048 0.00002258
0.99778098 0.00001698
0.99845867 0.00001203
0.99901336 0.00000782
0.99944494 0.00000446
0.99975328 0.00000201
0.99993832 0.00000051
1.00000000 0.00000001
