sample_421
1.00000000 0.00000001
0.99993832 0.00000925
0.99975328 0.00003693
0.99944494 0.00008303
0.99901336 0.00014749
0.99845867 0.00023023
0.99778098 0.00033115
0.99698048 0.00045011
0.99605735 0.00058698
0.99501183 0.00074161
0.99384417 0.00091380
0.99255466 0.00110338
0.99114363 0.00131015
0.98961141 0.00153389
0.98795838 0.00177439
0.98618496 0.00203142
0.98429158 0.00230477
0.98227871 0.00259421
0.98014684 0.00289951
0.97789651 0.00322047
0.97552826 0.00355687
0.97304268 0.00390852
0.97044038 0.00427523
0.96772202 0.00465683
0.96488824 0.00505316
0.96193977 0.00546408
0.95887731 0.00588947
0.95570164 0.00632921
0.95241353 0.00678324
0.94901379 0.00725149
0.94550326 0.00773390
0.94188282 0.00823047
0.93815334 0.00874118
0.93431576 0.00926606
0.93037101 0.00980513
0.92632008 0.01035846
0.92216396 0.01092610
0.91790368 0.01150814
0.91354029 0.01210466
0.90907486 0.01271577
0.90450850 0.01334158
0.89984233 0.01398220
0.89507751 0.01463773
0.89021520 0.01530829
0.88525662 0.01599397
0.88020298 0.01669489
0.87505553 0.01741111
0.86981555 0.01814271
0.86448431 0.01888973
0.85906315 0.01965221
0.85355339 0.02043015
0.84795640 0.02122353
0.84227355 0.02203228
0.83650626 0.02285633
0.83065593 0.02369555
0.82472402 0.02454978
0.81871199 0.02541881
0.81262133 0.02630241
0.80645353 0.02720029
0.80021011 0.02811211
0.79389263 0.02903752
0.78750263 0.02997608
0.78104169 0.03092733
0.77451141 0.03189076
0.76791340 0.03286582
0.76124928 0.03385191
0.75452071 0.03484839
0.74772933 0.03585457
0.74087684 0.03686973
0.73396491 0.03789312
0.72699525 0.03892394
0.71996958 0.03996136
0.71288965 0.04100454
0.70575718 0.04205257
0.69857395 0.04310457
0.69134172 0.04415959
0.68406228 0.04521670
0.67673742 0.04627494
0.66936896 0.04733334
0.66195871 0.04839091
0.65450850 0.04944669
0.64702016 0.05049969
0.63949555 0.05154892
0.63193652 0.05259341
0.62434494 0.05363221
0.61672268 0.05466434
0.60907162 0.05568886
0.60139365 0.05670485
0.59369066 0.05771139
0.58596455 0.05870759
0.57821723 0.05969257
0.57045062 0.06066548
0.56266662 0.06162548
0.55486716 0.06257176
0.54705416 0.06350353
0.53922955 0.06442003
0.53139526 0.06532050
0.52355323 0.06620422
0.51570538 0.06707047
0.50785366 0.06791858
0.50000000 0.06874787
0.49214634 0.06955767
0.48429462 0.07034735
0.47644677 0.07111627
0.46860474 0.07186382
0.46077045 0.07258936
0.45294584 0.07329231
0.44513284 0.07397204
0.43733338 0.07462795
0.42954938 0.07525944
0.42178277 0.07586590
0.41403545 0.07644672
0.40630934 0.07700128
0.39860635 0.07752896
0.39092838 0.07802912
0.38327732 0.07850112
0.37565506 0.07894432
0.36806348 0.07935805
0.36050445 0.07974164
0.35297984 0.08009442
0.34549150 0.08041570
0.33804129 0.08070479
0.33063104 0.08096099
0.32326258 0.08118358
0.31593772 0.08137188
0.30865828 0.08152518
0.30142605 0.08164277
0.29424282 0.08172396
0.28711035 0.08176807
0.28003042 0.08177443
0.27300475 0.08174239
0.26603509 0.08167132
0.25912316 0.08156061
0.25227067 0.08140969
0.24547929 0.08121803
0.23875072 0.08098513
0.23208660 0.08071053
0.22548859 0.08039382
0.21895831 0.08003465
0.21249737 0.07963272
0.20610737 0.07918780
0.19978989 0.07869972
0.19354647 0.07816837
0.18737867 0.07759371
0.18128801 0.07697580
0.17527598 0.07631475
0.16934407 0.07561076
0.16349374 0.07486411
0.15772645 0.07407514
0.15204360 0.07324432
0.14644661 0.07237216
0.14093685 0.07145925
0.13551569 0.07050630
0.13018445 0.06951407
0.12494447 0.06848339
0.11979702 0.06741518
0.11474338 0.06631044
0.10978480 0.06517021
0.10492249 0.06399562
0.10015767 0.06278784
0.09549150 0.06154811
0.09092514 0.06027770
0.08645971 0.05897794
0.08209632 0.05765019
0.07783604 0.05629584
0.07367992 0.05491631
0.06962899 0.05351301
0.06568424 0.05208740
0.06184666 0.05064092
0.05811718 0.04917500
0.05449674 0.04769107
0.05098621 0.04619055
0.04758647 0.04467481
0.04429836 0.04314522
0.04112269 0.04160309
0.03806023 0.04004970
0.03511176 0.03848627
0.03227798 0.03691397
0.02955962 0.03533392
0.02695732 0.03374717
0.02447174 0.03215471
0.02210349 0.03055745
0.01985316 0.02895625
0.01772129 0.02735187
0.01570842 0.02574502
0.01381504 0.02413631
0.01204162 0.02252631
0.01038859 0.02091549
0.00885637 0.01930425
0.00744534 0.01769293
0.00615583 0.01608179
0.00498817 0.01447106
0.00394265 0.01286085
0.00301952 0.01125128
0.00221902 0.00964237
0.00154133 0.00803411
0.00098664 0.00642647
0.00055506 0.00481935
0.00024672 0.00321266
0.00006168 0.00160625
0.00000000 0.00000000
0.00006168 -0.00086253
0.00024672 -0.00172422
0.00055506 -0.00258422
0.00098664 -0.00344168
0.00154133 -0.00429577
0.00221902 -0.00514566
0.00301952 -0.00599052
0.00394265 -0.00682953
0.00498817 -0.00766189
0.00615583 -0.00848681
0.00744534 -0.00930350
0.00885637 -0.01011120
0.01038859 -0.01090914
0.01204162 -0.01169661
0.01381504 -0.01247288
0.01570842 -0.01323726
0.01772129 -0.01398908
0.01985316 -0.01472768
0.02210349 -0.01545244
0.02447174 -0.01616276
0.02695732 -0.01685808
0.02955962 -0.01753784
0.03227798 -0.01820153
0.03511176 -0.01884868
0.03806023 -0.01947883
0.04112269 -0.02009157
0.04429836 -0.02068652
0.04758647 -0.02126332
0.05098621 -0.02182167
0.05449674 -0.02236129
0.05811718 -0.02288195
0.06184666 -0.02338345
0.06568424 -0.02386563
0.06962899 -0.02432835
0.07367992 -0.02477153
0.07783604 -0.02519513
0.08209632 -0.02559913
0.08645971 -0.02598355
0.09092514 -0.02634846
0.09549150 -0.02669394
0.10015767 -0.02702012
0.10492249 -0.02732716
0.10978480 -0.02761525
0.11474338 -0.02788461
0.11979702 -0.02813549
0.12494447 -0.02836816
0.13018445 -0.02858291
0.13551569 -0.02878006
0.14093685 -0.02895995
0.14644661 -0.02912294
0.15204360 -0.02926938
0.15772645 -0.02939966
0.16349374 -0.02951416
0.16934407 -0.02961330
0.17527598 -0.02969747
0.18128801 -0.02976706
0.18737867 -0.02982250
0.19354647 -0.02986417
0.19978989 -0.02989248
0.20610737 -0.02990781
0.21249737 -0.02991055
0.21895831 -0.02990106
0.22548859 -0.02987970
0.23208660 -0.02984681
0.23875072 -0.02980272
0.24547929 -0.02974773
0.25227067 -0.02968213
0.25912316 -0.02960619
0.26603509 -0.02952017
0.27300475 -0.02942428
0.28003042 -0.02931874
0.28711035 -0.02920374
0.29424282 -0.02907945
0.30142605 -0.02894600
0.30865828 -0.02880353
0.31593772 -0.02865215
0.32326258 -0.02849196
0.33063104 -0.02832302
0.33804129 -0.02814541
0.34549150 -0.02795918
0.35297984 -0.02776436
0.36050445 -0.02756100
0.36806348 -0.02734912
0.37565506 -0.02712874
0.38327732 -0.02689990
0.39092838 -0.02666260
0.39860635 -0.02641689
0.40630934 -0.02616279
0.41403545 -0.02590035
0.42178277 -0.02562962
0.42954938 -0.02535068
0.43733338 -0.02506361
0.44513284 -0.02476850
0.45294584 -0.02446548
0.46077045 -0.02415469
0.46860474 -0.02383631
0.47644677 -0.02351051
0.48429462 -0.02317753
0.49214634 -0.02283760
0.50000000 -0.02249099
0.50785366 -0.02213801
0.51570538 -0.02177898
0.52355323 -0.02141427
0.53139526 -0.02104425
0.53922955 -0.02066934
0.54705416 -0.02028997
0.55486716 -0.01990661
0.56266662 -0.01951974
0.57045062 -0.01912987
0.57821723 -0.01873752
0.58596455 -0.01834323
0.59369066 -0.01794757
0.60139365 -0.01755111
0.60907162 -0.01715441
0.61672268 -0.01675807
0.62434494 -0.01636266
0.63193652 -0.01596879
0.63949555 -0.01557701
0.64702016 -0.01518792
0.65450850 -0.01480206
0.66195871 -0.01442000
0.66936896 -0.01404225
0.67673742 -0.01366933
0.68406228 -0.01330173
0.69134172 -0.01293989
0.69857395 -0.01258425
0.70575718 -0.01223520
0.71288965 -0.01189310
0.71996958 -0.01155827
0.72699525 -0.01123099
0.73396491 -0.01091151
0.74087684 -0.01060001
0.74772933 -0.01029667
0.75452071 -0.01000158
0.76124928 -0.00971481
0.76791340 -0.00943638
0.77451141 -0.00916628
0.78104169 -0.00890444
0.78750263 -0.00865074
0.79389263 -0.00840505
0.80021011 -0.00816716
0.80645353 -0.00793687
0.81262133 -0.00771391
0.81871199 -0.00749799
0.82472402 -0.00728879
0.83065593 -0.00708596
0.83650626 -0.00688914
0.84227355 -0.00669795
0.84795640 -0.00651198
0.85355339 -0.00633081
0.85906315 -0.00615404
0.86448431 -0.00598124
0.86981555 -0.00581199
0.87505553 -0.00564587
0.88020298 -0.00548248
0.88525662 -0.00532143
0.89021520 -0.00516233
0.89507751 -0.00500483
0.89984233 -0.00484861
0.90450850 -0.00469334
0.90907486 -0.00453877
0.91354029 -0.00438464
0.91790368 -0.00423075
0.92216396 -0.00407694
0.92632008 -0.00392305
0.93037101 -0.00376902
0.93431576 -0.00361478
0.93815334 -0.00346033
0.94188282 -0.00330571
0.94550326 -0.00315098
0.94901379 -0.00299628
0.95241353 -0.00284175
0.95570164 -0.00268760
0.95887731 -0.00253407
0.96193977 -0.00238141
0.96488824 -0.00222995
0.96772202 -0.00208001
0.97044038 -0.00193196
0.97304268 -0.00178618
0.97552826 -0.00164309
0.97789651 -0.00150312
0.98014684 -0.00136670
0.98227871 -0.00123428
0.98429158 -0.00110633
0.98618496 -0.00098329
0.98795838 -0.00086564
0.98961141 -0.00075380
0.99114363 -0.00064824
0.99255466 -0.00054936
0.99384417 -0.00045758
0.99501183 -0.00037328
0.99605735 -0.00029683
0.99698048 -0.00022855
0.99778098 -0.00016874
0.99845867 -0.00011766
0.99901336 -0.00007556
0.99944494 -0.00004261
0.99975328 -0.00001897
0.99993832 -0.00000474
1.00000000 0.00000001
