sample_388
1.00000000 0.00000001
0.99993832 0.00001054
0.99975328 0.00004212
0.99944494 0.00009470
0.99901336 0.00016823
0.99845867 0.00026263
0.99778098 0.00037779
0.99698048 0.00051357
0.99605735 0.00066982
0.99501183 0.00084638
0.99384417 0.00104303
0.99255466 0.00125956
0.99114363 0.00149574
0.98961141 0.00175130
0.98795838 0.00202598
0.98618496 0.00231946
0.98429158 0.00263145
0.98227871 0.00296162
0.98014684 0.00330963
0.97789651 0.00367512
0.97552826 0.00405772
0.97304268 0.00445706
0.97044038 0.00487275
0.96772202 0.00530440
0.96488824 0.00575159
0.96193977 0.00621392
0.95887731 0.00669097
0.95570164 0.00718232
0.95241353 0.00768754
0.94901379 0.00820622
0.94550326 0.00873793
0.94188282 0.00928224
0.93815334 0.00983873
0.93431576 0.01040698
0.93037101 0.01098658
0.92632008 0.01157710
0.92216396 0.01217815
0.91790368 0.01278933
0.91354029 0.01341023
0.90907486 0.01404049
0.90450850 0.01467971
0.89984233 0.01532754
0.89507751 0.01598361
0.89021520 0.01664758
0.88525662 0.01731911
0.88020298 0.01799786
0.87505553 0.01868354
0.86981555 0.01937581
0.86448431 0.02007440
0.85906315 0.02077902
0.85355339 0.02148938
0.84795640 0.02220523
0.84227355 0.02292631
0.83650626 0.02365238
0.83065593 0.02438319
0.82472402 0.02511852
0.81871199 0.02585814
0.81262133 0.02660185
0.80645353 0.02734942
0.80021011 0.02810067
0.79389263 0.02885539
0.78750263 0.02961338
0.78104169 0.03037446
0.77451141 0.03113843
0.76791340 0.03190511
0.76124928 0.03267429
0.75452071 0.03344580
0.74772933 0.03421944
0.74087684 0.03499501
0.73396491 0.03577231
0.72699525 0.03655113
0.71996958 0.03733127
0.71288965 0.03811250
0.70575718 0.03889459
0.69857395 0.03967731
0.69134172 0.04046041
0.68406228 0.04124363
0.67673742 0.04202670
0.66936896 0.04280935
0.66195871 0.04359128
0.65450850 0.04437217
0.64702016 0.04515173
0.63949555 0.04592959
0.63193652 0.04670543
0.62434494 0.04747887
0.61672268 0.04824954
0.60907162 0.04901704
0.60139365 0.04978097
0.59369066 0.05054089
0.58596455 0.05129637
0.57821723 0.05204697
0.57045062 0.05279220
0.56266662 0.05353158
0.55486716 0.05426463
0.54705416 0.05499083
0.53922955 0.05570966
0.53139526 0.05642059
0.52355323 0.05712306
0.51570538 0.05781653
0.50785366 0.05850042
0.50000000 0.05917416
0.49214634 0.05983716
0.48429462 0.06048883
0.47644677 0.06112857
0.46860474 0.06175577
0.46077045 0.06236983
0.45294584 0.06297012
0.44513284 0.06355603
0.43733338 0.06412692
0.42954938 0.06468219
0.42178277 0.06522120
0.41403545 0.06574333
0.40630934 0.06624796
0.39860635 0.06673445
0.39092838 0.06720220
0.38327732 0.06765058
0.37565506 0.06807898
0.36806348 0.06848679
0.36050445 0.06887341
0.35297984 0.06923825
0.34549150 0.06958070
0.33804129 0.06990018
0.33063104 0.07019612
0.32326258 0.07046796
0.31593772 0.07071512
0.30865828 0.07093706
0.30142605 0.07113324
0.29424282 0.07130313
0.28711035 0.07144621
0.28003042 0.07156196
0.27300475 0.07164989
0.26603509 0.07170951
0.25912316 0.07174034
0.25227067 0.07174193
0.24547929 0.07171381
0.23875072 0.07165556
0.23208660 0.07156674
0.22548859 0.07144696
0.21895831 0.07129580
0.21249737 0.07111289
0.20610737 0.07089787
0.19978989 0.07065037
0.19354647 0.07037007
0.18737867 0.07005664
0.18128801 0.06970979
0.17527598 0.06932924
0.16934407 0.06891471
0.16349374 0.06846596
0.15772645 0.06798277
0.15204360 0.06746493
0.14644661 0.06691227
0.14093685 0.06632461
0.13551569 0.06570184
0.13018445 0.06504382
0.12494447 0.06435048
0.11979702 0.06362177
0.11474338 0.06285764
0.10978480 0.06205809
0.10492249 0.06122315
0.10015767 0.06035289
0.09549150 0.05944737
0.09092514 0.05850674
0.08645971 0.05753114
0.08209632 0.05652076
0.07783604 0.05547584
0.07367992 0.05439663
0.06962899 0.05328343
0.06568424 0.05213659
0.06184666 0.05095647
0.05811718 0.04974351
0.05449674 0.04849815
0.05098621 0.04722090
0.04758647 0.04591230
0.04429836 0.04457292
0.04112269 0.04320340
0.03806023 0.04180441
0.03511176 0.04037664
0.03227798 0.03892085
0.02955962 0.03743784
0.02695732 0.03592844
0.02447174 0.03439352
0.02210349 0.03283400
0.01985316 0.03125083
0.01772129 0.02964500
0.01570842 0.02801755
0.01381504 0.02636954
0.01204162 0.02470208
0.01038859 0.02301629
0.00885637 0.02131335
0.00744534 0.01959446
0.00615583 0.01786083
0.00498817 0.01611372
0.00394265 0.01435441
0.00301952 0.01258419
0.00221902 0.01080439
0.00154133 0.00901633
0.00098664 0.00722138
0.00055506 0.00542089
0.00024672 0.00361624
0.00006168 0.00180882
0.00000000 0.00000000
0.00006168 -0.00055600
0.00024672 -0.00111135
0.00055506 -0.00166539
0.00098664 -0.00221748
0.00154133 -0.00276696
0.00221902 -0.00331318
0.00301952 -0.00385548
0.00394265 -0.00439319
0.00498817 -0.00492566
0.00615583 -0.00545222
0.00744534 -0.00597221
0.00885637 -0.00648496
0.01038859 -0.00698979
0.01204162 -0.00748604
0.01381504 -0.00797302
0.01570842 -0.00845008
0.01772129 -0.00891653
0.01985316 -0.00937171
0.02210349 -0.00981496
0.02447174 -0.01024560
0.02695732 -0.01066299
0.02955962 -0.01106648
0.03227798 -0.01145543
0.03511176 -0.01182922
0.03806023 -0.01218723
0.04112269 -0.01252888
0.04429836 -0.01285359
0.04758647 -0.01316079
0.05098621 -0.01344997
0.05449674 -0.01372061
0.05811718 -0.01397224
0.06184666 -0.01420441
0.06568424 -0.01441671
0.06962899 -0.01460877
0.07367992 -0.01478024
0.07783604 -0.01493083
0.08209632 -0.01506029
0.08645971 -0.01516842
0.09092514 -0.01525504
0.09549150 -0.01532006
0.10015767 -0.01536342
0.10492249 -0.01538511
0.10978480 -0.01538518
0.11474338 -0.01536375
0.11979702 -0.01532096
0.12494447 -0.01525706
0.13018445 -0.01517231
0.13551569 -0.01506705
0.14093685 -0.01494169
0.14644661 -0.01479668
0.15204360 -0.01463252
0.15772645 -0.01444980
0.16349374 -0.01424913
0.16934407 -0.01403120
0.17527598 -0.01379674
0.18128801 -0.01354653
0.18737867 -0.01328140
0.19354647 -0.01300223
0.19978989 -0.01270994
0.20610737 -0.01240549
0.21249737 -0.01208988
0.21895831 -0.01176413
0.22548859 -0.01142931
0.23208660 -0.01108650
0.23875072 -0.01073680
0.24547929 -0.01038134
0.25227067 -0.01002126
0.25912316 -0.00965769
0.26603509 -0.00929181
0.27300475 -0.00892474
0.28003042 -0.00855764
0.28711035 -0.00819165
0.29424282 -0.00782788
0.30142605 -0.00746745
0.30865828 -0.00711143
0.31593772 -0.00676088
0.32326258 -0.00641683
0.33063104 -0.00608026
0.33804129 -0.00575213
0.34549150 -0.00543335
0.35297984 -0.00512478
0.36050445 -0.00482723
0.36806348 -0.00454148
0.37565506 -0.00426821
0.38327732 -0.00400810
0.39092838 -0.00376172
0.39860635 -0.00352960
0.40630934 -0.00331223
0.41403545 -0.00310998
0.42178277 -0.00292322
0.42954938 -0.00275219
0.43733338 -0.00259712
0.44513284 -0.00245813
0.45294584 -0.00233531
0.46077045 -0.00222864
0.46860474 -0.00213809
0.47644677 -0.00206352
0.48429462 -0.00200474
0.49214634 -0.00196152
0.50000000 -0.00193355
0.50785366 -0.00192046
0.51570538 -0.00192184
0.52355323 -0.00193722
0.53139526 -0.00196609
0.53922955 -0.00200789
0.54705416 -0.00206200
0.55486716 -0.00212778
0.56266662 -0.00220456
0.57045062 -0.00229162
0.57821723 -0.00238822
0.58596455 -0.00249359
0.59369066 -0.00260695
0.60139365 -0.00272748
0.60907162 -0.00285437
0.61672268 -0.00298679
0.62434494 -0.00312391
0.63193652 -0.00326488
0.63949555 -0.00340886
0.64702016 -0.00355503
0.65450850 -0.00370256
0.66195871 -0.00385063
0.66936896 -0.00399844
0.67673742 -0.00414522
0.68406228 -0.00429020
0.69134172 -0.00443264
0.69857395 -0.00457183
0.70575718 -0.00470708
0.71288965 -0.00483775
0.71996958 -0.00496321
0.72699525 -0.00508287
0.73396491 -0.00519618
0.74087684 -0.00530264
0.74772933 -0.00540176
0.75452071 -0.00549310
0.76124928 -0.00557629
0.76791340 -0.00565095
0.77451141 -0.00571679
0.78104169 -0.00577353
0.78750263 -0.00582095
0.79389263 -0.00585886
0.80021011 -0.00588711
0.80645353 -0.00590562
0.81262133 -0.00591431
0.81871199 -0.00591318
0.82472402 -0.00590222
0.83065593 -0.00588152
0.83650626 -0.00585115
0.84227355 -0.00581125
0.84795640 -0.00576199
0.85355339 -0.00570357
0.85906315 -0.00563621
0.86448431 -0.00556017
0.86981555 -0.00547576
0.87505553 -0.00538327
0.88020298 -0.00528306
0.88525662 -0.00517550
0.89021520 -0.00506095
0.89507751 -0.00493984
0.89984233 -0.00481259
0.90450850 -0.00467964
0.90907486 -0.00454144
0.91354029 -0.00439847
0.91790368 -0.00425119
0.92216396 -0.00410010
0.92632008 -0.00394569
0.93037101 -0.00378846
0.93431576 -0.00362892
0.93815334 -0.00346757
0.94188282 -0.00330492
0.94550326 -0.00314146
0.94901379 -0.00297772
0.95241353 -0.00281418
0.95570164 -0.00265135
0.95887731 -0.00248970
0.96193977 -0.00232972
0.96488824 -0.00217187
0.96772202 -0.00201663
0.97044038 -0.00186444
0.97304268 -0.00171573
0.97552826 -0.00157093
0.97789651 -0.00143045
0.98014684 -0.00129469
0.98227871 -0.00116402
0.98429158 -0.00103881
0.98618496 -0.00091939
0.98795838 -0.00080611
0.98961141 -0.00069926
0.99114363 -0.00059914
0.99255466 -0.00050602
0.99384417 -0.00042014
0.99501183 -0.00034174
0.99605735 -0.00027103
0.99698048 -0.00020819
0.99778098 -0.00015339
0.99845867 -0.00010677
0.99901336 -0.00006846
0.99944494 -0.00003856
0.99975328 -0.00001715
0.99993832 -0.00000428
1.00000000 0.00000001
