sample_548
1.00000000 0.00000001
0.99993832 0.00000808
0.99975328 0.00003229
0.99944494 0.00007270
0.99901336 0.00012940
0.99845867 0.00020252
0.99778098 0.00029221
0.99698048 0.00039865
0.99605735 0.00052207
0.99501183 0.00066273
0.99384417 0.00082088
0.99255466 0.00099684
0.99114363 0.00119092
0.98961141 0.00140347
0.98795838 0.00163485
0.98618496 0.00188541
0.98429158 0.00215555
0.98227871 0.00244564
0.98014684 0.00275609
0.97789651 0.00308728
0.97552826 0.00343960
0.97304268 0.00381343
0.97044038 0.00420913
0.96772202 0.00462708
0.96488824 0.00506760
0.96193977 0.00553102
0.95887731 0.00601764
0.95570164 0.00652773
0.95241353 0.00706153
0.94901379 0.00761925
0.94550326 0.00820108
0.94188282 0.00880715
0.93815334 0.00943757
0.93431576 0.01009241
0.93037101 0.01077168
0.92632008 0.01147538
0.92216396 0.01220343
0.91790368 0.01295573
0.91354029 0.01373213
0.90907486 0.01453242
0.90450850 0.01535636
0.89984233 0.01620366
0.89507751 0.01707398
0.89021520 0.01796694
0.88525662 0.01888211
0.88020298 0.01981901
0.87505553 0.02077713
0.86981555 0.02175591
0.86448431 0.02275474
0.85906315 0.02377298
0.85355339 0.02480996
0.84795640 0.02586495
0.84227355 0.02693719
0.83650626 0.02802590
0.83065593 0.02913025
0.82472402 0.03024939
0.81871199 0.03138242
0.81262133 0.03252844
0.80645353 0.03368650
0.80021011 0.03485562
0.79389263 0.03603483
0.78750263 0.03722309
0.78104169 0.03841938
0.77451141 0.03962262
0.76791340 0.04083174
0.76124928 0.04204563
0.75452071 0.04326319
0.74772933 0.04448328
0.74087684 0.04570474
0.73396491 0.04692641
0.72699525 0.04814711
0.71996958 0.04936564
0.71288965 0.05058080
0.70575718 0.05179136
0.69857395 0.05299610
0.69134172 0.05419377
0.68406228 0.05538311
0.67673742 0.05656287
0.66936896 0.05773176
0.66195871 0.05888850
0.65450850 0.06003181
0.64702016 0.06116038
0.63949555 0.06227292
0.63193652 0.06336811
0.62434494 0.06444465
0.61672268 0.06550122
0.60907162 0.06653651
0.60139365 0.06754921
0.59369066 0.06853801
0.58596455 0.06950161
0.57821723 0.07043870
0.57045062 0.07134800
0.56266662 0.07222824
0.55486716 0.07307815
0.54705416 0.07389650
0.53922955 0.07468205
0.53139526 0.07543361
0.52355323 0.07615000
0.51570538 0.07683008
0.50785366 0.07747275
0.50000000 0.07807692
0.49214634 0.07864156
0.48429462 0.07916568
0.47644677 0.07964834
0.46860474 0.08008865
0.46077045 0.08048577
0.45294584 0.08083891
0.44513284 0.08114736
0.43733338 0.08141047
0.42954938 0.08162765
0.42178277 0.08179838
0.41403545 0.08192223
0.40630934 0.08199883
0.39860635 0.08202788
0.39092838 0.08200920
0.38327732 0.08194265
0.37565506 0.08182820
0.36806348 0.08166590
0.36050445 0.08145589
0.35297984 0.08119838
0.34549150 0.08089370
0.33804129 0.08054223
0.33063104 0.08014448
0.32326258 0.07970100
0.31593772 0.07921248
0.30865828 0.07867964
0.30142605 0.07810332
0.29424282 0.07748443
0.28711035 0.07682395
0.28003042 0.07612294
0.27300475 0.07538253
0.26603509 0.07460392
0.25912316 0.07378837
0.25227067 0.07293721
0.24547929 0.07205181
0.23875072 0.07113360
0.23208660 0.07018405
0.22548859 0.06920467
0.21895831 0.06819702
0.21249737 0.06716266
0.20610737 0.06610321
0.19978989 0.06502028
0.19354647 0.06391550
0.18737867 0.06279052
0.18128801 0.06164697
0.17527598 0.06048650
0.16934407 0.05931073
0.16349374 0.05812128
0.15772645 0.05691973
0.15204360 0.05570767
0.14644661 0.05448663
0.14093685 0.05325812
0.13551569 0.05202359
0.13018445 0.05078449
0.12494447 0.04954218
0.11979702 0.04829798
0.11474338 0.04705318
0.10978480 0.04580899
0.10492249 0.04456657
0.10015767 0.04332701
0.09549150 0.04209135
0.09092514 0.04086056
0.08645971 0.03963553
0.08209632 0.03841710
0.07783604 0.03720604
0.07367992 0.03600304
0.06962899 0.03480874
0.06568424 0.03362369
0.06184666 0.03244839
0.05811718 0.03128326
0.05449674 0.03012867
0.05098621 0.02898491
0.04758647 0.02785221
0.04429836 0.02673075
0.04112269 0.02562063
0.03806023 0.02452190
0.03511176 0.02343458
0.03227798 0.02235859
0.02955962 0.02129382
0.02695732 0.02024014
0.02447174 0.01919732
0.02210349 0.01816512
0.01985316 0.01714325
0.01772129 0.01613139
0.01570842 0.01512916
0.01381504 0.01413618
0.01204162 0.01315200
0.01038859 0.01217616
0.00885637 0.01120818
0.00744534 0.01024754
0.00615583 0.00929372
0.00498817 0.00834614
0.00394265 0.00740424
0.00301952 0.00646743
0.00221902 0.00553510
0.00154133 0.00460663
0.00098664 0.00368140
0.00055506 0.00275877
0.00024672 0.00183809
0.00006168 0.00091872
0.00000000 0.00000000
0.00006168 -0.00097563
0.00024672 -0.00194911
0.00055506 -0.00291830
0.00098664 -0.00388108
0.00154133 -0.00483534
0.00221902 -0.00577899
0.00301952 -0.00670999
0.00394265 -0.00762633
0.00498817 -0.00852604
0.00615583 -0.00940720
0.00744534 -0.01026796
0.00885637 -0.01110652
0.01038859 -0.01192116
0.01204162 -0.01271022
0.01381504 -0.01347212
0.01570842 -0.01420536
0.01772129 -0.01490855
0.01985316 -0.01558036
0.02210349 -0.01621958
0.02447174 -0.01682508
0.02695732 -0.01739584
0.02955962 -0.01793094
0.03227798 -0.01842957
0.03511176 -0.01889105
0.03806023 -0.01931476
0.04112269 -0.01970025
0.04429836 -0.02004714
0.04758647 -0.02035518
0.05098621 -0.02062424
0.05449674 -0.02085429
0.05811718 -0.02104542
0.06184666 -0.02119784
0.06568424 -0.02131184
0.06962899 -0.02138784
0.07367992 -0.02142637
0.07783604 -0.02142806
0.08209632 -0.02139362
0.08645971 -0.02132388
0.09092514 -0.02121975
0.09549150 -0.02108223
0.10015767 -0.02091240
0.10492249 -0.02071142
0.10978480 -0.02048053
0.11474338 -0.02022103
0.11979702 -0.01993428
0.12494447 -0.01962170
0.13018445 -0.01928477
0.13551569 -0.01892499
0.14093685 -0.01854392
0.14644661 -0.01814314
0.15204360 -0.01772425
0.15772645 -0.01728889
0.16349374 -0.01683869
0.16934407 -0.01637529
0.17527598 -0.01590033
0.18128801 -0.01541544
0.18737867 -0.01492223
0.19354647 -0.01442232
0.19978989 -0.01391726
0.20610737 -0.01340859
0.21249737 -0.01289782
0.21895831 -0.01238641
0.22548859 -0.01187575
0.23208660 -0.01136722
0.23875072 -0.01086211
0.24547929 -0.01036166
0.25227067 -0.00986706
0.25912316 -0.00937940
0.26603509 -0.00889973
0.27300475 -0.00842901
0.28003042 -0.00796814
0.28711035 -0.00751793
0.29424282 -0.00707913
0.30142605 -0.00665239
0.30865828 -0.00623830
0.31593772 -0.00583736
0.32326258 -0.00545001
0.33063104 -0.00507660
0.33804129 -0.00471741
0.34549150 -0.00437265
0.35297984 -0.00404245
0.36050445 -0.00372688
0.36806348 -0.00342594
0.37565506 -0.00313958
0.38327732 -0.00286768
0.39092838 -0.00261006
0.39860635 -0.00236650
0.40630934 -0.00213672
0.41403545 -0.00192042
0.42178277 -0.00171722
0.42954938 -0.00152676
0.43733338 -0.00134859
0.44513284 -0.00118228
0.45294584 -0.00102736
0.46077045 -0.00088333
0.46860474 -0.00074971
0.47644677 -0.00062597
0.48429462 -0.00051161
0.49214634 -0.00040610
0.50000000 -0.00030894
0.50785366 -0.00021960
0.51570538 -0.00013761
0.52355323 -0.00006246
0.53139526 0.00000632
0.53922955 0.00006918
0.54705416 0.00012657
0.55486716 0.00017888
0.56266662 0.00022653
0.57045062 0.00026987
0.57821723 0.00030925
0.58596455 0.00034499
0.59369066 0.00037738
0.60139365 0.00040668
0.60907162 0.00043312
0.61672268 0.00045693
0.62434494 0.00047828
0.63193652 0.00049735
0.63949555 0.00051425
0.64702016 0.00052912
0.65450850 0.00054204
0.66195871 0.00055310
0.66936896 0.00056235
0.67673742 0.00056982
0.68406228 0.00057556
0.69134172 0.00057958
0.69857395 0.00058189
0.70575718 0.00058248
0.71288965 0.00058136
0.71996958 0.00057852
0.72699525 0.00057394
0.73396491 0.00056761
0.74087684 0.00055954
0.74772933 0.00054972
0.75452071 0.00053815
0.76124928 0.00052484
0.76791340 0.00050981
0.77451141 0.00049309
0.78104169 0.00047473
0.78750263 0.00045476
0.79389263 0.00043324
0.80021011 0.00041027
0.80645353 0.00038591
0.81262133 0.00036027
0.81871199 0.00033345
0.82472402 0.00030559
0.83065593 0.00027680
0.83650626 0.00024723
0.84227355 0.00021704
0.84795640 0.00018637
0.85355339 0.00015541
0.85906315 0.00012431
0.86448431 0.00009326
0.86981555 0.00006242
0.87505553 0.00003199
0.88020298 0.00000214
0.88525662 -0.00002696
0.89021520 -0.00005514
0.89507751 -0.00008222
0.89984233 -0.00010806
0.90450850 -0.00013250
0.90907486 -0.00015540
0.91354029 -0.00017663
0.91790368 -0.00019609
0.92216396 -0.00021366
0.92632008 -0.00022928
0.93037101 -0.00024286
0.93431576 -0.00025436
0.93815334 -0.00026374
0.94188282 -0.00027099
0.94550326 -0.00027611
0.94901379 -0.00027912
0.95241353 -0.00028006
0.95570164 -0.00027899
0.95887731 -0.00027598
0.96193977 -0.00027112
0.96488824 -0.00026453
0.96772202 -0.00025631
0.97044038 -0.00024661
0.97304268 -0.00023557
0.97552826 -0.00022336
0.97789651 -0.00021013
0.98014684 -0.00019608
0.98227871 -0.00018137
0.98429158 -0.00016619
0.98618496 -0.00015073
0.98795838 -0.00013519
0.98961141 -0.00011975
0.99114363 -0.00010459
0.99255466 -0.00008989
0.99384417 -0.00007582
0.99501183 -0.00006255
0.99605735 -0.00005024
0.99698048 -0.00003902
0.99778098 -0.00002902
0.99845867 -0.00002036
0.99901336 -0.00001314
0.99944494 -0.00000743
0.99975328 -0.00000331
0.99993832 -0.00000082
1.00000000 0.00000001
