sample_368
1.00000000 0.00000001
0.99993832 0.00001358
0.99975328 0.00005426
0.99944494 0.00012198
0.99901336 0.00021665
0.99845867 0.00033810
0.99778098 0.00048616
0.99698048 0.00066059
0.99605735 0.00086111
0.99501183 0.00108744
0.99384417 0.00133921
0.99255466 0.00161605
0.99114363 0.00191756
0.98961141 0.00224328
0.98795838 0.00259275
0.98618496 0.00296547
0.98429158 0.00336092
0.98227871 0.00377855
0.98014684 0.00421781
0.97789651 0.00467811
0.97552826 0.00515886
0.97304268 0.00565947
0.97044038 0.00617931
0.96772202 0.00671778
0.96488824 0.00727425
0.96193977 0.00784812
0.95887731 0.00843877
0.95570164 0.00904559
0.95241353 0.00966798
0.94901379 0.01030536
0.94550326 0.01095715
0.94188282 0.01162281
0.93815334 0.01230179
0.93431576 0.01299357
0.93037101 0.01369766
0.92632008 0.01441360
0.92216396 0.01514093
0.91790368 0.01587924
0.91354029 0.01662814
0.90907486 0.01738726
0.90450850 0.01815627
0.89984233 0.01893487
0.89507751 0.01972278
0.89021520 0.02051976
0.88525662 0.02132557
0.88020298 0.02214004
0.87505553 0.02296298
0.86981555 0.02379427
0.86448431 0.02463377
0.85906315 0.02548139
0.85355339 0.02633703
0.84795640 0.02720064
0.84227355 0.02807214
0.83650626 0.02895150
0.83065593 0.02983867
0.82472402 0.03073361
0.81871199 0.03163628
0.81262133 0.03254662
0.80645353 0.03346459
0.80021011 0.03439010
0.79389263 0.03532306
0.78750263 0.03626338
0.78104169 0.03721090
0.77451141 0.03816547
0.76791340 0.03912688
0.76124928 0.04009489
0.75452071 0.04106921
0.74772933 0.04204953
0.74087684 0.04303547
0.73396491 0.04402658
0.72699525 0.04502240
0.71996958 0.04602236
0.71288965 0.04702588
0.70575718 0.04803228
0.69857395 0.04904083
0.69134172 0.05005073
0.68406228 0.05106112
0.67673742 0.05207106
0.66936896 0.05307955
0.66195871 0.05408553
0.65450850 0.05508787
0.64702016 0.05608535
0.63949555 0.05707674
0.63193652 0.05806069
0.62434494 0.05903584
0.61672268 0.06000076
0.60907162 0.06095395
0.60139365 0.06189390
0.59369066 0.06281902
0.58596455 0.06372772
0.57821723 0.06461836
0.57045062 0.06548927
0.56266662 0.06633878
0.55486716 0.06716519
0.54705416 0.06796681
0.53922955 0.06874193
0.53139526 0.06948888
0.52355323 0.07020598
0.51570538 0.07089159
0.50785366 0.07154409
0.50000000 0.07216191
0.49214634 0.07274352
0.48429462 0.07328744
0.47644677 0.07379226
0.46860474 0.07425663
0.46077045 0.07467928
0.45294584 0.07505903
0.44513284 0.07539477
0.43733338 0.07568549
0.42954938 0.07593029
0.42178277 0.07612837
0.41403545 0.07627902
0.40630934 0.07638166
0.39860635 0.07643583
0.39092838 0.07644118
0.38327732 0.07639748
0.37565506 0.07630463
0.36806348 0.07616265
0.36050445 0.07597168
0.35297984 0.07573198
0.34549150 0.07544395
0.33804129 0.07510811
0.33063104 0.07472507
0.32326258 0.07429560
0.31593772 0.07382054
0.30865828 0.07330087
0.30142605 0.07273765
0.29424282 0.07213207
0.28711035 0.07148539
0.28003042 0.07079896
0.27300475 0.07007421
0.26603509 0.06931265
0.25912316 0.06851586
0.25227067 0.06768546
0.24547929 0.06682315
0.23875072 0.06593065
0.23208660 0.06500973
0.22548859 0.06406218
0.21895831 0.06308980
0.21249737 0.06209442
0.20610737 0.06107788
0.19978989 0.06004197
0.19354647 0.05898852
0.18737867 0.05791930
0.18128801 0.05683609
0.17527598 0.05574059
0.16934407 0.05463450
0.16349374 0.05351946
0.15772645 0.05239704
0.15204360 0.05126876
0.14644661 0.05013610
0.14093685 0.04900044
0.13551569 0.04786311
0.13018445 0.04672536
0.12494447 0.04558834
0.11979702 0.04445316
0.11474338 0.04332082
0.10978480 0.04219225
0.10492249 0.04106828
0.10015767 0.03994969
0.09549150 0.03883715
0.09092514 0.03773126
0.08645971 0.03663253
0.08209632 0.03554140
0.07783604 0.03445824
0.07367992 0.03338333
0.06962899 0.03231689
0.06568424 0.03125909
0.06184666 0.03021000
0.05811718 0.02916966
0.05449674 0.02813806
0.05098621 0.02711510
0.04758647 0.02610068
0.04429836 0.02509463
0.04112269 0.02409676
0.03806023 0.02310682
0.03511176 0.02212456
0.03227798 0.02114969
0.02955962 0.02018190
0.02695732 0.01922088
0.02447174 0.01826627
0.02210349 0.01731774
0.01985316 0.01637494
0.01772129 0.01543750
0.01570842 0.01450507
0.01381504 0.01357731
0.01204162 0.01265384
0.01038859 0.01173434
0.00885637 0.01081847
0.00744534 0.00990589
0.00615583 0.00899629
0.00498817 0.00808934
0.00394265 0.00718477
0.00301952 0.00628226
0.00221902 0.00538154
0.00154133 0.00448234
0.00098664 0.00358439
0.00055506 0.00268744
0.00024672 0.00179122
0.00006168 0.00089549
0.00000000 0.00000000
0.00006168 -0.00025986
0.00024672 -0.00052072
0.00055506 -0.00078358
0.00098664 -0.00104943
0.00154133 -0.00131923
0.00221902 -0.00159392
0.00301952 -0.00187441
0.00394265 -0.00216156
0.00498817 -0.00245619
0.00615583 -0.00275909
0.00744534 -0.00307096
0.00885637 -0.00339247
0.01038859 -0.00372421
0.01204162 -0.00406671
0.01381504 -0.00442043
0.01570842 -0.00478573
0.01772129 -0.00516292
0.01985316 -0.00555223
0.02210349 -0.00595378
0.02447174 -0.00636763
0.02695732 -0.00679375
0.02955962 -0.00723203
0.03227798 -0.00768226
0.03511176 -0.00814417
0.03806023 -0.00861738
0.04112269 -0.00910144
0.04429836 -0.00959584
0.04758647 -0.01009997
0.05098621 -0.01061315
0.05449674 -0.01113464
0.05811718 -0.01166363
0.06184666 -0.01219924
0.06568424 -0.01274056
0.06962899 -0.01328659
0.07367992 -0.01383631
0.07783604 -0.01438865
0.08209632 -0.01494252
0.08645971 -0.01549677
0.09092514 -0.01605026
0.09549150 -0.01660180
0.10015767 -0.01715021
0.10492249 -0.01769430
0.10978480 -0.01823288
0.11474338 -0.01876477
0.11979702 -0.01928880
0.12494447 -0.01980382
0.13018445 -0.02030869
0.13551569 -0.02080233
0.14093685 -0.02128368
0.14644661 -0.02175170
0.15204360 -0.02220543
0.15772645 -0.02264394
0.16349374 -0.02306636
0.16934407 -0.02347187
0.17527598 -0.02385972
0.18128801 -0.02422921
0.18737867 -0.02457971
0.19354647 -0.02491068
0.19978989 -0.02522163
0.20610737 -0.02551212
0.21249737 -0.02578183
0.21895831 -0.02603048
0.22548859 -0.02625787
0.23208660 -0.02646386
0.23875072 -0.02664841
0.24547929 -0.02681151
0.25227067 -0.02695326
0.25912316 -0.02707379
0.26603509 -0.02717331
0.27300475 -0.02725210
0.28003042 -0.02731047
0.28711035 -0.02734881
0.29424282 -0.02736756
0.30142605 -0.02736718
0.30865828 -0.02734821
0.31593772 -0.02731119
0.32326258 -0.02725674
0.33063104 -0.02718547
0.33804129 -0.02709803
0.34549150 -0.02699510
0.35297984 -0.02687737
0.36050445 -0.02674555
0.36806348 -0.02660033
0.37565506 -0.02644245
0.38327732 -0.02627260
0.39092838 -0.02609151
0.39860635 -0.02589988
0.40630934 -0.02569838
0.41403545 -0.02548771
0.42178277 -0.02526851
0.42954938 -0.02504142
0.43733338 -0.02480706
0.44513284 -0.02456599
0.45294584 -0.02431878
0.46077045 -0.02406596
0.46860474 -0.02380800
0.47644677 -0.02354538
0.48429462 -0.02327850
0.49214634 -0.02300777
0.50000000 -0.02273353
0.50785366 -0.02245611
0.51570538 -0.02217577
0.52355323 -0.02189278
0.53139526 -0.02160735
0.53922955 -0.02131965
0.54705416 -0.02102985
0.55486716 -0.02073806
0.56266662 -0.02044438
0.57045062 -0.02014888
0.57821723 -0.01985160
0.58596455 -0.01955258
0.59369066 -0.01925181
0.60139365 -0.01894930
0.60907162 -0.01864502
0.61672268 -0.01833894
0.62434494 -0.01803102
0.63193652 -0.01772122
0.63949555 -0.01740950
0.64702016 -0.01709581
0.65450850 -0.01678010
0.66195871 -0.01646236
0.66936896 -0.01614255
0.67673742 -0.01582065
0.68406228 -0.01549666
0.69134172 -0.01517061
0.69857395 -0.01484250
0.70575718 -0.01451240
0.71288965 -0.01418036
0.71996958 -0.01384649
0.72699525 -0.01351088
0.73396491 -0.01317366
0.74087684 -0.01283500
0.74772933 -0.01249507
0.75452071 -0.01215408
0.76124928 -0.01181224
0.76791340 -0.01146980
0.77451141 -0.01112703
0.78104169 -0.01078422
0.78750263 -0.01044168
0.79389263 -0.01009973
0.80021011 -0.00975872
0.80645353 -0.00941900
0.81262133 -0.00908095
0.81871199 -0.00874494
0.82472402 -0.00841138
0.83065593 -0.00808065
0.83650626 -0.00775316
0.84227355 -0.00742931
0.84795640 -0.00710951
0.85355339 -0.00679416
0.85906315 -0.00648364
0.86448431 -0.00617835
0.86981555 -0.00587867
0.87505553 -0.00558495
0.88020298 -0.00529755
0.88525662 -0.00501680
0.89021520 -0.00474301
0.89507751 -0.00447648
0.89984233 -0.00421746
0.90450850 -0.00396621
0.90907486 -0.00372295
0.91354029 -0.00348786
0.91790368 -0.00326111
0.92216396 -0.00304284
0.92632008 -0.00283315
0.93037101 -0.00263211
0.93431576 -0.00243978
0.93815334 -0.00225616
0.94188282 -0.00208126
0.94550326 -0.00191501
0.94901379 -0.00175736
0.95241353 -0.00160821
0.95570164 -0.00146743
0.95887731 -0.00133487
0.96193977 -0.00121037
0.96488824 -0.00109373
0.96772202 -0.00098475
0.97044038 -0.00088318
0.97304268 -0.00078880
0.97552826 -0.00070133
0.97789651 -0.00062052
0.98014684 -0.00054610
0.98227871 -0.00047777
0.98429158 -0.00041525
0.98618496 -0.00035827
0.98795838 -0.00030654
0.98961141 -0.00025977
0.99114363 -0.00021771
0.99255466 -0.00018009
0.99384417 -0.00014666
0.99501183 -0.00011717
0.99605735 -0.00009143
0.99698048 -0.00006921
0.99778098 -0.00005034
0.99845867 -0.00003466
0.99901336 -0.00002202
0.99944494 -0.00001231
0.99975328 -0.00000544
0.99993832 -0.00000135
1.00000000 0.00000001
