sample_427
1.00000000 0.00000001
0.99993832 0.00001048
0.99975328 0.00004187
0.99944494 0.00009414
0.99901336 0.00016720
0.99845867 0.00026097
0.99778098 0.00037530
0.99698048 0.00051004
0.99605735 0.00066500
0.99501183 0.00083997
0.99384417 0.00103473
0.99255466 0.00124903
0.99114363 0.00148261
0.98961141 0.00173517
0.98795838 0.00200644
0.98618496 0.00229610
0.98429158 0.00260384
0.98227871 0.00292936
0.98014684 0.00327234
0.97789651 0.00363247
0.97552826 0.00400943
0.97304268 0.00440293
0.97044038 0.00481267
0.96772202 0.00523837
0.96488824 0.00567977
0.96193977 0.00613661
0.95887731 0.00660867
0.95570164 0.00709572
0.95241353 0.00759759
0.94901379 0.00811410
0.94550326 0.00864511
0.94188282 0.00919049
0.93815334 0.00975015
0.93431576 0.01032401
0.93037101 0.01091203
0.92632008 0.01151418
0.92216396 0.01213045
0.91790368 0.01276087
0.91354029 0.01340546
0.90907486 0.01406429
0.90450850 0.01473742
0.89984233 0.01542493
0.89507751 0.01612692
0.89021520 0.01684349
0.88525662 0.01757473
0.88020298 0.01832076
0.87505553 0.01908167
0.86981555 0.01985757
0.86448431 0.02064854
0.85906315 0.02145465
0.85355339 0.02227597
0.84795640 0.02311252
0.84227355 0.02396433
0.83650626 0.02483137
0.83065593 0.02571359
0.82472402 0.02661092
0.81871199 0.02752322
0.81262133 0.02845034
0.80645353 0.02939208
0.80021011 0.03034817
0.79389263 0.03131830
0.78750263 0.03230214
0.78104169 0.03329925
0.77451141 0.03430918
0.76791340 0.03533141
0.76124928 0.03636536
0.75452071 0.03741038
0.74772933 0.03846579
0.74087684 0.03953083
0.73396491 0.04060468
0.72699525 0.04168648
0.71996958 0.04277531
0.71288965 0.04387019
0.70575718 0.04497009
0.69857395 0.04607392
0.69134172 0.04718057
0.68406228 0.04828885
0.67673742 0.04939757
0.66936896 0.05050546
0.66195871 0.05161124
0.65450850 0.05271360
0.64702016 0.05381119
0.63949555 0.05490265
0.63193652 0.05598660
0.62434494 0.05706162
0.61672268 0.05812633
0.60907162 0.05917930
0.60139365 0.06021913
0.59369066 0.06124440
0.58596455 0.06225371
0.57821723 0.06324567
0.57045062 0.06421892
0.56266662 0.06517209
0.55486716 0.06610387
0.54705416 0.06701296
0.53922955 0.06789808
0.53139526 0.06875803
0.52355323 0.06959160
0.51570538 0.07039764
0.50785366 0.07117506
0.50000000 0.07192281
0.49214634 0.07263987
0.48429462 0.07332530
0.47644677 0.07397819
0.46860474 0.07459770
0.46077045 0.07518305
0.45294584 0.07573351
0.44513284 0.07624840
0.43733338 0.07672711
0.42954938 0.07716909
0.42178277 0.07757384
0.41403545 0.07794093
0.40630934 0.07826997
0.39860635 0.07856064
0.39092838 0.07881269
0.38327732 0.07902589
0.37565506 0.07920009
0.36806348 0.07933519
0.36050445 0.07943115
0.35297984 0.07948795
0.34549150 0.07950564
0.33804129 0.07948433
0.33063104 0.07942414
0.32326258 0.07932526
0.31593772 0.07918792
0.30865828 0.07901236
0.30142605 0.07879891
0.29424282 0.07854788
0.28711035 0.07825965
0.28003042 0.07793462
0.27300475 0.07757322
0.26603509 0.07717592
0.25912316 0.07674319
0.25227067 0.07627555
0.24547929 0.07577354
0.23875072 0.07523772
0.23208660 0.07466865
0.22548859 0.07406695
0.21895831 0.07343323
0.21249737 0.07276811
0.20610737 0.07207226
0.19978989 0.07134633
0.19354647 0.07059099
0.18737867 0.06980694
0.18128801 0.06899488
0.17527598 0.06815551
0.16934407 0.06728956
0.16349374 0.06639775
0.15772645 0.06548082
0.15204360 0.06453951
0.14644661 0.06357456
0.14093685 0.06258672
0.13551569 0.06157675
0.13018445 0.06054541
0.12494447 0.05949346
0.11979702 0.05842165
0.11474338 0.05733073
0.10978480 0.05622148
0.10492249 0.05509464
0.10015767 0.05395096
0.09549150 0.05279118
0.09092514 0.05161605
0.08645971 0.05042630
0.08209632 0.04922264
0.07783604 0.04800580
0.07367992 0.04677647
0.06962899 0.04553535
0.06568424 0.04428311
0.06184666 0.04302042
0.05811718 0.04174791
0.05449674 0.04046623
0.05098621 0.03917597
0.04758647 0.03787775
0.04429836 0.03657212
0.04112269 0.03525965
0.03806023 0.03394085
0.03511176 0.03261625
0.03227798 0.03128633
0.02955962 0.02995155
0.02695732 0.02861235
0.02447174 0.02726914
0.02210349 0.02592232
0.01985316 0.02457225
0.01772129 0.02321927
0.01570842 0.02186371
0.01381504 0.02050585
0.01204162 0.01914597
0.01038859 0.01778431
0.00885637 0.01642111
0.00744534 0.01505656
0.00615583 0.01369087
0.00498817 0.01232418
0.00394265 0.01095666
0.00301952 0.00958844
0.00221902 0.00821965
0.00154133 0.00685037
0.00098664 0.00548073
0.00055506 0.00411079
0.00024672 0.00274064
0.00006168 0.00137035
0.00000000 0.00000000
0.00006168 -0.00045887
0.00024672 -0.00091750
0.00055506 -0.00137565
0.00098664 -0.00183308
0.00154133 -0.00228956
0.00221902 -0.00274486
0.00301952 -0.00319876
0.00394265 -0.00365105
0.00498817 -0.00410152
0.00615583 -0.00454999
0.00744534 -0.00499625
0.00885637 -0.00544015
0.01038859 -0.00588153
0.01204162 -0.00632022
0.01381504 -0.00675611
0.01570842 -0.00718905
0.01772129 -0.00761894
0.01985316 -0.00804567
0.02210349 -0.00846916
0.02447174 -0.00888931
0.02695732 -0.00930606
0.02955962 -0.00971933
0.03227798 -0.01012906
0.03511176 -0.01053521
0.03806023 -0.01093770
0.04112269 -0.01133650
0.04429836 -0.01173154
0.04758647 -0.01212278
0.05098621 -0.01251014
0.05449674 -0.01289356
0.05811718 -0.01327297
0.06184666 -0.01364828
0.06568424 -0.01401938
0.06962899 -0.01438618
0.07367992 -0.01474853
0.07783604 -0.01510630
0.08209632 -0.01545932
0.08645971 -0.01580739
0.09092514 -0.01615032
0.09549150 -0.01648788
0.10015767 -0.01681980
0.10492249 -0.01714581
0.10978480 -0.01746562
0.11474338 -0.01777888
0.11979702 -0.01808526
0.12494447 -0.01838437
0.13018445 -0.01867582
0.13551569 -0.01895918
0.14093685 -0.01923403
0.14644661 -0.01949989
0.15204360 -0.01975628
0.15772645 -0.02000273
0.16349374 -0.02023871
0.16934407 -0.02046371
0.17527598 -0.02067722
0.18128801 -0.02087869
0.18737867 -0.02106759
0.19354647 -0.02124341
0.19978989 -0.02140561
0.20610737 -0.02155368
0.21249737 -0.02168712
0.21895831 -0.02180544
0.22548859 -0.02190817
0.23208660 -0.02199487
0.23875072 -0.02206513
0.24547929 -0.02211855
0.25227067 -0.02215479
0.25912316 -0.02217354
0.26603509 -0.02217451
0.27300475 -0.02215749
0.28003042 -0.02212230
0.28711035 -0.02206879
0.29424282 -0.02199690
0.30142605 -0.02190659
0.30865828 -0.02179790
0.31593772 -0.02167091
0.32326258 -0.02152577
0.33063104 -0.02136268
0.33804129 -0.02118191
0.34549150 -0.02098377
0.35297984 -0.02076866
0.36050445 -0.02053702
0.36806348 -0.02028933
0.37565506 -0.02002617
0.38327732 -0.01974812
0.39092838 -0.01945586
0.39860635 -0.01915010
0.40630934 -0.01883158
0.41403545 -0.01850112
0.42178277 -0.01815954
0.42954938 -0.01780773
0.43733338 -0.01744659
0.44513284 -0.01707706
0.45294584 -0.01670010
0.46077045 -0.01631668
0.46860474 -0.01592780
0.47644677 -0.01553446
0.48429462 -0.01513768
0.49214634 -0.01473845
0.50000000 -0.01433779
0.50785366 -0.01393668
0.51570538 -0.01353610
0.52355323 -0.01313702
0.53139526 -0.01274037
0.53922955 -0.01234706
0.54705416 -0.01195797
0.55486716 -0.01157394
0.56266662 -0.01119577
0.57045062 -0.01082422
0.57821723 -0.01046000
0.58596455 -0.01010377
0.59369066 -0.00975615
0.60139365 -0.00941769
0.60907162 -0.00908889
0.61672268 -0.00877019
0.62434494 -0.00846199
0.63193652 -0.00816460
0.63949555 -0.00787829
0.64702016 -0.00760327
0.65450850 -0.00733969
0.66195871 -0.00708763
0.66936896 -0.00684711
0.67673742 -0.00661812
0.68406228 -0.00640058
0.69134172 -0.00619434
0.69857395 -0.00599922
0.70575718 -0.00581499
0.71288965 -0.00564137
0.71996958 -0.00547803
0.72699525 -0.00532461
0.73396491 -0.00518072
0.74087684 -0.00504593
0.74772933 -0.00491977
0.75452071 -0.00480176
0.76124928 -0.00469140
0.76791340 -0.00458815
0.77451141 -0.00449149
0.78104169 -0.00440087
0.78750263 -0.00431572
0.79389263 -0.00423549
0.80021011 -0.00415963
0.80645353 -0.00408759
0.81262133 -0.00401881
0.81871199 -0.00395278
0.82472402 -0.00388897
0.83065593 -0.00382687
0.83650626 -0.00376602
0.84227355 -0.00370595
0.84795640 -0.00364622
0.85355339 -0.00358644
0.85906315 -0.00352623
0.86448431 -0.00346523
0.86981555 -0.00340314
0.87505553 -0.00333968
0.88020298 -0.00327458
0.88525662 -0.00320765
0.89021520 -0.00313870
0.89507751 -0.00306760
0.89984233 -0.00299422
0.90450850 -0.00291851
0.90907486 -0.00284042
0.91354029 -0.00275995
0.91790368 -0.00267712
0.92216396 -0.00259200
0.92632008 -0.00250468
0.93037101 -0.00241528
0.93431576 -0.00232395
0.93815334 -0.00223086
0.94188282 -0.00213621
0.94550326 -0.00204022
0.94901379 -0.00194314
0.95241353 -0.00184522
0.95570164 -0.00174675
0.95887731 -0.00164802
0.96193977 -0.00154933
0.96488824 -0.00145099
0.96772202 -0.00135334
0.97044038 -0.00125669
0.97304268 -0.00116139
0.97552826 -0.00106777
0.97789651 -0.00097616
0.98014684 -0.00088689
0.98227871 -0.00080030
0.98429158 -0.00071670
0.98618496 -0.00063641
0.98795838 -0.00055974
0.98961141 -0.00048696
0.99114363 -0.00041838
0.99255466 -0.00035424
0.99384417 -0.00029480
0.99501183 -0.00024030
0.99605735 -0.00019093
0.99698048 -0.00014691
0.99778098 -0.00010840
0.99845867 -0.00007555
0.99901336 -0.00004849
0.99944494 -0.00002733
0.99975328 -0.00001216
0.99993832 -0.00000303
1.00000000 0.00000001
