sample_490
1.00000000 0.00000001
0.99993832 0.00000859
0.99975328 0.00003430
0.99944494 0.00007720
0.99901336 0.00013731
0.99845867 0.00021469
0.99778098 0.00030941
0.99698048 0.00042156
0.99605735 0.00055124
0.99501183 0.00069855
0.99384417 0.00086361
0.99255466 0.00104653
0.99114363 0.00124746
0.98961141 0.00146651
0.98795838 0.00170381
0.98618496 0.00195949
0.98429158 0.00223367
0.98227871 0.00252645
0.98014684 0.00283793
0.97789651 0.00316819
0.97552826 0.00351731
0.97304268 0.00388533
0.97044038 0.00427228
0.96772202 0.00467814
0.96488824 0.00510291
0.96193977 0.00554652
0.95887731 0.00600889
0.95570164 0.00648989
0.95241353 0.00698938
0.94901379 0.00750715
0.94550326 0.00804300
0.94188282 0.00859665
0.93815334 0.00916781
0.93431576 0.00975613
0.93037101 0.01036123
0.92632008 0.01098272
0.92216396 0.01162012
0.91790368 0.01227297
0.91354029 0.01294074
0.90907486 0.01362288
0.90450850 0.01431881
0.89984233 0.01502792
0.89507751 0.01574958
0.89021520 0.01648312
0.88525662 0.01722787
0.88020298 0.01798313
0.87505553 0.01874820
0.86981555 0.01952236
0.86448431 0.02030489
0.85906315 0.02109505
0.85355339 0.02189212
0.84795640 0.02269538
0.84227355 0.02350411
0.83650626 0.02431761
0.83065593 0.02513520
0.82472402 0.02595619
0.81871199 0.02677994
0.81262133 0.02760584
0.80645353 0.02843327
0.80021011 0.02926168
0.79389263 0.03009053
0.78750263 0.03091932
0.78104169 0.03174759
0.77451141 0.03257491
0.76791340 0.03340090
0.76124928 0.03422520
0.75452071 0.03504752
0.74772933 0.03586757
0.74087684 0.03668513
0.73396491 0.03750001
0.72699525 0.03831205
0.71996958 0.03912114
0.71288965 0.03992718
0.70575718 0.04073013
0.69857395 0.04152995
0.69134172 0.04232664
0.68406228 0.04312023
0.67673742 0.04391074
0.66936896 0.04469823
0.66195871 0.04548277
0.65450850 0.04626441
0.64702016 0.04704322
0.63949555 0.04781926
0.63193652 0.04859258
0.62434494 0.04936323
0.61672268 0.05013121
0.60907162 0.05089653
0.60139365 0.05165915
0.59369066 0.05241899
0.58596455 0.05317596
0.57821723 0.05392989
0.57045062 0.05468059
0.56266662 0.05542781
0.55486716 0.05617124
0.54705416 0.05691052
0.53922955 0.05764522
0.53139526 0.05837485
0.52355323 0.05909885
0.51570538 0.05981659
0.50785366 0.06052738
0.50000000 0.06123045
0.49214634 0.06192496
0.48429462 0.06261001
0.47644677 0.06328461
0.46860474 0.06394773
0.46077045 0.06459824
0.45294584 0.06523499
0.44513284 0.06585672
0.43733338 0.06646216
0.42954938 0.06704994
0.42178277 0.06761869
0.41403545 0.06816698
0.40630934 0.06869331
0.39860635 0.06919621
0.39092838 0.06967413
0.38327732 0.07012554
0.37565506 0.07054888
0.36806348 0.07094260
0.36050445 0.07130514
0.35297984 0.07163498
0.34549150 0.07193058
0.33804129 0.07219048
0.33063104 0.07241321
0.32326258 0.07259739
0.31593772 0.07274165
0.30865828 0.07284472
0.30142605 0.07290538
0.29424282 0.07292250
0.28711035 0.07289502
0.28003042 0.07282199
0.27300475 0.07270255
0.26603509 0.07253595
0.25912316 0.07232155
0.25227067 0.07205882
0.24547929 0.07174738
0.23875072 0.07138693
0.23208660 0.07097734
0.22548859 0.07051860
0.21895831 0.07001082
0.21249737 0.06945427
0.20610737 0.06884934
0.19978989 0.06819656
0.19354647 0.06749662
0.18737867 0.06675030
0.18128801 0.06595855
0.17527598 0.06512244
0.16934407 0.06424317
0.16349374 0.06332204
0.15772645 0.06236049
0.15204360 0.06136007
0.14644661 0.06032242
0.14093685 0.05924929
0.13551569 0.05814251
0.13018445 0.05700401
0.12494447 0.05583577
0.11979702 0.05463985
0.11474338 0.05341836
0.10978480 0.05217344
0.10492249 0.05090729
0.10015767 0.04962212
0.09549150 0.04832015
0.09092514 0.04700361
0.08645971 0.04567473
0.08209632 0.04433569
0.07783604 0.04298868
0.07367992 0.04163582
0.06962899 0.04027920
0.06568424 0.03892084
0.06184666 0.03756269
0.05811718 0.03620663
0.05449674 0.03485445
0.05098621 0.03350783
0.04758647 0.03216836
0.04429836 0.03083753
0.04112269 0.02951669
0.03806023 0.02820708
0.03511176 0.02690981
0.03227798 0.02562585
0.02955962 0.02435605
0.02695732 0.02310111
0.02447174 0.02186160
0.02210349 0.02063793
0.01985316 0.01943039
0.01772129 0.01823911
0.01570842 0.01706410
0.01381504 0.01590521
0.01204162 0.01476217
0.01038859 0.01363459
0.00885637 0.01252193
0.00744534 0.01142354
0.00615583 0.01033867
0.00498817 0.00926645
0.00394265 0.00820590
0.00301952 0.00715598
0.00221902 0.00611553
0.00154133 0.00508335
0.00098664 0.00405815
0.00055506 0.00303861
0.00024672 0.00202334
0.00006168 0.00101095
0.00000000 0.00000000
0.00006168 -0.00039149
0.00024672 -0.00078227
0.00055506 -0.00117168
0.00098664 -0.00155900
0.00154133 -0.00194357
0.00221902 -0.00232473
0.00301952 -0.00270181
0.00394265 -0.00307419
0.00498817 -0.00344126
0.00615583 -0.00380242
0.00744534 -0.00415711
0.00885637 -0.00450478
0.01038859 -0.00484494
0.01204162 -0.00517711
0.01381504 -0.00550083
0.01570842 -0.00581570
0.01772129 -0.00612135
0.01985316 -0.00641743
0.02210349 -0.00670365
0.02447174 -0.00697974
0.02695732 -0.00724548
0.02955962 -0.00750068
0.03227798 -0.00774519
0.03511176 -0.00797891
0.03806023 -0.00820175
0.04112269 -0.00841370
0.04429836 -0.00861474
0.04758647 -0.00880491
0.05098621 -0.00898428
0.05449674 -0.00915295
0.05811718 -0.00931106
0.06184666 -0.00945876
0.06568424 -0.00959625
0.06962899 -0.00972372
0.07367992 -0.00984143
0.07783604 -0.00994962
0.08209632 -0.01004857
0.08645971 -0.01013858
0.09092514 -0.01021994
0.09549150 -0.01029299
0.10015767 -0.01035803
0.10492249 -0.01041542
0.10978480 -0.01046550
0.11474338 -0.01050860
0.11979702 -0.01054508
0.12494447 -0.01057527
0.13018445 -0.01059954
0.13551569 -0.01061821
0.14093685 -0.01063162
0.14644661 -0.01064010
0.15204360 -0.01064397
0.15772645 -0.01064354
0.16349374 -0.01063910
0.16934407 -0.01063095
0.17527598 -0.01061935
0.18128801 -0.01060458
0.18737867 -0.01058687
0.19354647 -0.01056647
0.19978989 -0.01054359
0.20610737 -0.01051844
0.21249737 -0.01049121
0.21895831 -0.01046208
0.22548859 -0.01043121
0.23208660 -0.01039876
0.23875072 -0.01036485
0.24547929 -0.01032962
0.25227067 -0.01029319
0.25912316 -0.01025564
0.26603509 -0.01021709
0.27300475 -0.01017760
0.28003042 -0.01013725
0.28711035 -0.01009612
0.29424282 -0.01005426
0.30142605 -0.01001173
0.30865828 -0.00996857
0.31593772 -0.00992483
0.32326258 -0.00988056
0.33063104 -0.00983579
0.33804129 -0.00979056
0.34549150 -0.00974491
0.35297984 -0.00969887
0.36050445 -0.00965247
0.36806348 -0.00960576
0.37565506 -0.00955877
0.38327732 -0.00951153
0.39092838 -0.00946408
0.39860635 -0.00941647
0.40630934 -0.00936873
0.41403545 -0.00932091
0.42178277 -0.00927305
0.42954938 -0.00922519
0.43733338 -0.00917738
0.44513284 -0.00912967
0.45294584 -0.00908209
0.46077045 -0.00903469
0.46860474 -0.00898753
0.47644677 -0.00894062
0.48429462 -0.00889403
0.49214634 -0.00884778
0.50000000 -0.00880191
0.50785366 -0.00875644
0.51570538 -0.00871140
0.52355323 -0.00866681
0.53139526 -0.00862269
0.53922955 -0.00857903
0.54705416 -0.00853584
0.55486716 -0.00849310
0.56266662 -0.00845081
0.57045062 -0.00840894
0.57821723 -0.00836744
0.58596455 -0.00832629
0.59369066 -0.00828542
0.60139365 -0.00824477
0.60907162 -0.00820427
0.61672268 -0.00816384
0.62434494 -0.00812338
0.63193652 -0.00808280
0.63949555 -0.00804199
0.64702016 -0.00800082
0.65450850 -0.00795917
0.66195871 -0.00791692
0.66936896 -0.00787390
0.67673742 -0.00782999
0.68406228 -0.00778503
0.69134172 -0.00773885
0.69857395 -0.00769130
0.70575718 -0.00764222
0.71288965 -0.00759143
0.71996958 -0.00753878
0.72699525 -0.00748410
0.73396491 -0.00742722
0.74087684 -0.00736798
0.74772933 -0.00730623
0.75452071 -0.00724181
0.76124928 -0.00717457
0.76791340 -0.00710438
0.77451141 -0.00703111
0.78104169 -0.00695463
0.78750263 -0.00687484
0.79389263 -0.00679163
0.80021011 -0.00670491
0.80645353 -0.00661462
0.81262133 -0.00652070
0.81871199 -0.00642309
0.82472402 -0.00632177
0.83065593 -0.00621672
0.83650626 -0.00610796
0.84227355 -0.00599549
0.84795640 -0.00587936
0.85355339 -0.00575961
0.85906315 -0.00563634
0.86448431 -0.00550961
0.86981555 -0.00537954
0.87505553 -0.00524625
0.88020298 -0.00510990
0.88525662 -0.00497062
0.89021520 -0.00482861
0.89507751 -0.00468405
0.89984233 -0.00453715
0.90450850 -0.00438813
0.90907486 -0.00423722
0.91354029 -0.00408467
0.91790368 -0.00393075
0.92216396 -0.00377573
0.92632008 -0.00361989
0.93037101 -0.00346352
0.93431576 -0.00330692
0.93815334 -0.00315040
0.94188282 -0.00299428
0.94550326 -0.00283887
0.94901379 -0.00268450
0.95241353 -0.00253150
0.95570164 -0.00238019
0.95887731 -0.00223090
0.96193977 -0.00208396
0.96488824 -0.00193970
0.96772202 -0.00179845
0.97044038 -0.00166051
0.97304268 -0.00152621
0.97552826 -0.00139585
0.97789651 -0.00126974
0.98014684 -0.00114816
0.98227871 -0.00103141
0.98429158 -0.00091976
0.98618496 -0.00081347
0.98795838 -0.00071279
0.98961141 -0.00061797
0.99114363 -0.00052922
0.99255466 -0.00044676
0.99384417 -0.00037079
0.99501183 -0.00030150
0.99605735 -0.00023904
0.99698048 -0.00018357
0.99778098 -0.00013522
0.99845867 -0.00009411
0.99901336 -0.00006033
0.99944494 -0.00003398
0.99975328 -0.00001511
0.99993832 -0.00000377
1.00000000 0.00000001
