sample_633
1.00000000 0.00000001
0.99993832 0.00000616
0.99975328 0.00002461
0.99944494 0.00005537
0.99901336 0.00009849
0.99845867 0.00015400
0.99778098 0.00022197
0.99698048 0.00030246
0.99605735 0.00039556
0.99501183 0.00050136
0.99384417 0.00061998
0.99255466 0.00075153
0.99114363 0.00089616
0.98961141 0.00105401
0.98795838 0.00122524
0.98618496 0.00141003
0.98429158 0.00160858
0.98227871 0.00182107
0.98014684 0.00204772
0.97789651 0.00228876
0.97552826 0.00254443
0.97304268 0.00281497
0.97044038 0.00310064
0.96772202 0.00340172
0.96488824 0.00371847
0.96193977 0.00405120
0.95887731 0.00440018
0.95570164 0.00476573
0.95241353 0.00514814
0.94901379 0.00554773
0.94550326 0.00596480
0.94188282 0.00639967
0.93815334 0.00685265
0.93431576 0.00732404
0.93037101 0.00781415
0.92632008 0.00832327
0.92216396 0.00885169
0.91790368 0.00939968
0.91354029 0.00996751
0.90907486 0.01055541
0.90450850 0.01116363
0.89984233 0.01179235
0.89507751 0.01244178
0.89021520 0.01311207
0.88525662 0.01380334
0.88020298 0.01451571
0.87505553 0.01524923
0.86981555 0.01600394
0.86448431 0.01677984
0.85906315 0.01757688
0.85355339 0.01839498
0.84795640 0.01923402
0.84227355 0.02009381
0.83650626 0.02097414
0.83065593 0.02187474
0.82472402 0.02279529
0.81871199 0.02373542
0.81262133 0.02469472
0.80645353 0.02567271
0.80021011 0.02666887
0.79389263 0.02768260
0.78750263 0.02871329
0.78104169 0.02976024
0.77451141 0.03082272
0.76791340 0.03189992
0.76124928 0.03299101
0.75452071 0.03409509
0.74772933 0.03521121
0.74087684 0.03633839
0.73396491 0.03747557
0.72699525 0.03862167
0.71996958 0.03977557
0.71288965 0.04093610
0.70575718 0.04210205
0.69857395 0.04327217
0.69134172 0.04444521
0.68406228 0.04561984
0.67673742 0.04679474
0.66936896 0.04796855
0.66195871 0.04913991
0.65450850 0.05030741
0.64702016 0.05146965
0.63949555 0.05262522
0.63193652 0.05377268
0.62434494 0.05491062
0.61672268 0.05603759
0.60907162 0.05715219
0.60139365 0.05825298
0.59369066 0.05933857
0.58596455 0.06040755
0.57821723 0.06145854
0.57045062 0.06249018
0.56266662 0.06350113
0.55486716 0.06449009
0.54705416 0.06545575
0.53922955 0.06639686
0.53139526 0.06731220
0.52355323 0.06820058
0.51570538 0.06906084
0.50785366 0.06989187
0.50000000 0.07069259
0.49214634 0.07146198
0.48429462 0.07219904
0.47644677 0.07290284
0.46860474 0.07357247
0.46077045 0.07420710
0.45294584 0.07480591
0.44513284 0.07536816
0.43733338 0.07589315
0.42954938 0.07638023
0.42178277 0.07682879
0.41403545 0.07723830
0.40630934 0.07760826
0.39860635 0.07793822
0.39092838 0.07822778
0.38327732 0.07847662
0.37565506 0.07868444
0.36806348 0.07885099
0.36050445 0.07897610
0.35297984 0.07905963
0.34549150 0.07910150
0.33804129 0.07910165
0.33063104 0.07906012
0.32326258 0.07897696
0.31593772 0.07885228
0.30865828 0.07868624
0.30142605 0.07847905
0.29424282 0.07823096
0.28711035 0.07794227
0.28003042 0.07761331
0.27300475 0.07724449
0.26603509 0.07683623
0.25912316 0.07638899
0.25227067 0.07590331
0.24547929 0.07537974
0.23875072 0.07481887
0.23208660 0.07422134
0.22548859 0.07358783
0.21895831 0.07291904
0.21249737 0.07221573
0.20610737 0.07147867
0.19978989 0.07070868
0.19354647 0.06990660
0.18737867 0.06907330
0.18128801 0.06820970
0.17527598 0.06731673
0.16934407 0.06639533
0.16349374 0.06544649
0.15772645 0.06447121
0.15204360 0.06347050
0.14644661 0.06244540
0.14093685 0.06139696
0.13551569 0.06032624
0.13018445 0.05923431
0.12494447 0.05812225
0.11979702 0.05699115
0.11474338 0.05584208
0.10978480 0.05467613
0.10492249 0.05349439
0.10015767 0.05229792
0.09549150 0.05108778
0.09092514 0.04986504
0.08645971 0.04863073
0.08209632 0.04738586
0.07783604 0.04613143
0.07367992 0.04486842
0.06962899 0.04359778
0.06568424 0.04232043
0.06184666 0.04103725
0.05811718 0.03974909
0.05449674 0.03845679
0.05098621 0.03716111
0.04758647 0.03586281
0.04429836 0.03456256
0.04112269 0.03326103
0.03806023 0.03195884
0.03511176 0.03065652
0.03227798 0.02935462
0.02955962 0.02805358
0.02695732 0.02675382
0.02447174 0.02545572
0.02210349 0.02415959
0.01985316 0.02286570
0.01772129 0.02157427
0.01570842 0.02028547
0.01381504 0.01899943
0.01204162 0.01771622
0.01038859 0.01643588
0.00885637 0.01515839
0.00744534 0.01388372
0.00615583 0.01261176
0.00498817 0.01134241
0.00394265 0.01007548
0.00301952 0.00881081
0.00221902 0.00754816
0.00154133 0.00628730
0.00098664 0.00502797
0.00055506 0.00376987
0.00024672 0.00251272
0.00006168 0.00125620
0.00000000 0.00000000
0.00006168 -0.00025558
0.00024672 -0.00051098
0.00055506 -0.00076603
0.00098664 -0.00102057
0.00154133 -0.00127442
0.00221902 -0.00152741
0.00301952 -0.00177937
0.00394265 -0.00203016
0.00498817 -0.00227960
0.00615583 -0.00252755
0.00744534 -0.00277385
0.00885637 -0.00301838
0.01038859 -0.00326098
0.01204162 -0.00350153
0.01381504 -0.00373991
0.01570842 -0.00397600
0.01772129 -0.00420969
0.01985316 -0.00444089
0.02210349 -0.00466950
0.02447174 -0.00489543
0.02695732 -0.00511861
0.02955962 -0.00533897
0.03227798 -0.00555645
0.03511176 -0.00577101
0.03806023 -0.00598260
0.04112269 -0.00619118
0.04429836 -0.00639673
0.04758647 -0.00659924
0.05098621 -0.00679868
0.05449674 -0.00699507
0.05811718 -0.00718841
0.06184666 -0.00737870
0.06568424 -0.00756597
0.06962899 -0.00775024
0.07367992 -0.00793154
0.07783604 -0.00810990
0.08209632 -0.00828537
0.08645971 -0.00845797
0.09092514 -0.00862777
0.09549150 -0.00879481
0.10015767 -0.00895912
0.10492249 -0.00912078
0.10978480 -0.00927981
0.11474338 -0.00943628
0.11979702 -0.00959022
0.12494447 -0.00974169
0.13018445 -0.00989072
0.13551569 -0.01003735
0.14093685 -0.01018161
0.14644661 -0.01032353
0.15204360 -0.01046312
0.15772645 -0.01060040
0.16349374 -0.01073538
0.16934407 -0.01086805
0.17527598 -0.01099840
0.18128801 -0.01112640
0.18737867 -0.01125202
0.19354647 -0.01137522
0.19978989 -0.01149594
0.20610737 -0.01161411
0.21249737 -0.01172966
0.21895831 -0.01184250
0.22548859 -0.01195251
0.23208660 -0.01205960
0.23875072 -0.01216362
0.24547929 -0.01226444
0.25227067 -0.01236191
0.25912316 -0.01245586
0.26603509 -0.01254613
0.27300475 -0.01263251
0.28003042 -0.01271483
0.28711035 -0.01279287
0.29424282 -0.01286642
0.30142605 -0.01293526
0.30865828 -0.01299916
0.31593772 -0.01305787
0.32326258 -0.01311117
0.33063104 -0.01315880
0.33804129 -0.01320053
0.34549150 -0.01323609
0.35297984 -0.01326523
0.36050445 -0.01328772
0.36806348 -0.01330330
0.37565506 -0.01331172
0.38327732 -0.01331276
0.39092838 -0.01330617
0.39860635 -0.01329174
0.40630934 -0.01326925
0.41403545 -0.01323850
0.42178277 -0.01319930
0.42954938 -0.01315147
0.43733338 -0.01309485
0.44513284 -0.01302930
0.45294584 -0.01295469
0.46077045 -0.01287091
0.46860474 -0.01277787
0.47644677 -0.01267551
0.48429462 -0.01256379
0.49214634 -0.01244269
0.50000000 -0.01231221
0.50785366 -0.01217238
0.51570538 -0.01202325
0.52355323 -0.01186492
0.53139526 -0.01169748
0.53922955 -0.01152108
0.54705416 -0.01133587
0.55486716 -0.01114205
0.56266662 -0.01093983
0.57045062 -0.01072946
0.57821723 -0.01051121
0.58596455 -0.01028537
0.59369066 -0.01005226
0.60139365 -0.00981224
0.60907162 -0.00956567
0.61672268 -0.00931295
0.62434494 -0.00905449
0.63193652 -0.00879073
0.63949555 -0.00852212
0.64702016 -0.00824914
0.65450850 -0.00797228
0.66195871 -0.00769204
0.66936896 -0.00740894
0.67673742 -0.00712350
0.68406228 -0.00683627
0.69134172 -0.00654778
0.69857395 -0.00625860
0.70575718 -0.00596928
0.71288965 -0.00568037
0.71996958 -0.00539242
0.72699525 -0.00510600
0.73396491 -0.00482165
0.74087684 -0.00453991
0.74772933 -0.00426132
0.75452071 -0.00398639
0.76124928 -0.00371565
0.76791340 -0.00344958
0.77451141 -0.00318866
0.78104169 -0.00293336
0.78750263 -0.00268413
0.79389263 -0.00244137
0.80021011 -0.00220549
0.80645353 -0.00197685
0.81262133 -0.00175582
0.81871199 -0.00154271
0.82472402 -0.00133781
0.83065593 -0.00114139
0.83650626 -0.00095367
0.84227355 -0.00077487
0.84795640 -0.00060516
0.85355339 -0.00044467
0.85906315 -0.00029352
0.86448431 -0.00015178
0.86981555 -0.00001950
0.87505553 0.00010331
0.88020298 0.00021668
0.88525662 0.00032064
0.89021520 0.00041529
0.89507751 0.00050073
0.89984233 0.00057711
0.90450850 0.00064460
0.90907486 0.00070339
0.91354029 0.00075372
0.91790368 0.00079584
0.92216396 0.00083002
0.92632008 0.00085656
0.93037101 0.00087578
0.93431576 0.00088803
0.93815334 0.00089365
0.94188282 0.00089303
0.94550326 0.00088656
0.94901379 0.00087464
0.95241353 0.00085768
0.95570164 0.00083611
0.95887731 0.00081037
0.96193977 0.00078088
0.96488824 0.00074809
0.96772202 0.00071244
0.97044038 0.00067437
0.97304268 0.00063433
0.97552826 0.00059275
0.97789651 0.00055006
0.98014684 0.00050668
0.98227871 0.00046302
0.98429158 0.00041949
0.98618496 0.00037647
0.98795838 0.00033435
0.98961141 0.00029346
0.99114363 0.00025416
0.99255466 0.00021677
0.99384417 0.00018158
0.99501183 0.00014887
0.99605735 0.00011890
0.99698048 0.00009190
0.99778098 0.00006807
0.99845867 0.00004760
0.99901336 0.00003064
0.99944494 0.00001732
0.99975328 0.00000773
0.99993832 0.00000195
1.00000000 0.00000001
