sample_1313
1.00000000 0.00000001
0.99993832 0.00000655
0.99975328 0.00002618
0.99944494 0.00005891
0.99901336 0.00010482
0.99845867 0.00016395
0.99778098 0.00023641
0.99698048 0.00032229
0.99605735 0.00042173
0.99501183 0.00053485
0.99384417 0.00066182
0.99255466 0.00080280
0.99114363 0.00095799
0.98961141 0.00112757
0.98795838 0.00131176
0.98618496 0.00151077
0.98429158 0.00172483
0.98227871 0.00195417
0.98014684 0.00219903
0.97789651 0.00245964
0.97552826 0.00273625
0.97304268 0.00302910
0.97044038 0.00333842
0.96772202 0.00366445
0.96488824 0.00400742
0.96193977 0.00436754
0.95887731 0.00474503
0.95570164 0.00514007
0.95241353 0.00555285
0.94901379 0.00598353
0.94550326 0.00643227
0.94188282 0.00689917
0.93815334 0.00738436
0.93431576 0.00788791
0.93037101 0.00840988
0.92632008 0.00895029
0.92216396 0.00950914
0.91790368 0.01008641
0.91354029 0.01068202
0.90907486 0.01129589
0.90450850 0.01192788
0.89984233 0.01257784
0.89507751 0.01324555
0.89021520 0.01393080
0.88525662 0.01463329
0.88020298 0.01535273
0.87505553 0.01608876
0.86981555 0.01684099
0.86448431 0.01760901
0.85906315 0.01839234
0.85355339 0.01919050
0.84795640 0.02000294
0.84227355 0.02082909
0.83650626 0.02166834
0.83065593 0.02252006
0.82472402 0.02338355
0.81871199 0.02425812
0.81262133 0.02514303
0.80645353 0.02603751
0.80021011 0.02694076
0.79389263 0.02785196
0.78750263 0.02877027
0.78104169 0.02969483
0.77451141 0.03062474
0.76791340 0.03155911
0.76124928 0.03249702
0.75452071 0.03343754
0.74772933 0.03437972
0.74087684 0.03532263
0.73396491 0.03626531
0.72699525 0.03720681
0.71996958 0.03814617
0.71288965 0.03908244
0.70575718 0.04001468
0.69857395 0.04094195
0.69134172 0.04186332
0.68406228 0.04277787
0.67673742 0.04368471
0.66936896 0.04458296
0.66195871 0.04547174
0.65450850 0.04635023
0.64702016 0.04721760
0.63949555 0.04807306
0.63193652 0.04891584
0.62434494 0.04974521
0.61672268 0.05056047
0.60907162 0.05136093
0.60139365 0.05214597
0.59369066 0.05291495
0.58596455 0.05366732
0.57821723 0.05440253
0.57045062 0.05512008
0.56266662 0.05581949
0.55486716 0.05650034
0.54705416 0.05716222
0.53922955 0.05780477
0.53139526 0.05842766
0.52355323 0.05903059
0.51570538 0.05961330
0.50785366 0.06017555
0.50000000 0.06071716
0.49214634 0.06123794
0.48429462 0.06173776
0.47644677 0.06221649
0.46860474 0.06267405
0.46077045 0.06311037
0.45294584 0.06352540
0.44513284 0.06391911
0.43733338 0.06429149
0.42954938 0.06464255
0.42178277 0.06497230
0.41403545 0.06528078
0.40630934 0.06556802
0.39860635 0.06583406
0.39092838 0.06607896
0.38327732 0.06630277
0.37565506 0.06650553
0.36806348 0.06668731
0.36050445 0.06684814
0.35297984 0.06698807
0.34549150 0.06710713
0.33804129 0.06720535
0.33063104 0.06728275
0.32326258 0.06733932
0.31593772 0.06737507
0.30865828 0.06738995
0.30142605 0.06738395
0.29424282 0.06735699
0.28711035 0.06730900
0.28003042 0.06723991
0.27300475 0.06714959
0.26603509 0.06703793
0.25912316 0.06690477
0.25227067 0.06674996
0.24547929 0.06657331
0.23875072 0.06637464
0.23208660 0.06615371
0.22548859 0.06591031
0.21895831 0.06564419
0.21249737 0.06535508
0.20610737 0.06504272
0.19978989 0.06470682
0.19354647 0.06434710
0.18737867 0.06396324
0.18128801 0.06355494
0.17527598 0.06312189
0.16934407 0.06266377
0.16349374 0.06218028
0.15772645 0.06167108
0.15204360 0.06113588
0.14644661 0.06057438
0.14093685 0.05998626
0.13551569 0.05937126
0.13018445 0.05872909
0.12494447 0.05805950
0.11979702 0.05736225
0.11474338 0.05663712
0.10978480 0.05588391
0.10492249 0.05510245
0.10015767 0.05429258
0.09549150 0.05345420
0.09092514 0.05258720
0.08645971 0.05169154
0.08209632 0.05076720
0.07783604 0.04981418
0.07367992 0.04883253
0.06962899 0.04782236
0.06568424 0.04678378
0.06184666 0.04571698
0.05811718 0.04462216
0.05449674 0.04349958
0.05098621 0.04234956
0.04758647 0.04117243
0.04429836 0.03996860
0.04112269 0.03873849
0.03806023 0.03748261
0.03511176 0.03620147
0.03227798 0.03489567
0.02955962 0.03356582
0.02695732 0.03221259
0.02447174 0.03083669
0.02210349 0.02943889
0.01985316 0.02801999
0.01772129 0.02658082
0.01570842 0.02512227
0.01381504 0.02364526
0.01204162 0.02215075
0.01038859 0.02063973
0.00885637 0.01911324
0.00744534 0.01757233
0.00615583 0.01601809
0.00498817 0.01445166
0.00394265 0.01287416
0.00301952 0.01128677
0.00221902 0.00969067
0.00154133 0.00808708
0.00098664 0.00647723
0.00055506 0.00486234
0.00024672 0.00324367
0.00006168 0.00162246
0.00000000 0.00000000
0.00006168 -0.00074663
0.00024672 -0.00149199
0.00055506 -0.00223482
0.00098664 -0.00297387
0.00154133 -0.00370789
0.00221902 -0.00443567
0.00301952 -0.00515601
0.00394265 -0.00586772
0.00498817 -0.00656966
0.00615583 -0.00726072
0.00744534 -0.00793982
0.00885637 -0.00860593
0.01038859 -0.00925805
0.01204162 -0.00989523
0.01381504 -0.01051659
0.01570842 -0.01112127
0.01772129 -0.01170849
0.01985316 -0.01227751
0.02210349 -0.01282765
0.02447174 -0.01335830
0.02695732 -0.01386891
0.02955962 -0.01435898
0.03227798 -0.01482807
0.03511176 -0.01527583
0.03806023 -0.01570194
0.04112269 -0.01610617
0.04429836 -0.01648833
0.04758647 -0.01684831
0.05098621 -0.01718605
0.05449674 -0.01750156
0.05811718 -0.01779490
0.06184666 -0.01806620
0.06568424 -0.01831562
0.06962899 -0.01854341
0.07367992 -0.01874984
0.07783604 -0.01893525
0.08209632 -0.01910001
0.08645971 -0.01924456
0.09092514 -0.01936935
0.09549150 -0.01947490
0.10015767 -0.01956175
0.10492249 -0.01963048
0.10978480 -0.01968170
0.11474338 -0.01971605
0.11979702 -0.01973419
0.12494447 -0.01973682
0.13018445 -0.01972463
0.13551569 -0.01969835
0.14093685 -0.01965872
0.14644661 -0.01960650
0.15204360 -0.01954244
0.15772645 -0.01946731
0.16349374 -0.01938188
0.16934407 -0.01928691
0.17527598 -0.01918318
0.18128801 -0.01907146
0.18737867 -0.01895250
0.19354647 -0.01882705
0.19978989 -0.01869586
0.20610737 -0.01855965
0.21249737 -0.01841915
0.21895831 -0.01827503
0.22548859 -0.01812800
0.23208660 -0.01797870
0.23875072 -0.01782779
0.24547929 -0.01767587
0.25227067 -0.01752354
0.25912316 -0.01737137
0.26603509 -0.01721990
0.27300475 -0.01706965
0.28003042 -0.01692110
0.28711035 -0.01677471
0.29424282 -0.01663091
0.30142605 -0.01649009
0.30865828 -0.01635261
0.31593772 -0.01621882
0.32326258 -0.01608900
0.33063104 -0.01596342
0.33804129 -0.01584232
0.34549150 -0.01572588
0.35297984 -0.01561428
0.36050445 -0.01550764
0.36806348 -0.01540606
0.37565506 -0.01530959
0.38327732 -0.01521826
0.39092838 -0.01513207
0.39860635 -0.01505096
0.40630934 -0.01497486
0.41403545 -0.01490366
0.42178277 -0.01483722
0.42954938 -0.01477537
0.43733338 -0.01471790
0.44513284 -0.01466458
0.45294584 -0.01461515
0.46077045 -0.01456932
0.46860474 -0.01452676
0.47644677 -0.01448714
0.48429462 -0.01445010
0.49214634 -0.01441525
0.50000000 -0.01438218
0.50785366 -0.01435047
0.51570538 -0.01431968
0.52355323 -0.01428936
0.53139526 -0.01425904
0.53922955 -0.01422825
0.54705416 -0.01419650
0.55486716 -0.01416331
0.56266662 -0.01412819
0.57045062 -0.01409066
0.57821723 -0.01405022
0.58596455 -0.01400640
0.59369066 -0.01395872
0.60139365 -0.01390672
0.60907162 -0.01384996
0.61672268 -0.01378800
0.62434494 -0.01372042
0.63193652 -0.01364684
0.63949555 -0.01356688
0.64702016 -0.01348020
0.65450850 -0.01338648
0.66195871 -0.01328544
0.66936896 -0.01317680
0.67673742 -0.01306036
0.68406228 -0.01293592
0.69134172 -0.01280333
0.69857395 -0.01266248
0.70575718 -0.01251329
0.71288965 -0.01235571
0.71996958 -0.01218977
0.72699525 -0.01201549
0.73396491 -0.01183296
0.74087684 -0.01164231
0.74772933 -0.01144369
0.75452071 -0.01123732
0.76124928 -0.01102342
0.76791340 -0.01080229
0.77451141 -0.01057423
0.78104169 -0.01033960
0.78750263 -0.01009878
0.79389263 -0.00985218
0.80021011 -0.00960024
0.80645353 -0.00934344
0.81262133 -0.00908226
0.81871199 -0.00881722
0.82472402 -0.00854885
0.83065593 -0.00827771
0.83650626 -0.00800434
0.84227355 -0.00772933
0.84795640 -0.00745325
0.85355339 -0.00717668
0.85906315 -0.00690021
0.86448431 -0.00662440
0.86981555 -0.00634984
0.87505553 -0.00607709
0.88020298 -0.00580670
0.88525662 -0.00553921
0.89021520 -0.00527512
0.89507751 -0.00501496
0.89984233 -0.00475918
0.90450850 -0.00450825
0.90907486 -0.00426258
0.91354029 -0.00402258
0.91790368 -0.00378860
0.92216396 -0.00356099
0.92632008 -0.00334004
0.93037101 -0.00312602
0.93431576 -0.00291917
0.93815334 -0.00271968
0.94188282 -0.00252771
0.94550326 -0.00234340
0.94901379 -0.00216684
0.95241353 -0.00199810
0.95570164 -0.00183719
0.95887731 -0.00168413
0.96193977 -0.00153887
0.96488824 -0.00140136
0.96772202 -0.00127151
0.97044038 -0.00114921
0.97304268 -0.00103433
0.97552826 -0.00092671
0.97789651 -0.00082619
0.98014684 -0.00073258
0.98227871 -0.00064569
0.98429158 -0.00056530
0.98618496 -0.00049120
0.98795838 -0.00042318
0.98961141 -0.00036103
0.99114363 -0.00030451
0.99255466 -0.00025342
0.99384417 -0.00020756
0.99501183 -0.00016672
0.99605735 -0.00013073
0.99698048 -0.00009940
0.99778098 -0.00007259
0.99845867 -0.00005014
0.99901336 -0.00003195
0.99944494 -0.00001790
0.99975328 -0.00000793
0.99993832 -0.00000197
1.00000000 0.00000001
