sample_347
1.00000000 0.00000001
0.99993832 0.00000953
0.99975328 0.00003806
0.99944494 0.00008555
0.99901336 0.00015193
0.99845867 0.00023708
0.99778098 0.00034087
0.99698048 0.00046311
0.99605735 0.00060363
0.99501183 0.00076219
0.99384417 0.00093855
0.99255466 0.00113245
0.99114363 0.00134361
0.98961141 0.00157173
0.98795838 0.00181652
0.98618496 0.00207764
0.98429158 0.00235478
0.98227871 0.00264762
0.98014684 0.00295584
0.97789651 0.00327912
0.97552826 0.00361714
0.97304268 0.00396962
0.97044038 0.00433625
0.96772202 0.00471678
0.96488824 0.00511094
0.96193977 0.00551852
0.95887731 0.00593928
0.95570164 0.00637306
0.95241353 0.00681970
0.94901379 0.00727905
0.94550326 0.00775103
0.94188282 0.00823554
0.93815334 0.00873255
0.93431576 0.00924203
0.93037101 0.00976399
0.92632008 0.01029847
0.92216396 0.01084553
0.91790368 0.01140525
0.91354029 0.01197774
0.90907486 0.01256312
0.90450850 0.01316153
0.89984233 0.01377313
0.89507751 0.01439808
0.89021520 0.01503655
0.88525662 0.01568872
0.88020298 0.01635477
0.87505553 0.01703486
0.86981555 0.01772916
0.86448431 0.01843782
0.85906315 0.01916096
0.85355339 0.01989871
0.84795640 0.02065115
0.84227355 0.02141834
0.83650626 0.02220030
0.83065593 0.02299703
0.82472402 0.02380847
0.81871199 0.02463452
0.81262133 0.02547506
0.80645353 0.02632988
0.80021011 0.02719874
0.79389263 0.02808135
0.78750263 0.02897736
0.78104169 0.02988634
0.77451141 0.03080785
0.76791340 0.03174134
0.76124928 0.03268623
0.75452071 0.03364187
0.74772933 0.03460755
0.74087684 0.03558252
0.73396491 0.03656594
0.72699525 0.03755694
0.71996958 0.03855460
0.71288965 0.03955793
0.70575718 0.04056590
0.69857395 0.04157744
0.69134172 0.04259143
0.68406228 0.04360673
0.67673742 0.04462214
0.66936896 0.04563645
0.66195871 0.04664842
0.65450850 0.04765679
0.64702016 0.04866027
0.63949555 0.04965758
0.63193652 0.05064741
0.62434494 0.05162847
0.61672268 0.05259946
0.60907162 0.05355909
0.60139365 0.05450607
0.59369066 0.05543914
0.58596455 0.05635705
0.57821723 0.05725858
0.57045062 0.05814255
0.56266662 0.05900778
0.55486716 0.05985315
0.54705416 0.06067757
0.53922955 0.06147998
0.53139526 0.06225939
0.52355323 0.06301483
0.51570538 0.06374539
0.50785366 0.06445019
0.50000000 0.06512844
0.49214634 0.06577935
0.48429462 0.06640222
0.47644677 0.06699638
0.46860474 0.06756122
0.46077045 0.06809620
0.45294584 0.06860078
0.44513284 0.06907453
0.43733338 0.06951703
0.42954938 0.06992791
0.42178277 0.07030687
0.41403545 0.07065363
0.40630934 0.07096797
0.39860635 0.07124969
0.39092838 0.07149866
0.38327732 0.07171475
0.37565506 0.07189789
0.36806348 0.07204805
0.36050445 0.07216520
0.35297984 0.07224937
0.34549150 0.07230059
0.33804129 0.07231894
0.33063104 0.07230450
0.32326258 0.07225738
0.31593772 0.07217772
0.30865828 0.07206565
0.30142605 0.07192136
0.29424282 0.07174501
0.28711035 0.07153679
0.28003042 0.07129693
0.27300475 0.07102563
0.26603509 0.07072312
0.25912316 0.07038966
0.25227067 0.07002548
0.24547929 0.06963087
0.23875072 0.06920609
0.23208660 0.06875144
0.22548859 0.06826720
0.21895831 0.06775371
0.21249737 0.06721126
0.20610737 0.06664022
0.19978989 0.06604091
0.19354647 0.06541372
0.18737867 0.06475901
0.18128801 0.06407719
0.17527598 0.06336866
0.16934407 0.06263385
0.16349374 0.06187320
0.15772645 0.06108718
0.15204360 0.06027626
0.14644661 0.05944095
0.14093685 0.05858175
0.13551569 0.05769920
0.13018445 0.05679386
0.12494447 0.05586629
0.11979702 0.05491708
0.11474338 0.05394682
0.10978480 0.05295615
0.10492249 0.05194569
0.10015767 0.05091609
0.09549150 0.04986802
0.09092514 0.04880213
0.08645971 0.04771912
0.08209632 0.04661967
0.07783604 0.04550447
0.07367992 0.04437423
0.06962899 0.04322965
0.06568424 0.04207142
0.06184666 0.04090025
0.05811718 0.03971684
0.05449674 0.03852186
0.05098621 0.03731601
0.04758647 0.03609996
0.04429836 0.03487435
0.04112269 0.03363985
0.03806023 0.03239706
0.03511176 0.03114661
0.03227798 0.02988909
0.02955962 0.02862505
0.02695732 0.02735504
0.02447174 0.02607959
0.02210349 0.02479918
0.01985316 0.02351430
0.01772129 0.02222538
0.01570842 0.02093283
0.01381504 0.01963705
0.01204162 0.01833839
0.01038859 0.01703720
0.00885637 0.01573377
0.00744534 0.01442840
0.00615583 0.01312134
0.00498817 0.01181282
0.00394265 0.01050307
0.00301952 0.00919226
0.00221902 0.00788058
0.00154133 0.00656817
0.00098664 0.00525520
0.00055506 0.00394177
0.00024672 0.00262803
0.00006168 0.00131407
0.00000000 0.00000000
0.00006168 -0.00020948
0.00024672 -0.00041960
0.00055506 -0.00063100
0.00098664 -0.00084430
0.00154133 -0.00106010
0.00221902 -0.00127900
0.00301952 -0.00150154
0.00394265 -0.00172825
0.00498817 -0.00195962
0.00615583 -0.00219608
0.00744534 -0.00243804
0.00885637 -0.00268584
0.01038859 -0.00293977
0.01204162 -0.00320006
0.01381504 -0.00346688
0.01570842 -0.00374033
0.01772129 -0.00402047
0.01985316 -0.00430725
0.02210349 -0.00460060
0.02447174 -0.00490033
0.02695732 -0.00520622
0.02955962 -0.00551796
0.03227798 -0.00583517
0.03511176 -0.00615743
0.03806023 -0.00648421
0.04112269 -0.00681496
0.04429836 -0.00714902
0.04758647 -0.00748572
0.05098621 -0.00782431
0.05449674 -0.00816399
0.05811718 -0.00850390
0.06184666 -0.00884318
0.06568424 -0.00918088
0.06962899 -0.00951604
0.07367992 -0.00984769
0.07783604 -0.01017481
0.08209632 -0.01049637
0.08645971 -0.01081135
0.09092514 -0.01111869
0.09549150 -0.01141737
0.10015767 -0.01170634
0.10492249 -0.01198460
0.10978480 -0.01225115
0.11474338 -0.01250501
0.11979702 -0.01274525
0.12494447 -0.01297097
0.13018445 -0.01318131
0.13551569 -0.01337547
0.14093685 -0.01355267
0.14644661 -0.01371224
0.15204360 -0.01385353
0.15772645 -0.01397598
0.16349374 -0.01407909
0.16934407 -0.01416244
0.17527598 -0.01422568
0.18128801 -0.01426855
0.18737867 -0.01429085
0.19354647 -0.01429249
0.19978989 -0.01427344
0.20610737 -0.01423377
0.21249737 -0.01417363
0.21895831 -0.01409324
0.22548859 -0.01399293
0.23208660 -0.01387309
0.23875072 -0.01373419
0.24547929 -0.01357678
0.25227067 -0.01340149
0.25912316 -0.01320901
0.26603509 -0.01300011
0.27300475 -0.01277561
0.28003042 -0.01253640
0.28711035 -0.01228341
0.29424282 -0.01201764
0.30142605 -0.01174011
0.30865828 -0.01145189
0.31593772 -0.01115407
0.32326258 -0.01084780
0.33063104 -0.01053421
0.33804129 -0.01021446
0.34549150 -0.00988973
0.35297984 -0.00956118
0.36050445 -0.00922999
0.36806348 -0.00889730
0.37565506 -0.00856426
0.38327732 -0.00823198
0.39092838 -0.00790155
0.39860635 -0.00757404
0.40630934 -0.00725045
0.41403545 -0.00693178
0.42178277 -0.00661893
0.42954938 -0.00631279
0.43733338 -0.00601418
0.44513284 -0.00572386
0.45294584 -0.00544253
0.46077045 -0.00517082
0.46860474 -0.00490930
0.47644677 -0.00465846
0.48429462 -0.00441873
0.49214634 -0.00419048
0.50000000 -0.00397398
0.50785366 -0.00376944
0.51570538 -0.00357701
0.52355323 -0.00339676
0.53139526 -0.00322868
0.53922955 -0.00307273
0.54705416 -0.00292876
0.55486716 -0.00279659
0.56266662 -0.00267597
0.57045062 -0.00256658
0.57821723 -0.00246807
0.58596455 -0.00238002
0.59369066 -0.00230199
0.60139365 -0.00223347
0.60907162 -0.00217394
0.61672268 -0.00212283
0.62434494 -0.00207955
0.63193652 -0.00204350
0.63949555 -0.00201403
0.64702016 -0.00199052
0.65450850 -0.00197230
0.66195871 -0.00195873
0.66936896 -0.00194915
0.67673742 -0.00194292
0.68406228 -0.00193940
0.69134172 -0.00193798
0.69857395 -0.00193805
0.70575718 -0.00193903
0.71288965 -0.00194038
0.71996958 -0.00194157
0.72699525 -0.00194210
0.73396491 -0.00194153
0.74087684 -0.00193942
0.74772933 -0.00193541
0.75452071 -0.00192914
0.76124928 -0.00192033
0.76791340 -0.00190871
0.77451141 -0.00189408
0.78104169 -0.00187626
0.78750263 -0.00185512
0.79389263 -0.00183058
0.80021011 -0.00180260
0.80645353 -0.00177117
0.81262133 -0.00173634
0.81871199 -0.00169817
0.82472402 -0.00165677
0.83065593 -0.00161229
0.83650626 -0.00156489
0.84227355 -0.00151478
0.84795640 -0.00146219
0.85355339 -0.00140735
0.85906315 -0.00135053
0.86448431 -0.00129202
0.86981555 -0.00123211
0.87505553 -0.00117110
0.88020298 -0.00110931
0.88525662 -0.00104704
0.89021520 -0.00098461
0.89507751 -0.00092233
0.89984233 -0.00086050
0.90450850 -0.00079942
0.90907486 -0.00073936
0.91354029 -0.00068061
0.91790368 -0.00062341
0.92216396 -0.00056799
0.92632008 -0.00051458
0.93037101 -0.00046336
0.93431576 -0.00041452
0.93815334 -0.00036818
0.94188282 -0.00032448
0.94550326 -0.00028352
0.94901379 -0.00024536
0.95241353 -0.00021005
0.95570164 -0.00017761
0.95887731 -0.00014804
0.96193977 -0.00012131
0.96488824 -0.00009737
0.96772202 -0.00007615
0.97044038 -0.00005756
0.97304268 -0.00004148
0.97552826 -0.00002779
0.97789651 -0.00001634
0.98014684 -0.00000698
0.98227871 0.00000046
0.98429158 0.00000615
0.98618496 0.00001027
0.98795838 0.00001301
0.98961141 0.00001456
0.99114363 0.00001510
0.99255466 0.00001480
0.99384417 0.00001386
0.99501183 0.00001244
0.99605735 0.00001070
0.99698048 0.00000879
0.99778098 0.00000685
0.99845867 0.00000498
0.99901336 0.00000331
0.99944494 0.00000192
0.99975328 0.00000088
0.99993832 0.00000023
1.00000000 0.00000001
