sample_1377
1.00000000 0.00000001
0.99993832 0.00001317
0.99975328 0.00005264
0.99944494 0.00011840
0.99901336 0.00021040
0.99845867 0.00032860
0.99778098 0.00047291
0.99698048 0.00064327
0.99605735 0.00083955
0.99501183 0.00106165
0.99384417 0.00130944
0.99255466 0.00158276
0.99114363 0.00188145
0.98961141 0.00220533
0.98795838 0.00255421
0.98618496 0.00292788
0.98429158 0.00332611
0.98227871 0.00374866
0.98014684 0.00419529
0.97789651 0.00466572
0.97552826 0.00515966
0.97304268 0.00567682
0.97044038 0.00621689
0.96772202 0.00677953
0.96488824 0.00736439
0.96193977 0.00797114
0.95887731 0.00859937
0.95570164 0.00924872
0.95241353 0.00991878
0.94901379 0.01060913
0.94550326 0.01131932
0.94188282 0.01204893
0.93815334 0.01279748
0.93431576 0.01356449
0.93037101 0.01434946
0.92632008 0.01515190
0.92216396 0.01597127
0.91790368 0.01680703
0.91354029 0.01765862
0.90907486 0.01852547
0.90450850 0.01940699
0.89984233 0.02030259
0.89507751 0.02121163
0.89021520 0.02213348
0.88525662 0.02306749
0.88020298 0.02401300
0.87505553 0.02496932
0.86981555 0.02593575
0.86448431 0.02691159
0.85906315 0.02789610
0.85355339 0.02888854
0.84795640 0.02988817
0.84227355 0.03089421
0.83650626 0.03190588
0.83065593 0.03292238
0.82472402 0.03394292
0.81871199 0.03496668
0.81262133 0.03599283
0.80645353 0.03702053
0.80021011 0.03804895
0.79389263 0.03907724
0.78750263 0.04010453
0.78104169 0.04112996
0.77451141 0.04215268
0.76791340 0.04317181
0.76124928 0.04418647
0.75452071 0.04519581
0.74772933 0.04619895
0.74087684 0.04719502
0.73396491 0.04818316
0.72699525 0.04916252
0.71996958 0.05013224
0.71288965 0.05109149
0.70575718 0.05203942
0.69857395 0.05297522
0.69134172 0.05389809
0.68406228 0.05480721
0.67673742 0.05570183
0.66936896 0.05658118
0.66195871 0.05744450
0.65450850 0.05829109
0.64702016 0.05912024
0.63949555 0.05993127
0.63193652 0.06072352
0.62434494 0.06149637
0.61672268 0.06224920
0.60907162 0.06298144
0.60139365 0.06369253
0.59369066 0.06438195
0.58596455 0.06504921
0.57821723 0.06569383
0.57045062 0.06631537
0.56266662 0.06691344
0.55486716 0.06748765
0.54705416 0.06803766
0.53922955 0.06856315
0.53139526 0.06906382
0.52355323 0.06953942
0.51570538 0.06998973
0.50785366 0.07041455
0.50000000 0.07081369
0.49214634 0.07118703
0.48429462 0.07153443
0.47644677 0.07185582
0.46860474 0.07215112
0.46077045 0.07242030
0.45294584 0.07266334
0.44513284 0.07288024
0.43733338 0.07307103
0.42954938 0.07323575
0.42178277 0.07337446
0.41403545 0.07348725
0.40630934 0.07357421
0.39860635 0.07363545
0.39092838 0.07367110
0.38327732 0.07368129
0.37565506 0.07366616
0.36806348 0.07362588
0.36050445 0.07356060
0.35297984 0.07347049
0.34549150 0.07335573
0.33804129 0.07321649
0.33063104 0.07305296
0.32326258 0.07286532
0.31593772 0.07265376
0.30865828 0.07241846
0.30142605 0.07215959
0.29424282 0.07187735
0.28711035 0.07157192
0.28003042 0.07124346
0.27300475 0.07089216
0.26603509 0.07051818
0.25912316 0.07012168
0.25227067 0.06970283
0.24547929 0.06926179
0.23875072 0.06879869
0.23208660 0.06831370
0.22548859 0.06780695
0.21895831 0.06727857
0.21249737 0.06672870
0.20610737 0.06615747
0.19978989 0.06556500
0.19354647 0.06495142
0.18737867 0.06431684
0.18128801 0.06366138
0.17527598 0.06298516
0.16934407 0.06228829
0.16349374 0.06157088
0.15772645 0.06083306
0.15204360 0.06007494
0.14644661 0.05929663
0.14093685 0.05849827
0.13551569 0.05767998
0.13018445 0.05684189
0.12494447 0.05598413
0.11979702 0.05510685
0.11474338 0.05421021
0.10978480 0.05329435
0.10492249 0.05235945
0.10015767 0.05140568
0.09549150 0.05043323
0.09092514 0.04944230
0.08645971 0.04843309
0.08209632 0.04740583
0.07783604 0.04636075
0.07367992 0.04529810
0.06962899 0.04421813
0.06568424 0.04312113
0.06184666 0.04200738
0.05811718 0.04087718
0.05449674 0.03973085
0.05098621 0.03856873
0.04758647 0.03739115
0.04429836 0.03619850
0.04112269 0.03499113
0.03806023 0.03376945
0.03511176 0.03253386
0.03227798 0.03128479
0.02955962 0.03002267
0.02695732 0.02874795
0.02447174 0.02746111
0.02210349 0.02616262
0.01985316 0.02485297
0.01772129 0.02353267
0.01570842 0.02220224
0.01381504 0.02086221
0.01204162 0.01951312
0.01038859 0.01815553
0.00885637 0.01678999
0.00744534 0.01541708
0.00615583 0.01403738
0.00498817 0.01265148
0.00394265 0.01125998
0.00301952 0.00986348
0.00221902 0.00846260
0.00154133 0.00705795
0.00098664 0.00565015
0.00055506 0.00423982
0.00024672 0.00282760
0.00006168 0.00141412
0.00000000 0.00000000
0.00006168 -0.00104757
0.00024672 -0.00209258
0.00055506 -0.00313250
0.00098664 -0.00416482
0.00154133 -0.00518704
0.00221902 -0.00619672
0.00301952 -0.00719150
0.00394265 -0.00816904
0.00498817 -0.00912711
0.00615583 -0.01006355
0.00744534 -0.01097631
0.00885637 -0.01186343
0.01038859 -0.01272306
0.01204162 -0.01355347
0.01381504 -0.01435306
0.01570842 -0.01512036
0.01772129 -0.01585403
0.01985316 -0.01655287
0.02210349 -0.01721582
0.02447174 -0.01784197
0.02695732 -0.01843056
0.02955962 -0.01898097
0.03227798 -0.01949272
0.03511176 -0.01996549
0.03806023 -0.02039911
0.04112269 -0.02079354
0.04429836 -0.02114887
0.04758647 -0.02146535
0.05098621 -0.02174334
0.05449674 -0.02198334
0.05811718 -0.02218597
0.06184666 -0.02235196
0.06568424 -0.02248214
0.06962899 -0.02257744
0.07367992 -0.02263890
0.07783604 -0.02266763
0.08209632 -0.02266483
0.08645971 -0.02263174
0.09092514 -0.02256970
0.09549150 -0.02248006
0.10015767 -0.02236424
0.10492249 -0.02222369
0.10978480 -0.02205989
0.11474338 -0.02187432
0.11979702 -0.02166848
0.12494447 -0.02144387
0.13018445 -0.02120200
0.13551569 -0.02094435
0.14093685 -0.02067237
0.14644661 -0.02038752
0.15204360 -0.02009120
0.15772645 -0.01978476
0.16349374 -0.01946956
0.16934407 -0.01914686
0.17527598 -0.01881789
0.18128801 -0.01848383
0.18737867 -0.01814580
0.19354647 -0.01780486
0.19978989 -0.01746200
0.20610737 -0.01711817
0.21249737 -0.01677423
0.21895831 -0.01643100
0.22548859 -0.01608922
0.23208660 -0.01574957
0.23875072 -0.01541267
0.24547929 -0.01507909
0.25227067 -0.01474932
0.25912316 -0.01442381
0.26603509 -0.01410295
0.27300475 -0.01378707
0.28003042 -0.01347648
0.28711035 -0.01317140
0.29424282 -0.01287205
0.30142605 -0.01257857
0.30865828 -0.01229110
0.31593772 -0.01200972
0.32326258 -0.01173450
0.33063104 -0.01146547
0.33804129 -0.01120263
0.34549150 -0.01094600
0.35297984 -0.01069552
0.36050445 -0.01045117
0.36806348 -0.01021289
0.37565506 -0.00998063
0.38327732 -0.00975430
0.39092838 -0.00953384
0.39860635 -0.00931918
0.40630934 -0.00911022
0.41403545 -0.00890691
0.42178277 -0.00870915
0.42954938 -0.00851689
0.43733338 -0.00833003
0.44513284 -0.00814852
0.45294584 -0.00797229
0.46077045 -0.00780129
0.46860474 -0.00763544
0.47644677 -0.00747471
0.48429462 -0.00731903
0.49214634 -0.00716836
0.50000000 -0.00702264
0.50785366 -0.00688183
0.51570538 -0.00674589
0.52355323 -0.00661475
0.53139526 -0.00648837
0.53922955 -0.00636669
0.54705416 -0.00624964
0.55486716 -0.00613717
0.56266662 -0.00602919
0.57045062 -0.00592563
0.57821723 -0.00582639
0.58596455 -0.00573138
0.59369066 -0.00564048
0.60139365 -0.00555358
0.60907162 -0.00547054
0.61672268 -0.00539123
0.62434494 -0.00531549
0.63193652 -0.00524315
0.63949555 -0.00517403
0.64702016 -0.00510796
0.65450850 -0.00504474
0.66195871 -0.00498416
0.66936896 -0.00492599
0.67673742 -0.00487003
0.68406228 -0.00481603
0.69134172 -0.00476376
0.69857395 -0.00471298
0.70575718 -0.00466345
0.71288965 -0.00461490
0.71996958 -0.00456711
0.72699525 -0.00451981
0.73396491 -0.00447277
0.74087684 -0.00442574
0.74772933 -0.00437848
0.75452071 -0.00433077
0.76124928 -0.00428239
0.76791340 -0.00423313
0.77451141 -0.00418278
0.78104169 -0.00413116
0.78750263 -0.00407810
0.79389263 -0.00402344
0.80021011 -0.00396703
0.80645353 -0.00390876
0.81262133 -0.00384851
0.81871199 -0.00378620
0.82472402 -0.00372175
0.83065593 -0.00365512
0.83650626 -0.00358627
0.84227355 -0.00351518
0.84795640 -0.00344187
0.85355339 -0.00336636
0.85906315 -0.00328870
0.86448431 -0.00320893
0.86981555 -0.00312715
0.87505553 -0.00304345
0.88020298 -0.00295795
0.88525662 -0.00287076
0.89021520 -0.00278202
0.89507751 -0.00269190
0.89984233 -0.00260056
0.90450850 -0.00250816
0.90907486 -0.00241489
0.91354029 -0.00232094
0.91790368 -0.00222652
0.92216396 -0.00213181
0.92632008 -0.00203704
0.93037101 -0.00194239
0.93431576 -0.00184809
0.93815334 -0.00175433
0.94188282 -0.00166134
0.94550326 -0.00156930
0.94901379 -0.00147842
0.95241353 -0.00138891
0.95570164 -0.00130094
0.95887731 -0.00121471
0.96193977 -0.00113039
0.96488824 -0.00104815
0.96772202 -0.00096816
0.97044038 -0.00089058
0.97304268 -0.00081554
0.97552826 -0.00074319
0.97789651 -0.00067365
0.98014684 -0.00060705
0.98227871 -0.00054350
0.98429158 -0.00048310
0.98618496 -0.00042594
0.98795838 -0.00037212
0.98961141 -0.00032170
0.99114363 -0.00027477
0.99255466 -0.00023138
0.99384417 -0.00019159
0.99501183 -0.00015546
0.99605735 -0.00012301
0.99698048 -0.00009430
0.99778098 -0.00006936
0.99845867 -0.00004821
0.99901336 -0.00003087
0.99944494 -0.00001737
0.99975328 -0.00000772
0.99993832 -0.00000192
1.00000000 0.00000001
