sample_313
1.00000000 0.00000001
0.99993832 0.00000720
0.99975328 0.00002878
0.99944494 0.00006481
0.99901336 0.00011537
0.99845867 0.00018062
0.99778098 0.00026070
0.99698048 0.00035582
0.99605735 0.00046622
0.99501183 0.00059215
0.99384417 0.00073390
0.99255466 0.00089178
0.99114363 0.00106613
0.98961141 0.00125729
0.98795838 0.00146564
0.98618496 0.00169155
0.98429158 0.00193541
0.98227871 0.00219760
0.98014684 0.00247851
0.97789651 0.00277853
0.97552826 0.00309803
0.97304268 0.00343738
0.97044038 0.00379692
0.96772202 0.00417699
0.96488824 0.00457790
0.96193977 0.00499992
0.95887731 0.00544333
0.95570164 0.00590833
0.95241353 0.00639512
0.94901379 0.00690386
0.94550326 0.00743466
0.94188282 0.00798760
0.93815334 0.00856273
0.93431576 0.00916002
0.93037101 0.00977944
0.92632008 0.01042090
0.92216396 0.01108426
0.91790368 0.01176935
0.91354029 0.01247595
0.90907486 0.01320380
0.90450850 0.01395260
0.89984233 0.01472202
0.89507751 0.01551167
0.89021520 0.01632115
0.88525662 0.01715002
0.88020298 0.01799779
0.87505553 0.01886397
0.86981555 0.01974801
0.86448431 0.02064938
0.85906315 0.02156749
0.85355339 0.02250175
0.84795640 0.02345154
0.84227355 0.02441624
0.83650626 0.02539521
0.83065593 0.02638781
0.82472402 0.02739339
0.81871199 0.02841127
0.81262133 0.02944082
0.80645353 0.03048135
0.80021011 0.03153221
0.79389263 0.03259272
0.78750263 0.03366224
0.78104169 0.03474010
0.77451141 0.03582564
0.76791340 0.03691821
0.76124928 0.03801715
0.75452071 0.03912181
0.74772933 0.04023155
0.74087684 0.04134570
0.73396491 0.04246362
0.72699525 0.04358465
0.71996958 0.04470812
0.71288965 0.04583338
0.70575718 0.04695973
0.69857395 0.04808650
0.69134172 0.04921297
0.68406228 0.05033843
0.67673742 0.05146214
0.66936896 0.05258334
0.66195871 0.05370123
0.65450850 0.05481502
0.64702016 0.05592386
0.63949555 0.05702687
0.63193652 0.05812316
0.62434494 0.05921177
0.61672268 0.06029175
0.60907162 0.06136206
0.60139365 0.06242166
0.59369066 0.06346944
0.58596455 0.06450428
0.57821723 0.06552499
0.57045062 0.06653036
0.56266662 0.06751913
0.55486716 0.06849000
0.54705416 0.06944164
0.53922955 0.07037269
0.53139526 0.07128174
0.52355323 0.07216736
0.51570538 0.07302810
0.50785366 0.07386248
0.50000000 0.07466899
0.49214634 0.07544612
0.48429462 0.07619236
0.47644677 0.07690618
0.46860474 0.07758605
0.46077045 0.07823045
0.45294584 0.07883789
0.44513284 0.07940688
0.43733338 0.07993597
0.42954938 0.08042372
0.42178277 0.08086876
0.41403545 0.08126975
0.40630934 0.08162540
0.39860635 0.08193449
0.39092838 0.08219585
0.38327732 0.08240841
0.37565506 0.08257116
0.36806348 0.08268317
0.36050445 0.08274362
0.35297984 0.08275178
0.34549150 0.08270701
0.33804129 0.08260880
0.33063104 0.08245672
0.32326258 0.08225048
0.31593772 0.08198991
0.30865828 0.08167494
0.30142605 0.08130564
0.29424282 0.08088220
0.28711035 0.08040494
0.28003042 0.07987430
0.27300475 0.07929086
0.26603509 0.07865531
0.25912316 0.07796849
0.25227067 0.07723133
0.24547929 0.07644490
0.23875072 0.07561039
0.23208660 0.07472910
0.22548859 0.07380244
0.21895831 0.07283193
0.21249737 0.07181918
0.20610737 0.07076591
0.19978989 0.06967391
0.19354647 0.06854507
0.18737867 0.06738133
0.18128801 0.06618474
0.17527598 0.06495736
0.16934407 0.06370133
0.16349374 0.06241884
0.15772645 0.06111210
0.15204360 0.05978336
0.14644661 0.05843487
0.14093685 0.05706891
0.13551569 0.05568775
0.13018445 0.05429365
0.12494447 0.05288888
0.11979702 0.05147566
0.11474338 0.05005619
0.10978480 0.04863262
0.10492249 0.04720707
0.10015767 0.04578158
0.09549150 0.04435816
0.09092514 0.04293872
0.08645971 0.04152512
0.08209632 0.04011913
0.07783604 0.03872242
0.07367992 0.03733658
0.06962899 0.03596311
0.06568424 0.03460340
0.06184666 0.03325874
0.05811718 0.03193029
0.05449674 0.03061913
0.05098621 0.02932620
0.04758647 0.02805235
0.04429836 0.02679829
0.04112269 0.02556462
0.03806023 0.02435182
0.03511176 0.02316026
0.03227798 0.02199019
0.02955962 0.02084172
0.02695732 0.01971487
0.02447174 0.01860955
0.02210349 0.01752553
0.01985316 0.01646249
0.01772129 0.01542001
0.01570842 0.01439756
0.01381504 0.01339449
0.01204162 0.01241010
0.01038859 0.01144356
0.00885637 0.01049397
0.00744534 0.00956036
0.00615583 0.00864166
0.00498817 0.00773675
0.00394265 0.00684443
0.00301952 0.00596346
0.00221902 0.00509253
0.00154133 0.00423031
0.00098664 0.00337539
0.00055506 0.00252635
0.00024672 0.00168176
0.00006168 0.00084014
0.00000000 0.00000000
0.00006168 -0.00099176
0.00024672 -0.00198267
0.00055506 -0.00297186
0.00098664 -0.00395847
0.00154133 -0.00494166
0.00221902 -0.00592056
0.00301952 -0.00689432
0.00394265 -0.00786208
0.00498817 -0.00882298
0.00615583 -0.00977616
0.00744534 -0.01072078
0.00885637 -0.01165597
0.01038859 -0.01258089
0.01204162 -0.01349467
0.01381504 -0.01439648
0.01570842 -0.01528547
0.01772129 -0.01616079
0.01985316 -0.01702160
0.02210349 -0.01786707
0.02447174 -0.01869637
0.02695732 -0.01950868
0.02955962 -0.02030317
0.03227798 -0.02107905
0.03511176 -0.02183551
0.03806023 -0.02257176
0.04112269 -0.02328704
0.04429836 -0.02398057
0.04758647 -0.02465162
0.05098621 -0.02529944
0.05449674 -0.02592333
0.05811718 -0.02652260
0.06184666 -0.02709656
0.06568424 -0.02764458
0.06962899 -0.02816602
0.07367992 -0.02866029
0.07783604 -0.02912682
0.08209632 -0.02956507
0.08645971 -0.02997453
0.09092514 -0.03035473
0.09549150 -0.03070523
0.10015767 -0.03102564
0.10492249 -0.03131559
0.10978480 -0.03157477
0.11474338 -0.03180291
0.11979702 -0.03199977
0.12494447 -0.03216518
0.13018445 -0.03229900
0.13551569 -0.03240115
0.14093685 -0.03247159
0.14644661 -0.03251036
0.15204360 -0.03251751
0.15772645 -0.03249318
0.16349374 -0.03243756
0.16934407 -0.03235089
0.17527598 -0.03223346
0.18128801 -0.03208562
0.18737867 -0.03190780
0.19354647 -0.03170045
0.19978989 -0.03146412
0.20610737 -0.03119936
0.21249737 -0.03090684
0.21895831 -0.03058724
0.22548859 -0.03024131
0.23208660 -0.02986985
0.23875072 -0.02947372
0.24547929 -0.02905382
0.25227067 -0.02861109
0.25912316 -0.02814653
0.26603509 -0.02766119
0.27300475 -0.02715615
0.28003042 -0.02663251
0.28711035 -0.02609145
0.29424282 -0.02553413
0.30142605 -0.02496179
0.30865828 -0.02437565
0.31593772 -0.02377699
0.32326258 -0.02316709
0.33063104 -0.02254724
0.33804129 -0.02191875
0.34549150 -0.02128293
0.35297984 -0.02064112
0.36050445 -0.01999461
0.36806348 -0.01934473
0.37565506 -0.01869278
0.38327732 -0.01804005
0.39092838 -0.01738781
0.39860635 -0.01673733
0.40630934 -0.01608982
0.41403545 -0.01544649
0.42178277 -0.01480850
0.42954938 -0.01417700
0.43733338 -0.01355307
0.44513284 -0.01293777
0.45294584 -0.01233210
0.46077045 -0.01173703
0.46860474 -0.01115345
0.47644677 -0.01058223
0.48429462 -0.01002416
0.49214634 -0.00948000
0.50000000 -0.00895041
0.50785366 -0.00843604
0.51570538 -0.00793743
0.52355323 -0.00745508
0.53139526 -0.00698944
0.53922955 -0.00654088
0.54705416 -0.00610971
0.55486716 -0.00569617
0.56266662 -0.00530045
0.57045062 -0.00492267
0.57821723 -0.00456289
0.58596455 -0.00422112
0.59369066 -0.00389729
0.60139365 -0.00359130
0.60907162 -0.00330297
0.61672268 -0.00303209
0.62434494 -0.00277839
0.63193652 -0.00254155
0.63949555 -0.00232120
0.64702016 -0.00211695
0.65450850 -0.00192835
0.66195871 -0.00175492
0.66936896 -0.00159616
0.67673742 -0.00145151
0.68406228 -0.00132043
0.69134172 -0.00120231
0.69857395 -0.00109655
0.70575718 -0.00100252
0.71288965 -0.00091960
0.71996958 -0.00084713
0.72699525 -0.00078446
0.73396491 -0.00073094
0.74087684 -0.00068591
0.74772933 -0.00064872
0.75452071 -0.00061874
0.76124928 -0.00059531
0.76791340 -0.00057783
0.77451141 -0.00056567
0.78104169 -0.00055825
0.78750263 -0.00055498
0.79389263 -0.00055532
0.80021011 -0.00055872
0.80645353 -0.00056468
0.81262133 -0.00057272
0.81871199 -0.00058237
0.82472402 -0.00059321
0.83065593 -0.00060482
0.83650626 -0.00061684
0.84227355 -0.00062891
0.84795640 -0.00064072
0.85355339 -0.00065198
0.85906315 -0.00066243
0.86448431 -0.00067184
0.86981555 -0.00068001
0.87505553 -0.00068676
0.88020298 -0.00069195
0.88525662 -0.00069545
0.89021520 -0.00069717
0.89507751 -0.00069704
0.89984233 -0.00069501
0.90450850 -0.00069106
0.90907486 -0.00068517
0.91354029 -0.00067736
0.91790368 -0.00066768
0.92216396 -0.00065615
0.92632008 -0.00064286
0.93037101 -0.00062788
0.93431576 -0.00061130
0.93815334 -0.00059323
0.94188282 -0.00057377
0.94550326 -0.00055305
0.94901379 -0.00053119
0.95241353 -0.00050834
0.95570164 -0.00048462
0.95887731 -0.00046019
0.96193977 -0.00043518
0.96488824 -0.00040975
0.96772202 -0.00038403
0.97044038 -0.00035818
0.97304268 -0.00033233
0.97552826 -0.00030664
0.97789651 -0.00028124
0.98014684 -0.00025626
0.98227871 -0.00023184
0.98429158 -0.00020811
0.98618496 -0.00018517
0.98795838 -0.00016316
0.98961141 -0.00014218
0.99114363 -0.00012233
0.99255466 -0.00010370
0.99384417 -0.00008640
0.99501183 -0.00007049
0.99605735 -0.00005605
0.99698048 -0.00004316
0.99778098 -0.00003186
0.99845867 -0.00002221
0.99901336 -0.00001426
0.99944494 -0.00000804
0.99975328 -0.00000357
0.99993832 -0.00000088
1.00000000 0.00000001
