sample_1115
1.00000000 0.00000001
0.99993832 0.00000695
0.99975328 0.00002774
0.99944494 0.00006242
0.99901336 0.00011101
0.99845867 0.00017353
0.99778098 0.00025003
0.99698048 0.00034055
0.99605735 0.00044517
0.99501183 0.00056394
0.99384417 0.00069695
0.99255466 0.00084428
0.99114363 0.00100602
0.98961141 0.00118228
0.98795838 0.00137317
0.98618496 0.00157881
0.98429158 0.00179932
0.98227871 0.00203483
0.98014684 0.00228549
0.97789651 0.00255145
0.97552826 0.00283285
0.97304268 0.00312986
0.97044038 0.00344263
0.96772202 0.00377135
0.96488824 0.00411618
0.96193977 0.00447730
0.95887731 0.00485490
0.95570164 0.00524915
0.95241353 0.00566024
0.94901379 0.00608836
0.94550326 0.00653369
0.94188282 0.00699643
0.93815334 0.00747675
0.93431576 0.00797483
0.93037101 0.00849087
0.92632008 0.00902502
0.92216396 0.00957747
0.91790368 0.01014836
0.91354029 0.01073785
0.90907486 0.01134609
0.90450850 0.01197320
0.89984233 0.01261930
0.89507751 0.01328450
0.89021520 0.01396888
0.88525662 0.01467250
0.88020298 0.01539543
0.87505553 0.01613767
0.86981555 0.01689925
0.86448431 0.01768012
0.85906315 0.01848025
0.85355339 0.01929956
0.84795640 0.02013792
0.84227355 0.02099519
0.83650626 0.02187120
0.83065593 0.02276571
0.82472402 0.02367848
0.81871199 0.02460920
0.81262133 0.02555752
0.80645353 0.02652305
0.80021011 0.02750536
0.79389263 0.02850396
0.78750263 0.02951831
0.78104169 0.03054782
0.77451141 0.03159184
0.76791340 0.03264969
0.76124928 0.03372062
0.75452071 0.03480380
0.74772933 0.03589839
0.74087684 0.03700347
0.73396491 0.03811805
0.72699525 0.03924112
0.71996958 0.04037157
0.71288965 0.04150827
0.70575718 0.04265004
0.69857395 0.04379561
0.69134172 0.04494370
0.68406228 0.04609295
0.67673742 0.04724198
0.66936896 0.04838935
0.66195871 0.04953359
0.65450850 0.05067318
0.64702016 0.05180658
0.63949555 0.05293220
0.63193652 0.05404845
0.62434494 0.05515370
0.61672268 0.05624630
0.60907162 0.05732460
0.60139365 0.05838694
0.59369066 0.05943165
0.58596455 0.06045707
0.57821723 0.06146153
0.57045062 0.06244341
0.56266662 0.06340109
0.55486716 0.06433295
0.54705416 0.06523744
0.53922955 0.06611304
0.53139526 0.06695825
0.52355323 0.06777163
0.51570538 0.06855181
0.50785366 0.06929745
0.50000000 0.07000729
0.49214634 0.07068015
0.48429462 0.07131489
0.47644677 0.07191048
0.46860474 0.07246596
0.46077045 0.07298045
0.45294584 0.07345318
0.44513284 0.07388344
0.43733338 0.07427064
0.42954938 0.07461428
0.42178277 0.07491396
0.41403545 0.07516938
0.40630934 0.07538034
0.39860635 0.07554674
0.39092838 0.07566858
0.38327732 0.07574596
0.37565506 0.07577908
0.36806348 0.07576824
0.36050445 0.07571384
0.35297984 0.07561636
0.34549150 0.07547637
0.33804129 0.07529454
0.33063104 0.07507160
0.32326258 0.07480837
0.31593772 0.07450575
0.30865828 0.07416469
0.30142605 0.07378620
0.29424282 0.07337136
0.28711035 0.07292130
0.28003042 0.07243717
0.27300475 0.07192019
0.26603509 0.07137158
0.25912316 0.07079260
0.25227067 0.07018452
0.24547929 0.06954863
0.23875072 0.06888621
0.23208660 0.06819854
0.22548859 0.06748689
0.21895831 0.06675253
0.21249737 0.06599669
0.20610737 0.06522057
0.19978989 0.06442534
0.19354647 0.06361215
0.18737867 0.06278208
0.18128801 0.06193619
0.17527598 0.06107545
0.16934407 0.06020082
0.16349374 0.05931317
0.15772645 0.05841332
0.15204360 0.05750203
0.14644661 0.05658000
0.14093685 0.05564784
0.13551569 0.05470612
0.13018445 0.05375535
0.12494447 0.05279595
0.11979702 0.05182829
0.11474338 0.05085268
0.10978480 0.04986936
0.10492249 0.04887852
0.10015767 0.04788030
0.09549150 0.04687477
0.09092514 0.04586198
0.08645971 0.04484191
0.08209632 0.04381451
0.07783604 0.04277969
0.07367992 0.04173735
0.06962899 0.04068734
0.06568424 0.03962949
0.06184666 0.03856364
0.05811718 0.03748960
0.05449674 0.03640717
0.05098621 0.03531617
0.04758647 0.03421641
0.04429836 0.03310771
0.04112269 0.03198992
0.03806023 0.03086288
0.03511176 0.02972650
0.03227798 0.02858067
0.02955962 0.02742533
0.02695732 0.02626047
0.02447174 0.02508609
0.02210349 0.02390225
0.01985316 0.02270905
0.01772129 0.02150662
0.01570842 0.02029515
0.01381504 0.01907487
0.01204162 0.01784604
0.01038859 0.01660900
0.00885637 0.01536412
0.00744534 0.01411179
0.00615583 0.01285247
0.00498817 0.01158666
0.00394265 0.01031488
0.00301952 0.00903771
0.00221902 0.00775574
0.00154133 0.00646961
0.00098664 0.00517996
0.00055506 0.00388748
0.00024672 0.00259285
0.00006168 0.00129679
0.00000000 0.00000000
0.00006168 -0.00100187
0.00024672 -0.00200292
0.00055506 -0.00300229
0.00098664 -0.00399917
0.00154133 -0.00499272
0.00221902 -0.00598209
0.00301952 -0.00696644
0.00394265 -0.00794494
0.00498817 -0.00891674
0.00615583 -0.00988098
0.00744534 -0.01083681
0.00885637 -0.01178339
0.01038859 -0.01271984
0.01204162 -0.01364530
0.01381504 -0.01455893
0.01570842 -0.01545984
0.01772129 -0.01634719
0.01985316 -0.01722011
0.02210349 -0.01807775
0.02447174 -0.01891926
0.02695732 -0.01974379
0.02955962 -0.02055050
0.03227798 -0.02133859
0.03511176 -0.02210723
0.03806023 -0.02285563
0.04112269 -0.02358302
0.04429836 -0.02428864
0.04758647 -0.02497177
0.05098621 -0.02563169
0.05449674 -0.02626773
0.05811718 -0.02687925
0.06184666 -0.02746564
0.06568424 -0.02802633
0.06962899 -0.02856078
0.07367992 -0.02906850
0.07783604 -0.02954905
0.08209632 -0.03000204
0.08645971 -0.03042710
0.09092514 -0.03082395
0.09549150 -0.03119233
0.10015767 -0.03153205
0.10492249 -0.03184298
0.10978480 -0.03212504
0.11474338 -0.03237819
0.11979702 -0.03260249
0.12494447 -0.03279800
0.13018445 -0.03296490
0.13551569 -0.03310337
0.14093685 -0.03321369
0.14644661 -0.03329617
0.15204360 -0.03335118
0.15772645 -0.03337916
0.16349374 -0.03338056
0.16934407 -0.03335592
0.17527598 -0.03330581
0.18128801 -0.03323085
0.18737867 -0.03313169
0.19354647 -0.03300902
0.19978989 -0.03286358
0.20610737 -0.03269614
0.21249737 -0.03250747
0.21895831 -0.03229840
0.22548859 -0.03206977
0.23208660 -0.03182243
0.23875072 -0.03155726
0.24547929 -0.03127514
0.25227067 -0.03097697
0.25912316 -0.03066363
0.26603509 -0.03033602
0.27300475 -0.02999504
0.28003042 -0.02964158
0.28711035 -0.02927652
0.29424282 -0.02890071
0.30142605 -0.02851503
0.30865828 -0.02812030
0.31593772 -0.02771735
0.32326258 -0.02730697
0.33063104 -0.02688994
0.33804129 -0.02646700
0.34549150 -0.02603889
0.35297984 -0.02560629
0.36050445 -0.02516989
0.36806348 -0.02473032
0.37565506 -0.02428820
0.38327732 -0.02384410
0.39092838 -0.02339860
0.39860635 -0.02295222
0.40630934 -0.02250544
0.41403545 -0.02205876
0.42178277 -0.02161262
0.42954938 -0.02116743
0.43733338 -0.02072359
0.44513284 -0.02028149
0.45294584 -0.01984146
0.46077045 -0.01940384
0.46860474 -0.01896895
0.47644677 -0.01853708
0.48429462 -0.01810851
0.49214634 -0.01768350
0.50000000 -0.01726230
0.50785366 -0.01684516
0.51570538 -0.01643230
0.52355323 -0.01602395
0.53139526 -0.01562030
0.53922955 -0.01522158
0.54705416 -0.01482797
0.55486716 -0.01443967
0.56266662 -0.01405686
0.57045062 -0.01367973
0.57821723 -0.01330845
0.58596455 -0.01294319
0.59369066 -0.01258414
0.60139365 -0.01223144
0.60907162 -0.01188526
0.61672268 -0.01154575
0.62434494 -0.01121306
0.63193652 -0.01088734
0.63949555 -0.01056871
0.64702016 -0.01025731
0.65450850 -0.00995324
0.66195871 -0.00965662
0.66936896 -0.00936754
0.67673742 -0.00908608
0.68406228 -0.00881231
0.69134172 -0.00854628
0.69857395 -0.00828803
0.70575718 -0.00803758
0.71288965 -0.00779493
0.71996958 -0.00756007
0.72699525 -0.00733296
0.73396491 -0.00711354
0.74087684 -0.00690174
0.74772933 -0.00669745
0.75452071 -0.00650056
0.76124928 -0.00631092
0.76791340 -0.00612837
0.77451141 -0.00595273
0.78104169 -0.00578379
0.78750263 -0.00562132
0.79389263 -0.00546509
0.80021011 -0.00531483
0.80645353 -0.00517025
0.81262133 -0.00503108
0.81871199 -0.00489699
0.82472402 -0.00476768
0.83065593 -0.00464280
0.83650626 -0.00452203
0.84227355 -0.00440502
0.84795640 -0.00429142
0.85355339 -0.00418090
0.85906315 -0.00407309
0.86448431 -0.00396766
0.86981555 -0.00386428
0.87505553 -0.00376262
0.88020298 -0.00366236
0.88525662 -0.00356321
0.89021520 -0.00346487
0.89507751 -0.00336709
0.89984233 -0.00326961
0.90450850 -0.00317222
0.90907486 -0.00307471
0.91354029 -0.00297692
0.91790368 -0.00287870
0.92216396 -0.00277993
0.92632008 -0.00268052
0.93037101 -0.00258043
0.93431576 -0.00247963
0.93815334 -0.00237812
0.94188282 -0.00227595
0.94550326 -0.00217318
0.94901379 -0.00206991
0.95241353 -0.00196628
0.95570164 -0.00186245
0.95887731 -0.00175859
0.96193977 -0.00165493
0.96488824 -0.00155171
0.96772202 -0.00144917
0.97044038 -0.00134760
0.97304268 -0.00124731
0.97552826 -0.00114859
0.97789651 -0.00105178
0.98014684 -0.00095720
0.98227871 -0.00086521
0.98429158 -0.00077614
0.98618496 -0.00069035
0.98795838 -0.00060816
0.98961141 -0.00052994
0.99114363 -0.00045599
0.99255466 -0.00038664
0.99384417 -0.00032220
0.99501183 -0.00026296
0.99605735 -0.00020918
0.99698048 -0.00016112
0.99778098 -0.00011899
0.99845867 -0.00008299
0.99901336 -0.00005330
0.99944494 -0.00003006
0.99975328 -0.00001338
0.99993832 -0.00000334
1.00000000 0.00000001
