sample_130
1.00000000 0.00000001
0.99993832 0.00001126
0.99975328 0.00004500
0.99944494 0.00010121
0.99901336 0.00017989
0.99845867 0.00028102
0.99778098 0.00040455
0.99698048 0.00055046
0.99605735 0.00071871
0.99501183 0.00090924
0.99384417 0.00112200
0.99255466 0.00135693
0.99114363 0.00161396
0.98961141 0.00189301
0.98795838 0.00219400
0.98618496 0.00251684
0.98429158 0.00286143
0.98227871 0.00322766
0.98014684 0.00361541
0.97789651 0.00402457
0.97552826 0.00445501
0.97304268 0.00490658
0.97044038 0.00537913
0.96772202 0.00587251
0.96488824 0.00638654
0.96193977 0.00692104
0.95887731 0.00747584
0.95570164 0.00805071
0.95241353 0.00864546
0.94901379 0.00925984
0.94550326 0.00989363
0.94188282 0.01054658
0.93815334 0.01121840
0.93431576 0.01190883
0.93037101 0.01261757
0.92632008 0.01334431
0.92216396 0.01408871
0.91790368 0.01485043
0.91354029 0.01562911
0.90907486 0.01642436
0.90450850 0.01723580
0.89984233 0.01806300
0.89507751 0.01890551
0.89021520 0.01976289
0.88525662 0.02063466
0.88020298 0.02152032
0.87505553 0.02241934
0.86981555 0.02333119
0.86448431 0.02425530
0.85906315 0.02519109
0.85355339 0.02613797
0.84795640 0.02709529
0.84227355 0.02806242
0.83650626 0.02903869
0.83065593 0.03002341
0.82472402 0.03101588
0.81871199 0.03201537
0.81262133 0.03302113
0.80645353 0.03403240
0.80021011 0.03504840
0.79389263 0.03606835
0.78750263 0.03709142
0.78104169 0.03811680
0.77451141 0.03914364
0.76791340 0.04017112
0.76124928 0.04119836
0.75452071 0.04222451
0.74772933 0.04324869
0.74087684 0.04427004
0.73396491 0.04528767
0.72699525 0.04630071
0.71996958 0.04730828
0.71288965 0.04830951
0.70575718 0.04930352
0.69857395 0.05028946
0.69134172 0.05126648
0.68406228 0.05223372
0.67673742 0.05319036
0.66936896 0.05413559
0.66195871 0.05506860
0.65450850 0.05598861
0.64702016 0.05689486
0.63949555 0.05778661
0.63193652 0.05866315
0.62434494 0.05952378
0.61672268 0.06036784
0.60907162 0.06119469
0.60139365 0.06200372
0.59369066 0.06279436
0.58596455 0.06356605
0.57821723 0.06431828
0.57045062 0.06505057
0.56266662 0.06576247
0.55486716 0.06645355
0.54705416 0.06712344
0.53922955 0.06777178
0.53139526 0.06839825
0.52355323 0.06900257
0.51570538 0.06958450
0.50785366 0.07014380
0.50000000 0.07068028
0.49214634 0.07119380
0.48429462 0.07168422
0.47644677 0.07215143
0.46860474 0.07259537
0.46077045 0.07301597
0.45294584 0.07341321
0.44513284 0.07378709
0.43733338 0.07413761
0.42954938 0.07446481
0.42178277 0.07476873
0.41403545 0.07504944
0.40630934 0.07530699
0.39860635 0.07554147
0.39092838 0.07575297
0.38327732 0.07594158
0.37565506 0.07610739
0.36806348 0.07625049
0.36050445 0.07637097
0.35297984 0.07646893
0.34549150 0.07654443
0.33804129 0.07659756
0.33063104 0.07662838
0.32326258 0.07663693
0.31593772 0.07662325
0.30865828 0.07658736
0.30142605 0.07652927
0.29424282 0.07644896
0.28711035 0.07634639
0.28003042 0.07622152
0.27300475 0.07607426
0.26603509 0.07590452
0.25912316 0.07571218
0.25227067 0.07549709
0.24547929 0.07525910
0.23875072 0.07499801
0.23208660 0.07471362
0.22548859 0.07440569
0.21895831 0.07407397
0.21249737 0.07371819
0.20610737 0.07333805
0.19978989 0.07293326
0.19354647 0.07250347
0.18737867 0.07204836
0.18128801 0.07156757
0.17527598 0.07106074
0.16934407 0.07052748
0.16349374 0.06996744
0.15772645 0.06938021
0.15204360 0.06876542
0.14644661 0.06812268
0.14093685 0.06745161
0.13551569 0.06675184
0.13018445 0.06602300
0.12494447 0.06526474
0.11979702 0.06447672
0.11474338 0.06365863
0.10978480 0.06281015
0.10492249 0.06193102
0.10015767 0.06102098
0.09549150 0.06007982
0.09092514 0.05910734
0.08645971 0.05810340
0.08209632 0.05706787
0.07783604 0.05600068
0.07367992 0.05490179
0.06962899 0.05377122
0.06568424 0.05260901
0.06184666 0.05141528
0.05811718 0.05019017
0.05449674 0.04893390
0.05098621 0.04764672
0.04758647 0.04632894
0.04429836 0.04498094
0.04112269 0.04360313
0.03806023 0.04219601
0.03511176 0.04076010
0.03227798 0.03929601
0.02955962 0.03780438
0.02695732 0.03628593
0.02447174 0.03474143
0.02210349 0.03317169
0.01985316 0.03157759
0.01772129 0.02996007
0.01570842 0.02832010
0.01381504 0.02665872
0.01204162 0.02497701
0.01038859 0.02327609
0.00885637 0.02155715
0.00744534 0.01982140
0.00615583 0.01807009
0.00498817 0.01630452
0.00394265 0.01452601
0.00301952 0.01273591
0.00221902 0.01093562
0.00154133 0.00912654
0.00098664 0.00731011
0.00055506 0.00548777
0.00024672 0.00366098
0.00006168 0.00183124
0.00000000 0.00000000
0.00006168 -0.00111368
0.00024672 -0.00222635
0.00055506 -0.00333701
0.00098664 -0.00444463
0.00154133 -0.00554823
0.00221902 -0.00664680
0.00301952 -0.00773933
0.00394265 -0.00882483
0.00498817 -0.00990232
0.00615583 -0.01097080
0.00744534 -0.01202929
0.00885637 -0.01307684
0.01038859 -0.01411246
0.01204162 -0.01513521
0.01381504 -0.01614413
0.01570842 -0.01713830
0.01772129 -0.01811678
0.01985316 -0.01907868
0.02210349 -0.02002308
0.02447174 -0.02094910
0.02695732 -0.02185588
0.02955962 -0.02274256
0.03227798 -0.02360831
0.03511176 -0.02445232
0.03806023 -0.02527378
0.04112269 -0.02607193
0.04429836 -0.02684602
0.04758647 -0.02759531
0.05098621 -0.02831911
0.05449674 -0.02901675
0.05811718 -0.02968758
0.06184666 -0.03033097
0.06568424 -0.03094636
0.06962899 -0.03153318
0.07367992 -0.03209092
0.07783604 -0.03261909
0.08209632 -0.03311725
0.08645971 -0.03358499
0.09092514 -0.03402194
0.09549150 -0.03442777
0.10015767 -0.03480220
0.10492249 -0.03514498
0.10978480 -0.03545591
0.11474338 -0.03573484
0.11979702 -0.03598167
0.12494447 -0.03619633
0.13018445 -0.03637881
0.13551569 -0.03652916
0.14093685 -0.03664745
0.14644661 -0.03673383
0.15204360 -0.03678848
0.15772645 -0.03681164
0.16349374 -0.03680360
0.16934407 -0.03676471
0.17527598 -0.03669536
0.18128801 -0.03659598
0.18737867 -0.03646707
0.19354647 -0.03630918
0.19978989 -0.03612290
0.20610737 -0.03590886
0.21249737 -0.03566776
0.21895831 -0.03540033
0.22548859 -0.03510734
0.23208660 -0.03478962
0.23875072 -0.03444803
0.24547929 -0.03408347
0.25227067 -0.03369689
0.25912316 -0.03328924
0.26603509 -0.03286155
0.27300475 -0.03241486
0.28003042 -0.03195021
0.28711035 -0.03146872
0.29424282 -0.03097149
0.30142605 -0.03045965
0.30865828 -0.02993436
0.31593772 -0.02939678
0.32326258 -0.02884808
0.33063104 -0.02828945
0.33804129 -0.02772206
0.34549150 -0.02714710
0.35297984 -0.02656575
0.36050445 -0.02597920
0.36806348 -0.02538859
0.37565506 -0.02479509
0.38327732 -0.02419983
0.39092838 -0.02360393
0.39860635 -0.02300848
0.40630934 -0.02241455
0.41403545 -0.02182317
0.42178277 -0.02123536
0.42954938 -0.02065209
0.43733338 -0.02007429
0.44513284 -0.01950286
0.45294584 -0.01893865
0.46077045 -0.01838247
0.46860474 -0.01783510
0.47644677 -0.01729723
0.48429462 -0.01676954
0.49214634 -0.01625265
0.50000000 -0.01574712
0.50785366 -0.01525345
0.51570538 -0.01477212
0.52355323 -0.01430352
0.53139526 -0.01384800
0.53922955 -0.01340586
0.54705416 -0.01297734
0.55486716 -0.01256262
0.56266662 -0.01216184
0.57045062 -0.01177509
0.57821723 -0.01140239
0.58596455 -0.01104373
0.59369066 -0.01069903
0.60139365 -0.01036819
0.60907162 -0.01005104
0.61672268 -0.00974739
0.62434494 -0.00945699
0.63193652 -0.00917956
0.63949555 -0.00891479
0.64702016 -0.00866232
0.65450850 -0.00842177
0.66195871 -0.00819274
0.66936896 -0.00797479
0.67673742 -0.00776746
0.68406228 -0.00757027
0.69134172 -0.00738273
0.69857395 -0.00720434
0.70575718 -0.00703458
0.71288965 -0.00687291
0.71996958 -0.00671880
0.72699525 -0.00657174
0.73396491 -0.00643116
0.74087684 -0.00629656
0.74772933 -0.00616740
0.75452071 -0.00604316
0.76124928 -0.00592334
0.76791340 -0.00580743
0.77451141 -0.00569497
0.78104169 -0.00558549
0.78750263 -0.00547854
0.79389263 -0.00537369
0.80021011 -0.00527055
0.80645353 -0.00516872
0.81262133 -0.00506786
0.81871199 -0.00496763
0.82472402 -0.00486772
0.83065593 -0.00476786
0.83650626 -0.00466779
0.84227355 -0.00456728
0.84795640 -0.00446614
0.85355339 -0.00436420
0.85906315 -0.00426131
0.86448431 -0.00415736
0.86981555 -0.00405226
0.87505553 -0.00394594
0.88020298 -0.00383838
0.88525662 -0.00372955
0.89021520 -0.00361948
0.89507751 -0.00350820
0.89984233 -0.00339576
0.90450850 -0.00328224
0.90907486 -0.00316775
0.91354029 -0.00305240
0.91790368 -0.00293633
0.92216396 -0.00281969
0.92632008 -0.00270265
0.93037101 -0.00258538
0.93431576 -0.00246807
0.93815334 -0.00235094
0.94188282 -0.00223418
0.94550326 -0.00211803
0.94901379 -0.00200270
0.95241353 -0.00188843
0.95570164 -0.00177546
0.95887731 -0.00166401
0.96193977 -0.00155434
0.96488824 -0.00144668
0.96772202 -0.00134126
0.97044038 -0.00123833
0.97304268 -0.00113813
0.97552826 -0.00104087
0.97789651 -0.00094678
0.98014684 -0.00085608
0.98227871 -0.00076899
0.98429158 -0.00068571
0.98618496 -0.00060644
0.98795838 -0.00053135
0.98961141 -0.00046064
0.99114363 -0.00039446
0.99255466 -0.00033299
0.99384417 -0.00027635
0.99501183 -0.00022469
0.99605735 -0.00017814
0.99698048 -0.00013679
0.99778098 -0.00010076
0.99845867 -0.00007012
0.99901336 -0.00004495
0.99944494 -0.00002532
0.99975328 -0.00001126
0.99993832 -0.00000281
1.00000000 0.00000001
